20 1450.95 545.59 1575.84 818.97 0.6301
1554.29 581.49 0.08 1554.64 572.52 0.03 1552.15 573.23 0.06 1547.22 574.87 0.12 1548.77 577.42 0.21 1543.96 615.25 0.65 1542.05 616.59 0.65 1517.08 686.40 0.53 1513.78 687.13 0.35 1493.17 771.92 0.65 1488.10 773.46 0.47 1545.64 704.76 0.25 1548.67 704.95 0.20 1509.97 730.24 0.22 1517.62 731.07 0.12 1491.84 798.11 0.22 1491.18 797.51 0.13
40 1369.45 401.62 1575.20 975.63 0.5306
1446.69 455.37 0.99 1457.06 444.39 0.99 1433.90 445.73 0.99 1476.16 452.17 0.85 1418.01 457.67 0.82 1515.17 511.61 0.99 1410.00 524.19 1.00 1556.32 592.32 0.49 1391.16 610.18 0.57 1537.22 656.98 0.22 1398.94 665.40 0.23 1494.68 678.76 0.94 1424.60 680.25 0.94 1479.49 797.07 0.86 1410.60 793.26 0.90 1475.88 932.77 0.95 1421.16 929.30 0.97
50 1201.32 248.00 1566.27 1139.99 0.7921
1404.39 360.50 0.34 1402.58 340.59 0.02 1395.99 340.62 0.22 1358.76 334.97 0.02 1356.68 334.42 0.59 1321.44 410.60 0.78 1317.23 419.25 0.97 1398.80 526.56 0.34 1384.45 530.40 0.94 1509.80 546.93 0.58 1514.43 544.14 0.96 1309.62 658.76 0.78 1314.54 666.63 0.95 1337.79 839.10 0.83 1327.24 846.61 0.98 1318.47 1050.39 0.86 1283.46 1080.91 0.97
60 989.27 225.65 1378.78 1153.83 0.8581
1183.61 308.80 0.19 1171.14 290.50 0.01 1178.01 291.69 0.11 1103.29 292.98 0.09 1148.83 296.36 0.76 1055.80 377.05 0.95 1131.29 378.69 1.00 1053.51 503.06 0.19 1142.74 519.20 0.99 1170.06 541.36 0.09 1286.57 542.71 0.98 1061.34 655.33 0.96 1143.00 664.67 0.99 1098.27 858.10 0.97 1222.42 861.40 1.00 1077.34 1073.05 0.98 1183.15 1090.48 0.99
70 910.07 233.14 1241.29 961.72 0.8744
1062.31 343.85 0.32 1057.48 328.36 0.02 1053.60 328.21 0.34 1015.40 325.95 0.03 1017.51 326.46 0.89 987.03 398.99 0.89 1004.84 400.31 1.00 1019.92 549.37 0.50 1008.18 518.70 0.99 1121.48 619.78 0.72 1154.46 582.36 0.99 1001.56 659.60 0.85 1015.15 665.15 0.98 1001.09 829.52 0.32 1020.01 843.08 0.77 1002.41 987.56 0.16 1009.70 1000.11 0.40
80 930.63 239.71 1253.94 951.42 0.7930
1105.58 336.97 0.26 1096.73 321.88 0.01 1100.61 319.42 0.27 1036.37 319.67 0.02 1061.23 314.96 0.90 1011.50 398.95 0.85 1012.30 394.15 1.00 1049.63 530.92 0.10 1028.42 516.52 0.99 1154.61 584.29 0.09 1185.05 573.12 0.99 1021.92 673.22 0.82 1030.72 679.49 0.98 1021.22 839.24 0.31 1033.71 854.54 0.77 1016.14 980.70 0.13 1017.70 999.98 0.30
90 925.47 231.61 1260.87 969.57 0.8648
1103.44 318.80 0.24 1098.42 303.56 0.01 1095.99 302.67 0.25 1052.75 303.84 0.02 1056.17 302.38 0.83 1026.95 387.03 0.83 1016.44 386.27 1.00 1053.60 536.00 0.22 1022.72 515.67 0.99 1147.19 603.46 0.29 1186.82 555.31 0.99 1037.14 671.11 0.87 1028.67 678.15 0.98 1032.93 851.70 0.40 1026.64 863.37 0.81 1024.21 1007.22 0.15 1008.85 1018.37 0.33
100 910.88 226.60 1200.15 984.32 0.6512
1069.10 293.46 0.23 1060.87 282.41 0.03 1055.30 281.37 0.28 1016.06 304.93 0.06 1017.04 307.01 0.88 1013.16 404.01 0.86 997.85 414.21 1.00 1051.19 497.94 0.05 1029.99 508.91 0.99 1121.76 464.13 0.05 1128.30 465.63 0.97 1037.23 680.48 0.89 1020.10 689.03 0.99 1035.04 863.96 0.49 1018.12 874.57 0.86 1034.89 1034.43 0.32 1011.22 1044.20 0.56
110 954.26 10.62 1233.58 1161.75 0.8548
1112.08 227.86 0.37 1100.22 218.50 0.02 1097.94 213.32 0.37 1035.63 236.76 0.02 1062.19 228.29 0.94 1022.81 325.26 0.94 1072.14 297.42 1.00 1106.21 305.01 0.18 1153.94 218.52 0.99 1173.73 206.28 0.14 1196.98 88.06 0.97 1065.16 575.96 0.97 1116.64 579.91 1.00 1049.21 795.01 0.95 1114.19 809.75 0.97 1033.27 1040.21 0.98 1046.55 1057.96 0.97
120 899.76 0.00 1333.23 970.40 0.8623
1036.62 199.05 0.38 1023.78 195.68 0.02 1020.69 186.10 0.50 961.97 225.37 0.03 988.02 210.47 0.97 977.18 332.04 0.92 1022.22 288.47 1.00 1042.86 442.86 0.58 1136.44 197.20 1.00 1128.54 497.36 0.91 1258.19 71.67 0.99 1025.49 595.95 0.95 1063.68 593.90 0.99 1017.01 778.32 0.86 1083.11 787.71 0.96 999.83 986.18 0.73 1051.89 993.09 0.84
130 934.17 106.64 1268.25 1172.78 0.8421
1087.00 247.04 0.86 1082.69 235.83 0.16 1068.52 238.32 0.90 1042.72 260.86 0.03 1023.51 268.87 0.97 1030.12 350.43 0.89 1008.32 358.66 1.00 1062.32 467.06 0.35 1123.87 316.38 0.99 1133.25 523.86 0.78 1195.83 221.62 0.99 1058.82 619.36 0.94 1048.39 633.98 0.99 1055.65 845.09 0.92 1060.57 852.75 0.98 1029.05 1075.48 0.94 1023.02 1088.35 0.96
140 854.35 212.22 1161.60 1178.95 0.8988
1103.73 324.18 0.77 1102.08 304.11 0.06 1097.93 304.05 0.80 1048.20 296.62 0.01 1046.53 294.19 0.95 980.94 359.84 0.85 970.29 365.25 1.00 986.80 510.94 0.22 892.83 468.53 1.00 1076.17 604.94 0.39 1029.95 551.62 0.99 982.35 658.68 0.88 965.84 670.53 0.99 993.74 881.80 0.93 966.77 890.13 0.99 978.17 1105.76 0.95 919.90 1126.80 0.98
150 827.89 140.74 1165.60 1152.93 0.8575
1047.07 260.47 0.25 1034.23 239.61 0.01 1046.71 241.50 0.21 961.22 239.72 0.07 1021.40 243.23 0.93 936.87 321.84 0.93 957.66 325.54 1.00 962.96 463.32 0.08 917.95 469.18 0.99 1058.36 500.94 0.07 1076.19 509.37 0.99 949.94 651.42 0.94 963.12 662.58 0.99 960.93 866.04 0.86 963.47 880.15 0.97 936.58 1094.47 0.86 925.39 1108.17 0.91
160 829.06 140.89 1162.73 999.70 0.8751
1044.57 261.83 0.21 1029.99 240.75 0.01 1044.46 243.99 0.17 953.67 239.27 0.10 1020.88 246.08 0.93 922.41 320.86 0.95 962.41 328.41 1.00 930.48 448.12 0.09 923.00 470.86 0.99 1028.94 495.71 0.06 1077.16 511.06 1.00 939.85 641.52 0.94 972.55 654.54 0.99 951.33 843.10 0.82 971.15 860.58 0.96 947.54 1059.31 0.80 940.14 1082.94 0.88
170 829.31 141.27 1165.84 1024.63 0.8737
1049.05 256.80 0.22 1034.46 235.42 0.01 1049.47 238.68 0.19 955.64 235.11 0.11 1025.48 241.68 0.94 921.16 316.85 0.96 964.64 325.89 1.00 923.89 446.89 0.11 921.00 469.88 0.99 1027.32 489.60 0.06 1081.25 510.99 1.00 938.97 643.29 0.95 973.16 657.07 0.99 949.54 854.90 0.85 972.57 872.07 0.97 937.11 1071.28 0.81 934.04 1092.15 0.89
180 829.76 151.20 1167.59 1172.93 0.8891
1043.71 290.61 0.20 1031.95 266.17 0.01 1046.70 271.06 0.18 959.76 251.35 0.11 1027.59 259.25 0.94 918.86 325.19 0.94 962.05 331.33 1.00 923.97 462.03 0.09 921.04 473.52 0.99 1025.36 510.32 0.07 1076.94 512.00 0.99 939.19 661.70 0.95 969.84 673.92 0.99 950.88 880.85 0.87 965.74 894.15 0.97 927.15 1103.69 0.84 933.46 1113.43 0.90
190 837.62 151.60 1206.79 1167.98 0.8793
1088.17 268.15 0.93 1088.46 247.36 0.15 1076.08 245.72 0.95 1037.01 247.33 0.01 1017.78 242.96 0.98 963.67 331.94 0.88 959.91 337.57 1.00 972.67 493.10 0.09 927.48 478.41 1.00 1072.76 550.57 0.13 1088.64 538.37 1.00 968.58 650.96 0.92 962.00 665.03 0.99 981.79 866.82 0.86 966.09 884.36 0.98 976.10 1072.32 0.90 925.45 1109.23 0.95
200 847.95 137.69 1250.50 1171.65 0.8845
1060.10 261.51 0.26 1044.98 239.80 0.01 1059.01 243.46 0.23 965.52 240.51 0.08 1031.02 249.01 0.94 937.62 327.79 0.94 970.13 340.08 1.00 968.98 490.86 0.26 958.34 484.53 0.99 1068.25 551.63 0.40 1137.37 531.27 0.99 943.23 655.57 0.95 974.97 669.95 0.99 954.21 869.18 0.92 981.00 885.19 0.98 945.04 1083.25 0.93 945.62 1106.93 0.96
210 894.34 159.52 1413.68 1166.51 0.8477
1195.05 282.02 0.74 1189.84 259.16 0.03 1189.94 260.16 0.78 1123.13 252.38 0.01 1149.60 251.65 0.97 1060.26 324.70 0.95 1095.65 309.37 1.00 1166.53 473.91 0.25 1141.94 455.86 0.98 1338.17 483.34 0.24 1319.73 481.05 0.96 1010.23 615.40 0.96 1043.42 617.77 0.99 1016.16 840.77 0.97 1044.58 844.68 0.99 986.67 1077.47 0.97 1011.66 1097.19 0.99
220 895.88 156.26 1301.84 982.39 0.8957
1132.89 267.88 0.17 1119.43 247.17 0.01 1134.13 250.89 0.14 1044.94 241.64 0.15 1116.23 248.57 0.92 1010.14 319.52 0.94 1061.20 322.93 1.00 1040.63 467.53 0.10 1052.62 462.32 0.99 1170.66 499.68 0.09 1212.76 484.50 0.99 991.53 627.38 0.95 1037.30 636.92 0.99 995.29 843.55 0.77 1040.85 854.26 0.95 990.54 1072.89 0.66 1009.55 1085.85 0.79
230 881.80 147.26 1283.08 1154.07 0.8782
1111.11 269.21 0.09 1095.59 247.19 0.01 1112.14 251.36 0.08 1018.70 240.47 0.22 1097.99 248.44 0.91 980.20 324.15 0.94 1052.44 323.88 1.00 1017.51 464.78 0.07 1044.66 482.19 0.99 1160.65 499.66 0.06 1193.03 513.58 0.99 988.32 628.44 0.95 1050.42 637.65 0.99 1004.98 850.73 0.89 1043.26 859.00 0.97 994.98 1092.10 0.93 992.43 1094.90 0.95
240 880.29 182.76 1258.74 1171.43 0.9079
1113.86 301.37 0.46 1107.81 279.75 0.02 1113.75 281.86 0.45 1045.94 266.05 0.04 1085.97 267.50 0.93 990.31 330.57 0.95 1033.30 338.06 1.00 1030.14 424.33 0.24 999.34 472.45 0.99 1103.73 373.19 0.34 1153.67 514.19 0.99 992.55 643.01 0.97 1033.94 652.84 1.00 997.66 867.19 0.96 1037.52 876.97 0.99 968.29 1101.19 0.98 1009.98 1114.81 0.99
250 878.91 176.43 1221.59 1178.99 0.9075
1105.13 296.83 0.35 1096.85 275.24 0.01 1105.36 277.26 0.34 1031.46 262.42 0.04 1079.93 264.21 0.92 981.59 328.56 0.94 1029.85 332.62 1.00 1025.15 430.85 0.21 1005.35 469.44 0.99 1095.75 394.81 0.34 1149.93 506.48 0.99 990.10 645.99 0.96 1029.13 654.68 0.99 1009.09 872.08 0.96 1023.83 879.46 0.99 998.95 1115.03 0.97 980.98 1115.93 0.98
260 876.70 173.68 1217.92 1174.56 0.9065
1100.15 290.74 0.37 1091.45 269.72 0.02 1100.28 272.65 0.34 1026.93 258.82 0.05 1076.12 262.66 0.92 979.56 324.12 0.95 1025.73 332.11 1.00 1019.89 414.04 0.23 1004.46 470.59 0.99 1092.85 381.34 0.33 1150.74 504.02 0.99 985.64 638.18 0.97 1030.17 648.64 0.99 995.61 859.80 0.95 1034.71 872.13 0.99 978.84 1099.49 0.95 999.13 1112.20 0.97
270 880.26 170.45 1225.95 1179.40 0.9010
1097.24 289.42 0.44 1088.73 268.47 0.02 1097.06 270.52 0.41 1024.92 260.82 0.05 1073.56 262.84 0.93 975.89 328.07 0.94 1027.88 333.44 1.00 1009.70 420.60 0.17 1003.14 473.25 0.99 1092.59 400.87 0.20 1150.37 507.26 0.99 985.33 636.64 0.96 1030.71 646.05 0.99 1000.75 863.70 0.96 1033.95 874.37 0.99 982.32 1110.86 0.97 989.92 1118.88 0.98
280 897.08 143.31 1245.69 1169.05 0.8884
1168.21 250.93 0.06 1153.06 229.96 0.01 1170.13 233.75 0.02 1080.12 219.96 0.35 1160.11 227.50 0.70 1020.52 301.83 0.97 1124.21 298.22 0.99 1001.64 418.57 0.09 1119.48 435.67 0.95 1139.10 490.53 0.03 1201.66 512.46 0.95 989.45 595.73 0.98 1067.75 605.12 0.99 1001.63 840.02 0.95 1065.56 845.25 0.97 955.96 1099.84 0.98 1019.32 1105.54 0.98
290 907.79 157.74 1363.34 1161.80 0.5524
1151.44 259.73 0.11 1151.51 238.58 0.15 1173.50 243.32 0.01 1171.18 243.58 0.94 1261.88 246.96 0.29 1139.08 331.38 1.00 1326.11 346.34 0.98 1083.35 489.85 0.97 1353.45 485.22 0.27 1024.32 506.00 0.88 1257.08 526.45 0.05 1154.78 637.26 0.99 1283.50 646.59 0.99 1086.94 855.78 0.98 1239.83 864.12 0.97 1019.46 1102.21 0.99 1219.06 1119.12 0.99
300 562.93 146.56 1247.85 1159.86 0.9172
982.99 246.39 0.06 984.61 224.71 0.07 1003.05 233.80 0.01 989.95 230.70 0.93 1074.14 243.94 0.54 939.03 320.13 1.00 1092.47 351.15 0.98 797.11 385.10 0.99 1080.70 476.19 0.19 651.66 385.71 0.99 994.41 502.71 0.09 956.61 647.09 1.00 1057.52 652.39 0.99 967.88 854.44 0.98 1102.98 858.58 0.98 963.93 1080.66 0.98 1187.39 1084.89 0.99
310 759.28 168.28 1257.37 1161.59 0.9085
992.70 255.81 0.03 988.29 236.81 0.02 1011.14 241.96 0.01 980.63 237.92 0.80 1072.61 244.17 0.60 935.63 316.43 0.99 1116.89 333.03 0.99 858.57 414.35 0.96 1157.30 454.30 0.58 791.79 411.94 0.91 1109.74 498.57 0.15 983.08 588.50 0.99 1109.74 593.78 0.99 981.53 822.69 0.99 1135.58 824.50 0.99 972.83 1078.90 0.99 1172.15 1082.76 0.99
320 1322.80 448.31 1556.86 982.13 0.4269
1450.11 521.68 0.02 1452.32 512.24 0.03 1444.36 511.59 0.02 1462.40 495.91 0.06 1428.81 495.39 0.07 1499.70 512.22 0.67 1385.78 511.79 0.62 1525.88 593.86 0.97 1347.86 586.43 0.97 1516.39 705.47 0.97 1349.69 695.09 0.98 1476.83 670.14 0.99 1395.84 670.03 0.99 1474.67 824.36 0.95 1376.02 825.93 0.96 1471.00 970.84 0.84 1354.54 968.52 0.84
380 1498.35 532.46 1577.73 818.37 0.5293
1587.14 538.73 0.03 1585.80 530.48 0.00 1585.12 530.72 0.02 1569.39 528.17 0.02 1574.54 530.30 0.09 1556.10 567.45 0.34 1561.51 568.22 0.90 1547.47 631.25 0.03 1554.71 631.97 0.85 1559.94 674.07 0.04 1568.37 682.13 0.69 1548.21 683.85 0.56 1557.54 685.56 0.80 1539.16 768.99 0.22 1559.04 770.24 0.45 1530.81 854.90 0.17 1555.19 860.68 0.28
400 1244.05 319.91 1493.00 838.29 0.6531
1356.64 404.56 0.60 1367.03 390.79 0.63 1344.64 391.90 0.60 1391.92 390.87 0.61 1326.58 394.50 0.43 1443.56 472.04 1.00 1294.29 468.67 1.00 1469.73 589.59 0.99 1263.89 577.65 0.90 1472.41 683.51 0.98 1270.84 668.55 0.65 1413.02 690.71 1.00 1313.50 687.62 1.00 1407.02 848.07 0.97 1317.98 846.26 0.97 1415.22 1023.59 0.65 1320.01 1015.01 0.71
410 844.35 191.52 1259.39 1160.70 0.6315
1051.31 289.05 0.97 1066.45 268.23 0.98 1044.77 275.55 0.48 1118.99 267.71 0.95 1055.79 284.74 0.01 1179.81 354.53 0.99 1068.42 399.89 0.99 1211.56 506.78 0.99 999.34 505.67 0.99 1122.33 623.23 0.99 894.50 446.07 0.98 1129.43 647.90 0.99 1067.51 654.77 0.98 1122.26 878.92 0.99 1088.26 874.32 0.95 1172.98 1102.41 0.99 1128.83 1069.59 0.98
420 908.19 332.41 1305.08 1149.27 0.5206
1113.92 285.22 0.02 1128.12 271.31 0.01 1099.41 272.43 0.00 1158.54 275.02 0.06 1076.97 277.54 0.05 1200.92 366.25 0.96 1049.56 380.28 0.98 1288.41 505.27 0.95 998.54 531.02 0.98 1224.10 400.12 0.94 942.64 422.73 0.95 1177.26 625.41 0.98 1090.34 630.09 0.99 1154.61 838.69 0.91 1119.43 845.34 0.87 1164.66 1036.70 0.93 1148.35 1041.35 0.90
430 768.79 137.67 1201.22 1205.03 0.5873
956.41 246.13 0.90 975.91 228.68 0.87 938.95 227.50 0.87 1005.19 236.87 0.58 909.89 232.36 0.64 1043.34 338.15 0.97 870.64 346.73 0.99 1113.00 453.78 0.46 804.35 464.65 0.97 1164.15 477.56 0.49 830.01 516.06 0.98 1033.21 653.71 0.99 906.02 656.44 0.99 1056.02 873.67 0.98 885.16 883.24 0.98 1068.01 1088.12 1.00 827.01 1109.77 0.99
440 806.85 157.84 1216.42 1164.17 0.9263
954.40 277.08 0.99 971.25 253.86 0.99 931.10 261.55 0.99 1003.91 254.29 0.88 905.80 271.28 0.75 1073.13 361.49 0.99 877.68 388.28 0.99 1147.38 455.44 0.98 835.86 536.99 0.99 1179.19 495.28 0.99 907.80 607.60 0.99 1062.47 647.34 0.99 931.32 657.13 0.99 1093.63 856.19 0.99 940.11 868.46 0.99 1110.44 1082.32 0.99 943.34 1079.32 0.99
450 902.13 178.17 1312.47 1158.61 0.8490
1035.36 279.84 0.99 1053.10 258.90 0.99 1014.20 264.96 0.99 1086.08 265.09 0.92 991.78 277.74 0.76 1148.21 368.99 0.99 967.75 393.41 0.99 1206.10 467.66 0.92 928.09 523.56 0.98 1253.02 466.23 0.87 965.76 599.20 0.99 1133.02 650.79 0.99 1010.32 654.04 0.99 1155.70 866.48 0.98 1012.44 864.67 0.96 1131.17 1087.53 0.95 1010.76 1074.73 0.89
470 1497.26 530.15 1574.47 809.39 0.4312
1572.70 524.09 0.02 1574.16 514.12 0.00 1572.47 514.64 0.01 1566.83 511.91 0.05 1568.99 514.30 0.09 1553.07 558.24 0.48 1553.96 559.71 0.92 1518.92 646.94 0.22 1519.20 642.54 0.94 1515.36 718.66 0.22 1517.02 716.16 0.90 1564.68 715.29 0.33 1565.80 718.17 0.63 1561.07 823.34 0.08 1564.43 823.71 0.27 1555.75 919.08 0.05 1556.42 921.44 0.15
570 1381.74 413.32 1576.02 834.38 0.6266
1461.05 481.75 0.99 1471.42 469.34 0.99 1450.30 472.15 0.97 1496.91 469.67 0.95 1440.63 477.55 0.31 1536.43 524.87 0.99 1423.06 532.62 1.00 1564.10 618.44 0.68 1403.88 625.01 0.98 1559.45 710.27 0.58 1400.74 713.72 0.95 1521.24 704.30 0.98 1444.48 705.73 0.99 1521.63 822.28 0.83 1430.22 819.88 0.90 1519.32 953.72 0.58 1417.28 946.95 0.68
580 986.64 230.88 1350.48 1162.97 0.6272
1136.30 276.42 0.91 1156.74 264.39 0.87 1131.03 266.62 0.31 1199.07 287.52 0.91 1133.36 290.92 0.06 1265.50 369.51 0.99 1127.70 420.28 0.99 1313.06 457.78 0.89 1081.92 525.84 0.90 1270.20 482.36 0.82 1032.21 551.62 0.95 1249.78 654.10 0.97 1164.71 666.35 0.95 1253.67 851.21 0.99 1181.77 852.64 0.97 1294.63 1085.16 0.99 1226.06 1079.46 0.99
590 1202.45 211.14 1523.26 1131.12 0.8241
1299.29 352.62 0.41 1310.46 331.69 0.29 1283.01 336.81 0.08 1346.65 306.89 0.58 1273.25 321.31 0.07 1423.95 371.72 0.99 1282.05 399.85 0.97 1488.21 456.77 0.96 1254.17 557.63 0.63 1413.12 447.32 0.97 1241.73 500.46 0.50 1396.81 665.73 0.99 1335.81 672.44 0.98 1366.02 861.19 0.99 1381.77 866.89 0.97 1383.54 1077.15 0.99 1461.38 1056.44 0.98
600 1259.62 217.08 1708.06 1171.16 0.4868
1407.36 323.25 0.32 1411.66 303.60 0.18 1410.97 299.69 0.06 1431.70 295.87 0.37 1456.56 286.36 0.09 1448.30 379.09 0.97 1555.51 361.51 0.98 1595.92 462.23 0.67 1662.25 448.02 0.86 1547.87 396.55 0.20 1553.66 400.80 0.30 1450.68 682.58 0.98 1559.11 673.38 0.98 1402.61 855.30 0.99 1554.03 860.87 0.97 1392.03 1077.81 1.00 1542.35 1090.59 0.99
610 1186.33 252.12 1584.88 1167.89 0.8888
1225.99 349.76 0.95 1236.92 326.31 0.95 1215.59 338.00 0.41 1291.16 315.72 0.94 1229.34 345.81 0.02 1419.70 369.73 1.00 1259.50 444.77 0.98 1512.58 482.94 0.99 1254.99 570.10 0.50 1399.48 509.74 0.99 1257.78 636.26 0.21 1472.09 670.66 1.00 1358.52 691.83 0.99 1509.02 870.00 1.00 1372.26 880.61 0.99 1537.00 1082.32 0.99 1379.90 1076.50 1.00
620 1172.73 252.02 1581.89 1170.21 0.8883
1213.90 350.91 0.94 1226.15 326.85 0.94 1204.00 338.89 0.35 1284.66 316.54 0.93 1220.24 346.98 0.01 1414.49 371.53 1.00 1257.08 443.74 0.98 1511.26 481.84 0.99 1247.17 560.99 0.38 1410.83 519.46 0.99 1237.99 589.88 0.15 1465.20 682.42 1.00 1351.62 701.94 0.99 1502.85 879.66 0.99 1370.23 889.55 0.98 1535.21 1082.36 0.99 1381.34 1074.73 1.00
630 1169.08 247.81 1580.15 1172.05 0.8822
1205.13 348.80 0.98 1217.52 324.41 0.98 1195.43 336.85 0.57 1274.64 315.37 0.96 1210.95 346.61 0.01 1396.11 372.96 1.00 1244.57 454.64 0.98 1510.77 470.02 0.99 1241.19 589.46 0.35 1428.20 519.95 0.99 1223.13 675.53 0.17 1452.32 674.91 1.00 1346.10 698.97 0.99 1493.75 872.42 0.99 1366.16 883.59 0.99 1534.64 1086.44 0.99 1382.63 1075.88 1.00
640 1426.98 340.10 1651.29 1141.18 0.6903
1449.37 391.61 0.09 1449.58 374.96 0.08 1459.68 373.89 0.01 1468.36 365.81 0.54 1503.09 360.24 0.06 1485.29 438.09 0.99 1557.12 424.12 0.63 1487.30 586.40 0.99 1536.77 576.95 0.06 1459.06 684.97 0.97 1473.82 673.57 0.07 1528.41 693.29 0.98 1579.64 686.43 0.74 1543.16 875.95 0.97 1557.07 871.56 0.66 1596.83 1077.39 0.96 1583.59 1048.49 0.79
700 1356.48 379.21 1571.67 978.59 0.7354
1415.61 452.96 0.97 1427.97 440.58 0.99 1407.47 441.54 0.86 1461.21 439.37 0.98 1404.00 442.73 0.09 1507.57 507.81 0.99 1394.74 507.98 0.99 1540.18 606.44 0.99 1381.51 597.70 0.85 1525.61 698.76 0.99 1387.24 667.75 0.78 1477.40 701.06 0.99 1403.18 696.65 0.99 1473.74 833.86 0.97 1398.73 825.18 0.96 1476.42 958.62 0.90 1405.02 939.39 0.90
710 1279.19 226.48 1600.02 1186.77 0.8365
1323.78 340.77 0.65 1331.62 317.87 0.72 1317.23 327.48 0.11 1386.68 302.70 0.83 1344.50 325.66 0.02 1461.97 366.29 0.99 1388.94 393.06 0.84 1537.12 479.02 0.98 1393.14 529.18 0.11 1422.53 521.09 0.99 1353.17 608.67 0.08 1459.47 651.72 0.99 1417.29 657.56 0.93 1459.07 867.54 0.99 1448.48 872.96 0.93 1480.48 1098.60 0.99 1484.81 1079.53 0.97
720 1342.20 237.50 1597.44 1203.29 0.8073
1374.70 359.20 0.32 1379.66 336.16 0.36 1375.80 338.97 0.03 1418.63 318.35 0.77 1416.74 323.72 0.02 1476.59 402.10 0.98 1463.53 405.38 0.91 1567.31 527.98 0.91 1450.36 563.98 0.65 1462.56 552.87 0.92 1510.30 537.55 0.65 1495.20 670.77 0.98 1482.57 669.48 0.94 1487.93 881.07 0.98 1488.97 882.62 0.92 1494.48 1113.16 0.98 1500.87 1087.94 0.93
730 1349.43 238.12 1587.78 1203.64 0.8215
1378.27 359.10 0.33 1382.65 335.87 0.38 1381.40 338.27 0.03 1420.58 320.42 0.78 1425.76 324.41 0.02 1484.08 408.34 0.96 1468.27 412.19 0.94 1554.83 536.84 0.69 1435.78 566.69 0.86 1473.34 547.58 0.55 1520.71 534.79 0.86 1500.90 684.97 0.97 1481.27 683.74 0.95 1491.99 888.86 0.98 1485.65 888.01 0.94 1493.37 1114.96 0.98 1498.17 1091.62 0.95
740 1344.36 238.17 1591.32 1202.88 0.8021
1368.77 350.57 0.44 1374.47 326.74 0.48 1370.51 331.80 0.03 1418.10 311.46 0.84 1412.68 321.81 0.01 1477.95 395.68 0.98 1459.64 404.81 0.88 1573.27 519.85 0.96 1422.64 562.16 0.57 1458.34 556.06 0.98 1380.61 698.99 0.81 1494.63 694.18 0.98 1473.43 693.46 0.92 1485.07 889.46 0.99 1483.72 888.63 0.89 1499.00 1110.00 0.98 1502.29 1087.31 0.93
750 1293.88 229.81 1657.90 1207.40 0.8693
1335.26 345.97 0.88 1343.54 318.49 0.90 1327.89 331.11 0.20 1402.96 302.36 0.93 1369.11 332.43 0.01 1489.09 363.89 0.99 1461.07 393.40 0.89 1612.81 467.17 0.96 1465.22 549.09 0.24 1464.98 513.92 0.97 1408.65 655.40 0.43 1507.52 666.15 0.99 1472.52 667.10 0.94 1487.58 873.71 0.99 1476.22 874.21 0.92 1499.87 1106.10 0.98 1506.39 1087.87 0.92
760 1379.72 301.94 1706.76 1164.87 0.6123
1662.43 463.12 0.54 1672.35 444.28 0.15 1644.49 438.88 0.35 1646.73 433.80 0.08 1587.25 423.07 0.35 1587.22 499.86 0.82 1570.17 497.81 0.83 1605.69 485.62 0.39 1555.59 497.26 0.36 1491.19 496.95 0.69 1489.67 501.73 0.60 1549.72 709.71 0.84 1552.35 707.09 0.83 1536.97 858.27 0.93 1572.24 855.78 0.89 1552.37 1077.41 0.98 1566.67 1066.62 0.98
770 1374.11 207.89 1715.42 1169.61 0.6923
1527.27 274.63 0.10 1536.62 256.84 0.08 1528.68 257.95 0.02 1569.64 251.43 0.41 1560.70 252.44 0.06 1614.04 333.21 0.96 1591.48 337.32 0.78 1632.80 480.73 0.92 1561.14 474.94 0.16 1504.37 516.99 0.98 1489.08 508.78 0.36 1567.71 627.34 0.98 1561.82 625.17 0.94 1544.97 848.03 0.99 1544.65 853.44 0.95 1569.76 1092.74 0.99 1545.29 1073.81 0.99
780 1270.75 235.50 1647.91 1164.55 0.8705
1319.42 343.36 0.94 1330.53 321.34 0.93 1311.56 329.50 0.29 1385.29 311.59 0.89 1339.59 331.01 0.01 1463.25 373.90 0.99 1421.29 390.96 0.83 1569.21 489.56 0.93 1459.31 510.21 0.03 1473.45 516.38 0.98 1415.00 542.07 0.06 1501.21 661.95 0.98 1476.29 664.28 0.91 1476.16 848.73 0.99 1492.01 855.98 0.97 1493.24 1084.22 1.00 1508.14 1085.18 0.99
790 1256.43 210.59 1529.00 1193.30 0.8981
1287.87 300.58 0.88 1302.06 279.28 0.89 1280.01 289.24 0.28 1355.26 278.68 0.91 1296.53 301.02 0.02 1433.77 368.44 1.00 1328.67 402.40 0.93 1488.97 486.88 0.99 1323.36 522.08 0.16 1350.12 520.18 0.98 1284.75 563.01 0.12 1426.69 659.81 0.99 1352.92 665.09 0.97 1446.91 873.70 0.99 1371.55 870.93 0.97 1467.44 1105.90 0.99 1401.07 1076.76 0.99
800 1207.59 173.51 1523.13 1194.77 0.8157
1293.62 262.80 0.42 1309.75 245.36 0.43 1292.84 248.27 0.09 1353.44 259.48 0.84 1316.24 263.87 0.10 1419.53 360.18 0.99 1322.82 380.97 0.95 1460.34 495.90 0.99 1302.41 527.14 0.28 1307.44 528.03 0.99 1225.54 588.99 0.31 1397.65 688.65 1.00 1315.71 688.47 0.98 1433.46 888.51 0.99 1321.27 884.07 0.98 1461.59 1117.43 0.99 1349.55 1085.77 0.99
810 1170.82 189.28 1519.57 1194.36 0.8428
1278.69 283.05 0.99 1295.03 260.09 0.99 1265.41 270.91 0.80 1345.20 260.51 0.96 1272.51 285.48 0.04 1416.11 357.18 1.00 1304.88 393.35 0.96 1459.33 489.90 0.99 1280.77 537.11 0.45 1323.63 522.11 0.99 1198.34 622.38 0.63 1396.44 683.68 0.99 1310.79 687.68 0.97 1433.60 889.49 0.99 1322.73 883.64 0.98 1463.77 1118.38 0.99 1349.81 1087.58 0.99
820 1171.25 190.57 1516.44 1193.85 0.8320
1275.02 282.84 0.98 1291.21 260.93 0.98 1264.68 269.73 0.64 1341.89 261.27 0.95 1276.25 281.32 0.03 1414.19 359.53 1.00 1311.02 388.72 0.96 1458.25 490.37 0.99 1289.39 527.51 0.27 1325.47 522.69 0.99 1211.77 603.88 0.34 1392.97 678.68 0.99 1313.86 680.05 0.97 1430.77 885.30 0.99 1322.80 877.85 0.98 1461.01 1117.23 0.99 1350.22 1084.87 0.99
830 1144.76 189.07 1517.22 1192.56 0.8479
1273.11 279.51 0.98 1290.21 256.68 0.99 1260.88 267.25 0.77 1342.53 257.87 0.95 1269.74 281.39 0.04 1410.78 361.00 1.00 1304.85 391.23 0.96 1459.94 486.79 0.99 1271.69 534.57 0.52 1359.97 516.28 0.99 1184.90 631.35 0.67 1394.61 680.30 0.99 1312.59 683.62 0.97 1436.17 885.51 0.99 1321.88 879.24 0.98 1462.78 1116.22 0.99 1350.00 1085.96 0.99
840 1173.41 199.53 1512.10 1194.29 0.6750
1262.02 284.33 0.99 1279.04 262.38 0.99 1246.62 273.50 0.90 1327.21 266.04 0.93 1245.90 290.92 0.06 1384.27 370.11 1.00 1280.31 399.61 0.96 1438.79 488.75 0.99 1252.20 537.27 0.57 1357.09 515.29 0.98 1174.96 618.37 0.70 1364.63 684.16 0.99 1288.02 687.21 0.97 1402.89 888.70 1.00 1315.81 881.20 0.99 1457.41 1113.15 1.00 1347.71 1084.87 0.99
850 883.05 160.16 1251.24 1159.78 0.9013
1021.70 264.62 0.99 1038.11 241.74 0.99 998.96 250.64 0.99 1070.19 248.25 0.91 975.63 267.49 0.77 1137.62 358.61 0.99 947.20 385.69 0.99 1215.36 469.58 0.92 911.34 528.72 0.99 1197.37 489.22 0.85 975.63 596.19 0.99 1123.51 647.35 0.99 993.54 653.44 0.99 1144.80 863.68 0.99 995.60 867.25 0.97 1147.37 1088.44 0.98 1004.71 1074.81 0.96
860 821.10 177.94 1187.43 1159.98 0.8288
954.43 245.89 0.91 977.54 231.40 0.93 943.01 232.09 0.74 1019.83 258.82 0.88 929.43 257.24 0.31 1080.24 391.28 0.99 892.10 400.53 1.00 1131.39 543.26 0.87 850.62 548.88 0.99 1122.30 694.48 0.53 857.74 684.22 0.99 1058.33 695.13 0.99 933.11 704.27 0.99 1091.73 890.12 0.95 950.98 906.29 0.95 1134.31 1071.45 0.96 983.08 1075.96 0.96
910 1393.97 419.24 1560.74 822.48 0.4758
1431.37 488.29 0.05 1438.02 475.17 0.06 1421.25 476.09 0.04 1457.71 466.12 0.32 1407.76 470.00 0.13 1503.22 519.12 0.99 1402.98 523.97 0.62 1529.24 610.38 0.98 1412.65 617.44 0.03 1519.20 691.59 0.98 1435.73 700.90 0.07 1483.03 696.00 0.89 1416.88 696.03 0.53 1488.34 811.06 0.58 1431.89 811.99 0.12 1496.50 922.55 0.35 1446.65 924.09 0.09
920 1096.93 247.66 1348.35 505.16 0.6950
1189.58 346.84 0.99 1205.64 324.08 0.99 1169.12 333.11 0.99 1236.93 327.50 0.93 1153.46 349.51 0.74 1303.18 408.27 0.99 1146.72 430.62 0.98 1346.01 507.91 0.27 1113.16 507.97 0.51 1268.48 498.22 0.04 1150.49 415.12 0.43 1284.01 603.53 0.22 1182.81 608.11 0.22 1268.33 588.16 0.00 1146.62 587.02 0.01 1241.53 604.85 0.00 1172.30 593.51 0.01
930 892.37 171.62 1303.94 1152.96 0.8659
1003.92 230.12 0.97 1024.93 214.28 0.96 987.90 220.35 0.90 1065.94 235.55 0.87 971.57 246.61 0.42 1132.93 359.76 1.00 952.08 386.69 0.99 1209.43 449.87 0.97 912.88 526.04 0.99 1253.29 469.83 0.94 939.80 601.28 0.99 1122.58 647.72 0.99 992.31 654.87 0.99 1166.23 852.81 0.98 986.38 871.01 0.96 1183.50 1073.88 0.98 976.82 1084.14 0.95
940 914.08 185.43 1314.21 1154.57 0.8852
1054.95 271.35 0.99 1071.32 251.08 0.99 1032.90 260.61 0.99 1104.71 262.42 0.93 1012.76 282.75 0.78 1169.70 374.45 0.99 988.16 395.74 0.99 1232.01 452.71 0.97 939.30 547.81 0.99 1274.88 465.36 0.96 970.17 540.92 0.99 1139.75 641.99 0.99 1015.48 644.61 0.99 1173.93 851.34 0.98 1004.47 862.67 0.98 1174.19 1071.88 0.98 984.07 1078.71 0.97
950 921.51 137.89 1518.06 1186.44 0.8634
1056.64 249.68 0.99 1067.00 221.89 0.98 1028.32 246.15 0.98 1101.09 215.87 0.88 1005.20 270.92 0.74 1192.63 295.72 1.00 1006.77 378.54 0.99 1302.19 340.41 0.99 1029.07 526.24 0.99 1401.76 360.20 0.99 1160.70 557.61 0.99 1204.70 661.36 1.00 1074.10 671.17 0.99 1204.23 906.70 0.99 1024.17 900.33 0.99 1183.38 1110.38 0.98 975.34 1093.61 0.97
960 909.11 146.81 1551.49 1184.60 0.8730
1042.75 265.49 0.98 1051.46 234.73 0.98 1012.61 260.48 0.98 1083.39 221.95 0.88 990.27 281.47 0.71 1181.19 288.88 1.00 1005.43 382.63 0.99 1308.88 349.17 0.99 1029.27 536.48 0.99 1431.08 380.67 0.99 1161.70 562.13 0.99 1212.17 661.39 1.00 1083.08 674.78 0.99 1206.97 900.78 0.99 1033.30 894.91 0.98 1185.98 1110.19 0.98 985.73 1089.12 0.96
970 846.60 163.53 1242.03 1174.28 0.8639
978.52 271.20 0.99 988.82 244.05 0.99 950.12 260.88 0.99 1017.35 243.37 0.71 922.27 282.70 0.87 1084.80 346.13 0.99 916.71 399.21 0.99 1180.36 474.29 0.93 884.93 546.47 0.99 1185.74 619.91 0.84 911.76 671.39 0.99 1117.71 685.44 0.99 993.22 706.54 0.99 1154.46 907.31 0.99 995.48 930.42 0.96 1185.52 1114.60 0.97 984.24 1128.90 0.92
1020 1174.40 222.62 1489.73 1151.79 0.5887
1312.55 316.06 0.96 1328.10 297.75 0.95 1293.00 303.57 0.93 1358.72 303.19 0.83 1271.18 316.50 0.65 1425.01 407.75 0.99 1249.45 418.97 0.99 1470.71 537.51 0.73 1217.39 559.35 0.97 1408.74 618.94 0.36 1200.06 679.37 0.87 1370.03 675.41 0.98 1262.25 673.62 0.97 1370.01 854.16 0.97 1277.03 844.44 0.83 1355.63 1065.41 0.96 1323.54 1029.20 0.82
1030 971.89 91.81 1346.84 1180.61 0.8804
1110.30 225.67 0.98 1119.00 194.11 0.94 1078.31 213.96 0.98 1142.15 188.06 0.63 1039.99 235.49 0.91 1217.15 289.72 0.99 1020.54 376.56 0.99 1306.63 398.63 0.99 1055.57 555.54 0.99 1289.73 442.98 0.99 1138.50 694.99 0.99 1254.01 615.23 0.98 1136.59 643.52 0.98 1244.11 840.40 0.98 1135.86 868.01 0.98 1229.30 1054.30 0.99 1146.05 1096.62 0.99
1040 967.34 89.34 1339.71 1177.96 0.8857
1137.25 211.51 0.99 1137.26 182.42 0.85 1104.85 201.82 0.99 1143.14 180.23 0.06 1052.14 228.26 0.90 1204.52 297.10 0.99 1014.41 376.62 0.99 1286.59 427.76 0.99 1057.00 556.96 0.99 1273.89 469.99 0.98 1164.36 673.50 0.99 1230.28 625.73 0.98 1114.83 654.81 0.98 1238.31 847.13 0.97 1127.74 876.90 0.97 1227.39 1059.27 0.99 1142.73 1099.10 0.99
1050 1044.58 164.76 1576.35 1181.79 0.8189
1232.22 243.71 0.63 1226.33 229.89 0.18 1216.15 228.13 0.54 1176.00 257.91 0.28 1192.88 258.73 0.84 1100.35 378.58 0.98 1280.91 387.71 1.00 1146.50 508.40 0.59 1419.05 492.16 0.99 1248.81 552.26 0.19 1549.87 502.61 0.97 1138.48 673.03 0.99 1260.82 683.14 1.00 1160.95 873.17 0.99 1285.33 877.54 1.00 1143.65 1105.10 0.99 1259.20 1104.63 1.00
1060 1117.74 237.00 1475.88 1151.85 0.3599
1230.95 333.54 0.98 1248.92 314.90 0.99 1211.03 317.46 0.99 1279.84 322.67 0.92 1187.86 328.30 0.79 1332.25 412.19 0.98 1156.79 435.45 0.98 1419.63 485.05 0.58 1132.44 558.78 0.52 1468.09 480.74 0.60 1170.20 607.54 0.23 1314.32 687.32 0.98 1203.81 693.44 0.97 1319.78 869.51 0.99 1207.11 871.41 0.98 1311.98 1063.11 0.99 1221.40 1046.93 0.99
1070 1038.29 205.34 1395.71 1159.03 0.7060
1291.46 339.27 0.89 1304.79 322.08 0.47 1277.26 318.24 0.88 1305.12 315.56 0.05 1226.60 302.91 0.85 1305.56 419.56 0.97 1137.63 394.23 0.99 1345.23 539.08 0.33 1076.74 524.04 0.99 1349.14 584.17 0.09 1149.78 590.73 0.99 1246.97 686.89 0.96 1142.14 684.89 0.98 1269.12 875.42 0.96 1158.50 884.66 0.97 1285.15 1072.95 0.99 1162.37 1084.62 0.99
1080 1040.36 204.51 1394.47 1159.50 0.6685
1307.73 343.38 0.87 1318.55 323.09 0.34 1293.39 322.53 0.86 1309.06 314.94 0.03 1237.80 309.27 0.84 1284.99 396.90 0.97 1145.09 390.34 0.99 1358.85 476.66 0.41 1076.75 519.87 0.99 1391.87 459.48 0.09 1148.97 590.73 0.99 1233.79 678.10 0.94 1142.58 682.76 0.97 1271.71 867.86 0.95 1162.79 882.72 0.97 1285.13 1067.30 0.99 1161.85 1084.65 0.98
1170 1183.47 250.17 1529.98 1123.48 0.6322
1353.74 337.63 0.97 1371.25 319.73 0.97 1333.62 323.61 0.96 1403.14 327.89 0.89 1311.67 336.47 0.73 1464.15 413.17 0.98 1289.13 426.92 0.96 1469.95 517.29 0.40 1271.00 535.96 0.18 1369.41 482.45 0.11 1309.94 530.92 0.08 1416.15 683.23 0.96 1299.40 678.04 0.91 1417.58 841.80 0.96 1271.57 838.67 0.91 1407.59 1046.85 0.99 1258.22 1030.32 0.98
1180 1029.45 332.18 1400.14 1135.59 0.4735
1235.35 436.75 0.97 1250.71 420.56 0.89 1216.70 420.69 0.96 1269.22 425.41 0.33 1180.00 422.81 0.83 1299.04 499.36 0.99 1128.23 474.76 0.98 1343.94 643.78 0.99 1060.12 574.47 0.99 1366.40 780.19 0.99 1095.12 671.70 0.99 1253.64 751.52 0.98 1139.51 746.98 0.98 1287.92 906.03 0.95 1141.21 906.06 0.95 1288.20 1056.93 0.97 1137.49 1058.29 0.98
1190 942.64 279.74 1283.89 675.89 0.3828
1071.24 378.39 0.99 1084.46 357.32 0.99 1050.62 363.23 1.00 1105.52 356.80 0.66 1020.82 371.14 0.90 1163.49 428.45 1.00 1011.41 423.38 0.97 1240.34 533.79 0.98 979.88 450.99 0.83 1213.89 615.23 0.94 971.95 480.64 0.95 1150.25 658.83 0.93 1043.55 654.46 0.85 1155.15 800.67 0.24 1034.12 792.82 0.16 1148.31 904.03 0.07 1047.09 894.27 0.05
1200 675.60 6.29 1324.56 1394.75 0.8346
1148.36 108.42 0.27 1165.43 74.62 0.03 1130.24 69.03 0.08 1148.39 57.11 0.01 1083.23 43.00 0.05 1070.12 132.86 0.41 1011.79 117.91 0.90 1042.82 226.23 0.08 827.65 233.35 0.89 1138.61 270.58 0.27 1000.22 258.52 0.71 947.55 643.27 0.94 984.19 641.80 0.98 898.97 954.11 0.98 1101.67 908.17 0.99 747.18 1217.28 0.99 1134.29 1272.89 0.99
1210 1170.27 6.47 2044.57 1332.14 0.5475
1543.56 66.05 0.01 1535.72 30.90 0.00 1568.86 36.64 0.00 1536.10 1.90 0.03 1660.85 12.22 0.01 1496.09 53.00 0.54 1745.92 69.67 0.71 1489.91 217.90 0.29 1960.04 161.24 0.50 1517.89 292.08 0.05 1992.86 260.30 0.06 1365.10 385.35 0.99 1546.68 402.38 0.99 1329.58 836.24 0.98 1557.90 850.25 0.99 1278.52 1247.13 0.98 1555.00 1260.98 0.98
1220 1213.50 2.42 2045.84 1405.58 0.6291
1611.49 17.38 0.03 1638.96 0.00 0.00 1623.14 0.00 0.00 1703.62 0.00 0.02 1673.24 0.00 0.01 1693.89 48.13 0.69 1679.52 50.40 0.55 1431.25 250.33 0.33 1419.00 250.21 0.13 1458.00 149.98 0.11 1470.73 153.79 0.08 1550.01 470.19 0.95 1617.55 466.63 0.94 1382.58 846.69 0.95 1576.27 835.27 0.94 1288.42 1273.56 0.98 1560.49 1289.10 0.98
1230 1218.35 5.29 2046.62 1411.80 0.7865
1578.07 17.68 0.01 1578.87 0.00 0.00 1610.45 0.00 0.00 1592.34 0.00 0.06 1723.36 0.00 0.01 1519.85 61.31 0.90 1822.20 58.08 0.70 1399.86 282.39 0.52 1963.43 154.24 0.07 1444.34 151.79 0.05 1843.74 254.82 0.01 1451.21 516.53 0.98 1646.03 525.22 0.97 1359.28 867.61 0.99 1602.39 864.26 0.98 1288.63 1285.53 0.99 1586.40 1292.37 0.99
1240 1210.49 7.43 2029.61 1409.38 0.6648
1490.64 26.45 0.02 1496.89 0.00 0.00 1507.92 0.00 0.00 1510.83 0.00 0.02 1568.93 0.00 0.02 1508.96 49.27 0.60 1656.12 39.36 0.27 1399.46 271.43 0.25 1452.21 252.37 0.04 1406.90 277.34 0.07 1436.48 263.23 0.03 1464.15 448.51 0.91 1620.55 445.03 0.87 1367.25 824.03 0.97 1575.37 820.66 0.97 1294.86 1270.73 0.98 1555.64 1287.33 0.98
1250 629.59 8.49 1376.63 1473.93 0.9107
1166.68 84.53 0.01 1134.50 52.81 0.00 1179.61 64.31 0.00 1028.98 10.82 0.28 1186.49 43.93 0.26 901.83 85.21 0.99 1218.65 148.18 0.99 714.03 283.16 0.98 1328.80 314.59 0.98 709.05 553.12 0.97 1242.98 576.69 0.97 893.47 556.92 1.00 1088.02 569.31 1.00 928.35 946.25 1.00 1070.70 895.38 0.98 1013.19 1338.11 0.99 1102.23 1197.56 0.97
1260 849.55 287.48 1267.35 1108.02 0.6904
1229.22 389.35 0.13 1219.67 369.09 0.01 1229.60 373.72 0.07 1162.87 352.64 0.06 1208.05 361.82 0.64 1098.53 396.26 0.81 1153.10 403.54 1.00 1066.20 505.77 0.06 1124.55 493.71 0.99 1088.59 605.06 0.05 1155.27 598.35 0.99 992.17 629.08 0.90 1050.22 638.25 0.99 986.11 813.90 0.81 1135.86 831.40 0.97 903.87 994.53 0.89 1136.85 1048.23 0.94
1270 1389.20 452.18 1556.01 814.12 0.5675
1521.27 497.32 0.11 1522.10 485.79 0.02 1516.67 485.31 0.07 1488.09 483.35 0.08 1492.49 485.16 0.18 1452.60 542.81 0.83 1450.23 539.33 0.95 1420.69 635.16 0.23 1412.91 632.74 0.91 1409.58 712.11 0.26 1418.09 719.72 0.91 1466.85 710.96 0.81 1473.80 715.29 0.90 1467.74 821.53 0.45 1490.06 822.77 0.66 1467.10 935.62 0.26 1481.80 941.29 0.38
1320 1070.15 331.64 1345.17 994.16 0.3865
1122.45 432.56 0.72 1128.74 413.13 0.47 1121.28 416.04 0.04 1168.29 399.95 0.67 1157.85 406.85 0.01 1235.08 452.57 0.99 1221.09 465.20 0.85 1206.81 577.40 0.75 1196.06 586.57 0.02 1134.86 573.45 0.19 1142.23 573.98 0.02 1230.31 707.20 0.98 1251.34 703.02 0.89 1172.14 861.04 0.94 1265.13 860.55 0.83 1110.36 1018.72 0.86 1312.22 1003.83 0.83
1330 636.77 4.24 1162.03 1349.27 0.9075
1058.65 95.21 0.69 1064.55 72.10 0.06 1038.97 67.47 0.47 1027.26 82.17 0.02 962.60 70.17 0.79 985.52 231.23 0.98 831.21 193.53 1.00 1002.69 450.29 0.89 703.85 384.88 0.98 1081.89 599.84 0.96 738.94 576.85 0.98 958.33 650.83 0.99 850.19 649.66 1.00 963.10 943.39 0.99 872.16 950.19 0.99 897.66 1237.28 0.99 738.21 1171.08 0.99
1340 971.28 6.08 1640.61 1453.82 0.8004
1384.73 53.32 0.00 1375.48 20.57 0.00 1408.95 30.14 0.00 1374.04 0.00 0.01 1491.00 0.00 0.02 1322.68 50.38 0.62 1553.61 70.24 0.18 1160.99 230.79 0.85 1318.26 222.23 0.05 1162.71 480.57 0.95 1208.67 431.45 0.11 1312.86 440.45 1.00 1505.82 458.17 0.98 1232.52 868.81 0.99 1468.67 894.53 0.98 1102.38 1287.11 0.99 1398.96 1303.40 0.97
1350 880.07 5.71 1472.01 1427.21 0.8255
1203.09 23.86 0.01 1185.50 0.00 0.00 1203.23 0.00 0.00 1101.20 0.00 0.01 1192.16 0.00 0.04 1036.80 34.24 0.78 1235.31 50.22 0.84 1010.16 226.36 0.23 1371.35 199.09 0.34 1045.07 343.50 0.15 1358.32 286.30 0.15 1077.20 522.46 0.99 1211.66 539.96 0.99 1103.54 926.38 0.99 1202.60 946.88 0.99 1036.98 1315.42 0.98 1112.78 1329.55 0.97
1360 797.84 95.22 1333.89 1336.47 0.8950
1048.53 180.09 0.02 1039.08 155.32 0.01 1072.98 157.50 0.00 1031.97 133.26 0.33 1148.66 134.25 0.21 996.12 192.63 0.99 1231.42 198.83 0.96 892.39 393.69 0.98 1293.79 377.51 0.21 832.64 628.96 0.98 1254.26 496.08 0.04 1078.75 532.55 1.00 1252.49 535.15 0.99 1044.82 880.06 1.00 1231.78 877.52 0.99 1012.53 1235.18 0.99 1254.26 1232.62 0.99
1370 668.46 2.43 1339.16 1442.10 0.9206
861.83 26.18 0.01 849.04 1.40 0.00 892.10 0.00 0.00 849.78 0.00 0.14 991.12 0.00 0.06 827.41 92.93 0.99 1119.03 78.50 0.99 749.40 362.60 0.98 1281.02 260.07 0.85 714.42 617.96 0.98 1202.23 372.57 0.54 915.29 585.15 1.00 1109.31 573.41 1.00 928.19 916.05 0.99 1145.18 889.98 0.99 954.38 1291.52 1.00 1186.79 1232.55 0.99
1380 647.81 5.77 1585.31 1476.48 0.9170
1074.23 10.96 0.00 1051.46 0.00 0.00 1090.64 0.00 0.00 980.81 0.00 0.02 1131.33 0.00 0.02 896.07 3.29 0.56 1203.15 20.54 0.56 735.62 245.96 0.92 1343.54 235.54 0.86 695.57 535.39 0.93 1468.78 294.55 0.81 910.53 517.42 0.99 1127.89 528.55 1.00 881.25 894.16 1.00 1173.57 892.55 1.00 824.58 1360.53 1.00 1191.36 1331.83 1.00
1390 703.53 2.99 1630.50 1403.99 0.9321
1094.71 29.39 0.02 1065.97 10.77 0.00 1095.39 0.51 0.01 956.68 10.09 0.27 1092.92 0.00 0.62 895.38 142.42 0.99 1184.37 139.99 1.00 795.72 385.56 0.98 1353.72 286.22 0.99 732.22 604.80 0.98 1532.14 381.50 0.99 911.79 577.03 1.00 1102.70 579.68 1.00 914.80 913.21 1.00 1109.10 905.67 1.00 933.26 1262.51 0.99 1130.28 1259.38 1.00
1400 764.42 301.19 1201.56 1171.04 0.8162
1116.46 388.13 0.23 1123.76 373.83 0.04 1104.30 368.34 0.17 1105.92 363.21 0.03 1064.18 349.71 0.54 1089.17 406.24 0.90 1026.43 386.98 0.93 1105.85 504.39 0.41 1040.27 486.75 0.53 1152.26 535.58 0.46 1085.63 533.95 0.34 1018.12 626.94 0.94 982.40 621.53 0.96 1012.53 818.89 0.93 973.60 839.22 0.96 1032.70 1022.67 0.99 871.88 1078.47 0.99
1410 924.44 323.46 1325.42 1120.42 0.8727
1277.02 418.22 0.87 1288.27 408.98 0.28 1280.52 397.53 0.85 1263.34 405.44 0.04 1247.73 371.60 0.79 1196.20 445.16 0.87 1133.84 385.16 0.99 1153.68 537.68 0.19 1048.11 467.96 0.99 1192.40 559.77 0.18 1191.36 494.34 1.00 1106.79 637.62 0.94 1053.07 620.87 0.98 1115.99 808.50 0.91 1075.10 804.47 0.96 1091.00 1013.44 0.94 1056.44 1038.00 0.92
1420 900.93 349.48 1274.01 1089.67 0.8364
1255.56 400.09 0.32 1260.03 390.99 0.04 1253.09 384.03 0.20 1228.40 385.73 0.02 1210.44 366.50 0.40 1167.90 425.65 0.79 1117.94 382.67 0.99 1128.78 487.00 0.16 1011.60 468.63 0.99 1173.49 464.58 0.18 1141.53 483.59 0.99 1063.99 613.82 0.92 1020.55 601.48 0.99 1080.32 789.70 0.75 1050.53 789.47 0.93 1081.27 1006.21 0.87 1043.44 1025.27 0.91
1430 974.51 328.10 1245.86 1117.73 0.7675
1222.03 398.91 0.35 1226.20 387.98 0.03 1219.78 382.14 0.29 1201.87 382.82 0.01 1184.74 364.82 0.61 1170.44 431.24 0.74 1108.28 391.03 0.99 1155.64 534.19 0.11 1011.89 467.95 0.99 1183.89 546.68 0.07 1125.60 471.68 0.99 1127.46 643.96 0.83 1072.85 636.21 0.98 1117.05 817.57 0.64 1081.71 819.50 0.89 1094.24 1010.94 0.84 1065.44 1027.30 0.89
1440 977.03 324.53 1240.46 1090.30 0.4763
1215.89 390.18 0.58 1226.07 379.70 0.13 1206.67 374.49 0.55 1215.44 376.88 0.03 1164.82 360.61 0.66 1178.77 423.50 0.73 1102.69 389.54 0.99 1163.87 517.46 0.10 1007.33 468.93 0.99 1177.85 509.92 0.05 1126.16 447.66 0.99 1136.39 619.23 0.65 1078.72 611.46 0.93 1118.67 800.96 0.37 1083.18 800.85 0.72 1098.37 1006.38 0.57 1066.49 1014.24 0.67
1460 1502.41 534.04 1575.50 820.41 0.7519
1563.77 561.68 0.02 1563.22 554.31 0.01 1564.09 554.26 0.01 1553.45 552.04 0.06 1562.98 552.51 0.10 1544.96 583.08 0.80 1553.96 582.28 0.64 1521.74 643.84 0.50 1526.03 642.79 0.29 1524.97 693.88 0.32 1529.53 698.38 0.27 1550.63 690.12 0.72 1558.08 691.32 0.60 1550.55 764.73 0.50 1556.29 767.42 0.38 1548.62 841.46 0.32 1553.25 844.46 0.23
1480 1353.65 345.29 1564.96 827.35 0.5995
1396.24 423.62 0.30 1406.24 406.99 0.28 1382.16 409.37 0.27 1432.55 402.47 0.43 1368.54 410.27 0.19 1489.27 468.43 0.99 1379.31 479.49 0.38 1535.20 581.11 0.99 1398.48 594.67 0.01 1487.35 676.21 0.99 1417.86 683.90 0.05 1484.03 676.23 0.83 1409.59 678.06 0.34 1495.45 791.88 0.46 1438.22 791.42 0.06 1531.06 896.68 0.14 1478.35 900.23 0.02
1490 1097.84 334.50 1462.10 1188.82 0.8975
1163.34 434.39 0.63 1153.00 418.81 0.52 1163.08 412.95 0.04 1162.49 378.73 0.79 1205.59 371.05 0.04 1245.79 413.79 1.00 1296.49 389.01 0.90 1263.26 512.84 0.99 1340.56 495.40 0.12 1231.42 606.39 0.99 1279.50 600.62 0.07 1326.37 652.50 0.99 1365.84 640.04 0.92 1318.86 877.86 0.99 1326.77 862.89 0.95 1354.92 1128.27 0.99 1328.24 1058.15 0.98
1500 1174.27 336.10 1547.18 1191.73 0.8023
1213.83 373.55 0.15 1212.94 354.61 0.10 1219.95 356.27 0.01 1247.70 331.74 0.48 1280.81 335.93 0.05 1308.83 385.55 0.99 1357.73 386.94 0.90 1284.39 501.39 0.97 1307.19 519.84 0.37 1239.06 609.07 0.98 1240.24 615.20 0.42 1362.94 697.30 0.99 1389.12 695.05 0.96 1378.49 896.10 0.99 1319.29 870.43 0.96 1478.71 1102.76 0.99 1338.09 1053.78 0.99
1510 1144.04 250.27 1458.74 1124.69 0.6315
1338.59 330.68 0.89 1350.30 314.03 0.71 1319.17 319.19 0.84 1371.84 323.30 0.44 1291.30 335.29 0.65 1418.44 412.37 0.95 1270.52 421.73 0.98 1400.53 483.75 0.36 1197.34 482.14 0.82 1277.54 485.87 0.22 1176.75 506.07 0.84 1392.91 670.36 0.93 1285.92 668.52 0.96 1384.22 835.56 0.96 1265.87 834.17 0.96 1381.17 1044.57 0.99 1268.36 1038.34 0.99
1520 1068.34 233.85 1456.24 1128.58 0.5393
1325.10 335.49 0.84 1336.18 320.14 0.29 1310.34 317.12 0.88 1333.60 321.78 0.04 1264.65 311.93 0.88 1316.46 412.62 0.88 1198.54 395.38 0.99 1336.07 507.40 0.16 1088.70 471.62 0.98 1343.44 464.47 0.13 1150.60 486.43 0.99 1306.04 668.17 0.86 1219.81 671.40 0.95 1330.58 839.38 0.92 1235.31 853.22 0.96 1343.48 1037.92 0.99 1233.29 1056.62 0.99
1530 1037.43 211.11 1458.08 1128.54 0.3267
1288.27 337.31 0.94 1310.57 328.22 0.76 1278.99 314.24 0.90 1325.64 342.90 0.14 1244.92 307.86 0.49 1312.85 410.96 0.79 1181.36 392.25 0.97 1336.71 484.36 0.10 1072.60 473.81 0.97 1336.56 442.95 0.07 1085.28 491.42 0.98 1297.77 643.62 0.75 1206.00 645.08 0.89 1328.59 821.66 0.88 1234.87 833.28 0.91 1338.76 1028.97 0.99 1229.64 1044.03 0.98
1540 1058.26 232.75 1370.31 517.85 0.5576
1341.49 342.96 0.35 1348.53 324.79 0.12 1327.13 321.35 0.43 1320.28 326.16 0.11 1276.59 321.26 0.70 1291.11 425.96 0.92 1198.93 416.93 0.98 1278.33 501.54 0.10 1093.71 472.86 0.65 1240.24 446.71 0.09 1094.98 463.98 0.63 1262.24 651.52 0.09 1194.82 657.82 0.10 1306.15 638.31 0.00 1249.52 659.92 0.00 1251.07 642.64 0.01 1228.67 660.74 0.00
1840 654.70 61.85 1072.08 1230.21 0.9229
922.31 191.85 0.87 913.77 169.97 0.04 908.36 172.46 0.92 860.05 176.04 0.00 842.67 182.26 0.98 838.55 292.23 0.98 745.14 303.75 0.99 875.49 430.53 0.95 747.42 485.27 0.96 997.56 437.17 0.99 923.27 533.45 0.99 849.34 627.85 0.98 768.40 642.23 0.99 877.80 849.60 0.97 780.74 881.46 0.99 876.85 1056.97 0.98 738.64 1127.72 0.99
1850 363.74 56.03 914.40 1280.21 0.9217
751.67 189.74 0.85 747.51 166.21 0.04 742.92 164.49 0.87 693.27 169.23 0.00 679.62 161.84 0.96 678.90 275.67 0.97 525.39 241.76 1.00 675.68 456.61 0.86 414.87 407.31 0.99 800.18 489.25 0.96 608.78 504.76 0.99 679.15 641.28 0.99 564.07 642.80 1.00 708.86 879.43 0.99 559.60 888.73 0.99 703.37 1130.33 0.99 480.46 1151.33 0.99
1860 208.54 110.01 728.02 1270.78 0.8329
567.17 142.93 0.69 562.46 122.09 0.03 543.56 125.93 0.30 518.02 143.83 0.00 477.66 152.87 0.57 504.91 266.69 0.93 361.22 266.43 0.99 572.41 386.63 0.14 230.63 406.27 0.98 671.02 381.43 0.33 444.50 477.08 0.99 459.51 615.08 0.93 358.84 629.60 0.99 642.57 777.82 0.88 605.90 781.43 1.00 391.77 938.04 0.95 407.95 1135.55 0.99
1870 237.17 99.21 725.02 1271.45 0.8827
572.33 138.70 0.77 567.27 120.15 0.04 549.05 124.33 0.68 523.65 146.64 0.01 489.33 158.34 0.89 499.40 273.96 0.95 435.27 280.95 1.00 541.81 432.67 0.52 295.97 444.15 1.00 658.92 409.46 0.89 461.73 604.37 0.99 463.97 631.07 0.92 404.09 634.81 0.98 622.08 842.86 0.91 594.20 803.38 0.99 385.36 950.79 0.93 407.91 1105.94 0.97
1880 259.14 111.76 751.49 1271.52 0.8917
551.24 133.69 0.86 545.11 112.46 0.03 525.25 117.73 0.58 498.67 137.75 0.00 460.68 152.68 0.76 465.48 280.07 0.95 415.23 296.04 0.99 547.61 435.22 0.54 398.90 484.68 0.99 690.26 430.82 0.82 528.75 645.08 0.99 452.25 626.76 0.90 406.62 643.91 0.98 649.02 812.82 0.91 608.68 818.46 0.99 409.37 992.51 0.90 422.71 1115.76 0.97
1890 259.40 121.77 750.13 1272.83 0.8892
519.07 138.33 0.49 522.92 118.09 0.03 496.38 119.83 0.20 498.84 133.93 0.02 433.13 138.75 0.46 470.31 271.64 0.96 390.04 285.93 0.99 540.87 428.26 0.73 399.27 487.01 0.99 682.59 432.69 0.88 524.83 642.56 0.99 472.01 599.19 0.92 398.51 614.66 0.97 645.69 811.76 0.91 541.62 822.74 0.99 405.51 968.52 0.94 435.04 1131.41 0.97
1900 267.99 105.57 749.48 1276.31 0.8929
566.10 138.61 0.84 559.70 117.59 0.03 541.73 120.54 0.56 507.70 138.64 0.00 473.56 147.38 0.73 475.96 284.33 0.95 403.30 280.65 0.99 550.83 452.90 0.49 409.48 484.66 0.99 692.83 436.79 0.78 536.30 650.38 0.99 457.81 610.79 0.88 402.40 623.19 0.98 630.47 790.28 0.84 603.25 801.13 0.99 383.62 926.49 0.93 421.30 1113.19 0.98
1910 267.93 103.46 758.62 1273.21 0.8945
562.68 138.15 0.85 557.85 118.13 0.03 541.07 120.44 0.61 509.24 139.23 0.00 474.18 145.47 0.72 476.01 284.76 0.96 404.67 292.80 0.99 563.42 443.48 0.60 419.08 497.23 0.99 696.27 430.37 0.90 550.34 651.22 0.99 489.93 621.02 0.92 422.98 633.72 0.98 683.13 804.25 0.93 604.12 811.33 0.99 410.93 925.53 0.95 425.55 1119.95 0.98
1920 260.53 110.41 752.02 1273.63 0.8895
557.66 140.17 0.84 551.23 120.72 0.03 533.59 125.95 0.59 503.53 146.79 0.00 471.49 160.49 0.79 475.92 282.41 0.96 413.84 287.07 0.99 550.32 435.05 0.55 387.77 479.31 0.99 683.02 429.29 0.86 540.32 645.28 0.99 469.70 610.36 0.90 403.20 625.16 0.97 672.60 804.56 0.90 573.90 822.51 0.99 402.94 968.81 0.93 434.25 1139.83 0.96
1930 259.89 107.11 749.20 1274.61 0.8922
564.94 133.53 0.68 559.30 115.96 0.02 544.96 117.24 0.34 505.69 143.43 0.01 483.17 148.04 0.71 476.63 279.82 0.96 406.67 292.77 0.99 553.17 427.15 0.49 403.41 498.01 0.99 681.58 426.48 0.79 545.24 649.72 0.99 482.78 600.23 0.87 414.13 618.19 0.97 671.93 792.60 0.85 586.91 804.59 0.99 409.19 953.45 0.91 428.87 1125.28 0.97
1940 262.42 107.97 751.52 1271.83 0.8860
571.40 158.37 0.91 572.33 142.11 0.10 549.04 138.34 0.74 528.03 165.11 0.01 473.08 157.62 0.80 477.37 286.00 0.96 395.65 288.21 0.99 557.50 430.05 0.65 398.40 496.35 0.99 685.81 430.54 0.88 546.07 649.22 0.99 479.53 601.04 0.85 407.17 617.93 0.96 673.70 790.22 0.82 596.89 804.91 0.99 422.87 971.58 0.86 423.23 1113.50 0.96
1950 387.75 56.72 868.40 1272.80 0.9275
726.17 201.40 0.77 718.08 176.71 0.02 720.87 177.51 0.86 642.01 169.00 0.00 658.71 169.63 0.98 582.86 254.24 0.97 574.28 279.99 0.99 685.88 392.41 0.95 619.74 511.49 0.98 806.25 440.13 0.98 716.29 667.57 0.99 574.44 649.44 0.97 559.93 663.91 0.99 644.05 885.99 0.98 572.93 897.54 0.99 637.52 1153.17 0.98 481.94 1152.89 0.99
1960 327.00 215.69 873.84 1310.63 0.9334
843.65 347.66 0.58 844.23 330.48 0.04 849.84 325.43 0.65 794.17 314.54 0.03 815.64 295.41 0.87 722.18 376.26 0.96 690.91 298.03 0.99 685.16 568.93 0.97 555.00 402.45 0.99 704.29 754.80 0.98 555.48 620.94 0.99 530.10 600.29 0.97 482.00 579.80 0.99 582.75 881.18 0.99 516.18 890.15 0.99 600.72 1161.44 0.99 507.86 1221.83 0.99
1970 411.45 2.04 831.75 1311.00 0.9233
685.20 102.19 0.58 667.83 76.21 0.02 680.25 76.66 0.53 574.79 73.70 0.03 636.62 78.16 0.93 515.05 193.10 0.96 595.64 212.88 1.00 606.40 408.84 0.76 626.42 482.75 0.99 760.33 438.65 0.92 726.85 628.29 0.99 523.09 618.60 0.95 571.78 633.23 0.99 586.74 893.59 0.98 562.06 912.34 0.99 595.49 1166.74 0.98 528.96 1223.04 0.99
1980 522.46 34.76 924.46 1265.24 0.8802
840.59 175.22 0.04 816.18 145.74 0.01 840.58 156.67 0.05 722.60 129.77 0.45 830.80 158.14 0.80 648.76 221.48 0.96 853.35 281.05 0.99 663.31 258.54 0.10 880.19 453.18 0.55 777.24 256.53 0.07 832.56 501.14 0.15 665.44 591.50 0.98 791.90 613.52 0.99 683.00 873.78 0.99 795.46 882.61 0.99 661.15 1178.90 0.98 785.03 1187.78 0.99
1990 574.93 57.93 963.28 1259.20 0.9228
887.55 193.76 0.04 864.93 163.65 0.01 888.51 177.71 0.07 771.87 147.67 0.42 881.84 182.09 0.96 689.65 227.16 0.99 896.03 305.20 0.99 603.00 253.37 0.59 893.52 459.38 0.37 690.94 278.52 0.12 804.46 421.00 0.06 677.21 616.56 0.99 806.34 642.07 0.99 678.70 878.49 0.99 801.76 892.00 0.99 657.76 1174.62 0.99 785.03 1187.46 1.00
2000 555.15 54.30 986.52 1265.29 0.9279
864.49 186.08 0.06 841.06 158.27 0.01 867.60 165.24 0.07 741.87 142.21 0.35 852.12 160.60 0.91 652.99 242.88 0.99 878.36 264.96 1.00 592.75 432.51 0.91 939.29 462.51 0.90 629.90 601.53 0.65 873.65 513.38 0.33 669.47 605.40 0.99 811.55 616.85 1.00 669.60 873.38 0.99 802.09 880.66 0.99 658.85 1169.88 0.99 781.15 1187.81 0.99
2010 568.75 55.70 993.65 1261.91 0.9341
871.37 192.75 0.07 848.21 165.95 0.01 873.25 171.68 0.09 748.31 150.66 0.32 853.56 166.68 0.92 656.99 255.88 1.00 885.78 269.63 1.00 606.93 448.63 0.97 941.15 464.12 0.87 626.89 623.98 0.95 885.67 511.77 0.31 678.36 614.07 1.00 822.65 623.56 1.00 674.56 875.61 0.99 810.60 885.38 0.99 659.25 1167.30 0.99 784.85 1185.60 0.99
2020 585.50 87.22 1006.69 1266.21 0.9272
897.32 216.49 0.04 880.16 187.23 0.01 904.58 196.87 0.03 803.64 162.75 0.49 902.69 183.71 0.76 700.60 258.60 1.00 913.65 279.34 0.99 627.23 437.49 0.98 955.58 439.29 0.74 636.85 624.53 0.97 928.48 498.57 0.29 697.02 611.64 1.00 835.39 625.86 1.00 710.49 866.75 0.99 815.69 884.03 0.99 713.75 1133.86 0.99 783.65 1182.14 0.99
2030 1113.60 301.26 1398.63 1119.77 0.6608
1306.44 380.43 0.30 1315.62 363.58 0.08 1302.02 364.03 0.17 1303.62 361.09 0.28 1286.99 358.24 0.48 1252.56 437.45 0.94 1263.54 435.04 0.97 1166.83 580.04 0.77 1171.79 570.98 0.86 1161.41 691.22 0.72 1165.58 689.79 0.79 1252.86 697.88 0.98 1291.31 699.67 0.97 1221.10 864.25 0.99 1314.85 850.16 0.97 1170.09 1056.03 0.97 1348.44 1028.13 0.94
2040 1382.53 446.48 1554.39 818.50 0.5531
1519.87 480.67 0.25 1523.25 469.65 0.05 1516.09 469.62 0.09 1500.58 473.00 0.15 1504.13 474.59 0.15 1466.19 531.33 0.91 1473.00 531.80 0.87 1455.74 603.96 0.35 1446.74 602.23 0.43 1441.20 612.69 0.35 1458.56 616.44 0.54 1444.70 672.04 0.85 1459.07 675.44 0.82 1423.44 766.98 0.69 1459.34 770.01 0.63 1406.23 840.31 0.23 1453.78 843.10 0.18
2130 1285.78 360.46 1592.09 819.48 0.3481
1393.20 431.25 0.06 1392.11 420.49 0.05 1401.20 419.18 0.01 1389.67 419.16 0.66 1451.92 412.25 0.35 1371.33 491.87 0.99 1507.91 476.61 0.98 1336.81 607.45 0.99 1565.88 586.99 0.82 1309.99 695.03 0.97 1572.85 691.69 0.68 1398.80 697.52 0.99 1494.60 690.41 0.98 1392.36 819.26 0.77 1489.04 820.45 0.73 1407.76 952.83 0.31 1486.61 958.48 0.32
2140 874.04 230.97 1194.78 966.96 0.8332
1008.30 319.74 0.98 1026.54 298.67 0.98 997.11 306.50 0.73 1075.97 300.95 0.94 1000.86 317.84 0.04 1132.24 376.00 0.99 1020.58 399.41 0.94 1110.84 505.04 0.99 985.77 526.35 0.36 970.84 510.59 1.00 948.39 521.48 0.44 1086.42 653.28 0.99 1017.34 650.27 0.93 1045.61 846.41 0.86 991.68 840.63 0.55 1057.86 1027.06 0.45 1009.86 1016.44 0.32
2150 592.44 1.81 1231.73 1465.21 0.7372
883.03 40.79 0.10 903.41 15.76 0.02 851.95 9.60 0.05 913.15 25.66 0.04 778.09 11.54 0.28 953.76 155.43 0.96 688.20 133.29 0.98 1122.21 333.97 0.77 694.16 332.05 0.98 1112.61 176.50 0.60 839.65 85.61 0.95 924.33 624.53 0.99 796.26 627.03 0.99 919.94 945.40 0.98 847.82 951.83 0.96 816.58 1269.56 0.98 749.07 1283.10 0.95
2160 761.21 8.45 1359.68 1475.18 0.9046
999.25 35.50 0.00 992.26 3.17 0.00 1026.25 4.60 0.00 988.06 0.00 0.01 1097.97 0.00 0.01 953.11 48.07 0.24 1162.77 35.22 0.13 810.95 317.36 0.87 885.03 311.27 0.55 943.79 547.93 0.83 940.13 549.18 0.52 1034.49 552.45 0.99 1207.99 556.14 0.98 1034.77 926.66 0.99 1242.63 926.47 0.99 1006.10 1346.00 0.99 1206.71 1337.34 0.99
2170 878.04 3.48 1564.27 1474.50 0.8799
1173.50 15.92 0.00 1157.30 0.00 0.00 1190.32 0.00 0.00 1115.30 0.00 0.00 1248.54 0.00 0.00 1046.74 22.84 0.10 1386.41 0.00 0.02 959.46 254.64 0.81 1495.39 43.49 0.15 1003.90 548.68 0.96 1438.35 155.84 0.45 1177.56 478.54 0.99 1396.18 474.81 0.99 1144.47 930.03 0.99 1344.16 932.69 0.96 1078.93 1355.30 0.95 1239.93 1361.75 0.91
2180 872.32 2.37 1552.66 1496.00 0.8838
1168.66 22.75 0.00 1196.86 0.00 0.00 1136.53 0.27 0.00 1257.32 0.00 0.00 1084.00 0.00 0.00 1375.81 0.00 0.01 1024.06 28.22 0.03 1507.95 1.31 0.14 943.47 234.06 0.92 1464.92 127.35 0.72 985.67 559.57 0.98 1370.67 447.63 0.98 1163.17 459.20 0.99 1321.28 945.89 0.99 1123.08 939.18 0.99 1228.55 1385.80 0.97 1044.65 1358.60 0.93
2190 882.72 4.68 1558.02 1483.50 0.8480
1191.90 29.15 0.00 1209.94 0.00 0.00 1172.96 3.88 0.00 1228.54 0.00 0.00 1123.14 0.00 0.00 1271.85 0.00 0.02 1067.45 12.83 0.07 1226.77 126.79 0.25 957.41 245.09 0.92 1229.15 354.03 0.53 994.64 566.75 0.98 1343.55 469.57 0.98 1200.97 485.72 0.99 1301.22 958.59 0.98 1150.71 957.47 0.98 1212.75 1371.91 0.94 1052.18 1363.33 0.91
2200 893.23 3.30 1587.82 1486.14 0.8609
1209.32 25.70 0.00 1229.47 0.00 0.00 1185.31 1.65 0.00 1265.84 0.00 0.01 1127.03 0.00 0.00 1362.87 0.00 0.07 1046.94 36.68 0.32 1512.76 23.48 0.21 969.06 282.87 0.97 1461.91 134.71 0.52 996.74 575.77 0.99 1375.28 527.75 0.98 1177.18 532.99 0.99 1312.74 1010.26 0.99 1121.20 983.57 0.99 1240.44 1380.56 0.90 1054.89 1350.66 0.89
2210 993.23 6.79 1514.37 1358.38 0.6545
1212.54 31.06 0.01 1217.97 1.49 0.00 1205.90 0.00 0.00 1214.36 0.00 0.01 1211.77 0.00 0.02 1213.05 62.26 0.33 1289.72 55.47 0.52 1266.11 168.61 0.17 1441.56 42.82 0.32 1334.79 239.80 0.19 1608.68 78.25 0.09 1199.09 511.09 0.98 1297.76 522.83 0.99 1210.66 868.86 1.00 1334.32 879.90 1.00 1139.82 1250.51 0.99 1286.70 1238.30 0.99
2220 1137.93 4.65 1850.88 1461.51 0.8452
1518.69 46.09 0.00 1528.28 17.60 0.00 1512.99 25.36 0.00 1551.13 2.01 0.00 1543.83 17.26 0.00 1563.82 37.05 0.05 1618.38 51.79 0.01 1415.46 71.17 0.12 1452.50 103.87 0.02 1397.02 213.97 0.32 1394.76 227.52 0.21 1497.18 395.91 0.97 1561.58 403.08 0.97 1446.08 908.60 0.97 1461.17 928.06 0.97 1411.28 1345.17 0.95 1301.66 1408.09 0.95
2230 1085.10 6.72 1746.83 1468.48 0.8602
1421.47 34.48 0.00 1420.91 0.39 0.00 1420.40 4.08 0.00 1399.56 0.00 0.00 1430.33 0.00 0.01 1350.42 36.64 0.11 1499.31 25.76 0.05 1187.38 261.30 0.34 1314.73 233.72 0.10 1304.18 340.16 0.15 1338.89 314.14 0.07 1422.31 435.33 0.96 1562.60 441.02 0.96 1408.49 896.78 0.96 1550.31 894.45 0.97 1334.18 1337.13 0.93 1426.99 1336.68 0.95
2240 1091.96 4.69 1715.31 1496.00 0.8889
1293.97 7.85 0.00 1279.73 0.00 0.00 1318.96 0.00 0.00 1255.23 0.00 0.00 1391.01 0.00 0.00 1196.65 18.07 0.09 1535.12 0.00 0.03 1166.88 271.44 0.94 1630.45 123.04 0.12 1209.05 567.80 0.98 1502.60 265.20 0.07 1351.13 479.30 1.00 1565.79 464.57 0.99 1358.60 975.06 0.99 1540.92 920.33 0.98 1263.45 1439.16 0.93 1539.75 1317.86 0.96
2250 1092.48 6.78 1706.46 1483.54 0.9018
1314.10 26.13 0.00 1309.96 0.00 0.00 1328.77 0.00 0.00 1299.68 0.00 0.00 1371.18 0.00 0.00 1257.92 16.56 0.03 1446.30 0.00 0.02 1172.57 245.45 0.80 1256.33 217.76 0.38 1227.22 572.46 0.93 1242.41 542.38 0.45 1393.12 462.88 0.99 1546.77 460.87 0.99 1378.08 962.62 0.99 1538.92 922.06 0.97 1247.14 1424.18 0.98 1527.90 1318.27 0.98
2260 1093.70 6.79 1703.22 1480.36 0.8850
1322.49 24.69 0.00 1316.39 0.00 0.00 1339.82 0.00 0.00 1304.60 0.00 0.00 1394.33 0.00 0.00 1248.17 27.13 0.02 1495.45 5.01 0.01 1171.31 256.28 0.82 1329.92 207.83 0.17 1226.52 571.14 0.93 1273.95 498.87 0.18 1367.13 478.51 0.99 1555.26 471.87 0.99 1363.55 976.35 0.99 1556.31 930.70 0.97 1248.83 1440.57 0.92 1532.86 1325.38 0.92
2270 1085.29 3.78 1708.59 1487.95 0.8745
1315.21 11.89 0.00 1308.66 0.00 0.00 1336.62 0.00 0.00 1303.59 0.00 0.00 1406.65 0.00 0.00 1250.50 24.07 0.04 1535.66 0.00 0.02 1180.62 254.73 0.84 1509.66 157.12 0.08 1224.30 566.86 0.95 1404.05 370.38 0.04 1373.88 457.32 0.99 1569.06 444.87 0.99 1375.84 956.37 0.99 1550.11 908.08 0.97 1255.95 1424.56 0.95 1537.90 1309.16 0.96
2280 1087.88 4.96 1718.62 1496.00 0.8509
1299.28 16.87 0.00 1290.67 0.00 0.00 1322.14 0.00 0.00 1286.33 0.00 0.00 1400.97 0.00 0.00 1243.35 28.48 0.06 1548.98 0.00 0.02 1189.83 263.60 0.88 1624.07 144.44 0.07 1231.33 563.65 0.95 1498.27 280.12 0.04 1376.61 440.87 0.99 1582.40 428.32 0.99 1364.73 962.53 0.97 1540.66 910.15 0.97 1264.71 1413.29 0.87 1536.41 1325.11 0.95
2290 1090.50 4.68 1711.08 1462.31 0.8768
1334.35 13.29 0.00 1322.50 0.00 0.00 1358.47 0.00 0.00 1305.96 0.00 0.00 1439.66 0.00 0.00 1248.01 16.79 0.03 1583.38 0.00 0.01 1188.82 255.92 0.84 1638.95 148.33 0.15 1236.31 564.53 0.95 1494.39 302.36 0.06 1366.95 443.74 0.99 1584.74 437.74 0.99 1380.83 930.56 0.98 1552.31 916.87 0.97 1326.78 1352.03 0.90 1468.16 1360.20 0.91
2300 1087.61 6.09 1667.98 1471.69 0.8612
1344.70 22.85 0.00 1340.99 0.00 0.00 1357.47 0.00 0.00 1335.94 0.00 0.00 1408.65 0.00 0.00 1299.31 12.55 0.04 1488.85 15.23 0.01 1165.54 123.11 0.57 1258.24 114.30 0.08 1188.79 382.68 0.79 1190.60 386.72 0.22 1351.73 441.93 0.99 1518.49 441.39 0.98 1369.07 953.55 0.99 1528.48 919.07 0.97 1278.60 1399.26 0.96 1527.65 1315.75 0.96
2310 382.98 7.11 1098.63 1486.75 0.9116
826.31 6.48 0.00 804.01 0.00 0.00 848.15 0.00 0.00 751.44 0.00 0.01 902.85 0.00 0.01 661.75 20.84 0.65 977.49 25.04 0.64 437.85 250.54 0.95 1043.84 354.65 0.86 548.84 434.28 0.95 1025.76 358.57 0.52 694.37 555.80 1.00 913.85 541.17 1.00 710.07 1011.23 1.00 949.89 921.30 0.99 749.58 1447.73 0.98 944.87 1266.69 0.99
2320 729.20 223.43 1252.55 1194.05 0.9023
1032.14 336.73 0.06 1015.54 311.15 0.01 1034.98 316.60 0.03 934.94 279.79 0.14 1013.53 292.35 0.57 835.01 335.02 0.98 1010.64 354.97 0.99 764.21 482.69 0.57 1092.22 518.67 0.98 833.18 545.59 0.10 1188.90 551.17 0.98 845.42 634.17 0.99 973.44 643.10 0.99 862.59 863.93 0.99 1013.98 838.75 0.97 865.24 1118.68 0.97 1040.17 1056.14 0.93
2340 1474.89 329.53 1748.46 615.63 0.5161
1700.03 400.06 0.99 1715.61 396.71 0.98 1691.30 382.61 0.99 1716.40 420.05 0.34 1657.99 386.49 0.91 1703.08 489.41 0.98 1597.87 451.56 0.99 1725.86 568.79 0.21 1515.95 439.03 0.84 1727.02 599.81 0.05 1501.95 384.10 0.85 1671.57 658.10 0.62 1600.51 650.25 0.74 1702.47 730.35 0.01 1633.19 728.58 0.02 1688.36 771.49 0.01 1631.63 762.13 0.01
2360 1569.45 203.18 2044.62 1172.13 0.5092
1923.98 310.59 0.18 1935.28 290.25 0.05 1909.64 286.70 0.14 1927.69 273.60 0.09 1857.84 265.34 0.39 1921.32 340.64 0.77 1780.41 326.33 0.96 1929.67 499.92 0.17 1695.57 468.49 0.84 1900.73 602.29 0.09 1777.52 572.41 0.53 1823.59 683.79 0.91 1797.50 681.61 0.95 1697.80 856.93 0.93 1797.70 877.69 0.93 1667.90 1087.91 0.96 1829.68 1112.46 0.94
2370 1569.17 191.89 2048.00 1165.67 0.6765
1895.38 290.72 0.15 1906.66 267.72 0.05 1893.03 265.50 0.09 1891.20 256.84 0.26 1872.20 248.59 0.44 1850.11 327.19 0.91 1840.41 324.25 0.96 2003.31 469.22 0.35 1919.63 485.13 0.53 1970.56 601.55 0.60 1921.91 613.26 0.57 1766.71 692.29 0.97 1821.72 694.93 0.97 1667.19 861.89 0.96 1819.39 890.67 0.92 1652.00 1091.75 0.94 1840.35 1112.64 0.88
2380 1566.62 149.85 2048.00 1156.58 0.6187
1944.36 249.70 0.05 1918.29 225.57 0.02 1946.35 226.43 0.04 1824.05 211.03 0.37 1939.80 219.54 0.61 1723.56 314.44 0.99 1992.49 319.26 0.98 1675.90 494.85 0.75 2026.14 525.45 0.72 1768.89 551.52 0.09 1941.09 448.66 0.10 1724.45 685.47 0.99 1895.06 695.26 0.97 1662.03 892.72 0.94 1851.48 916.50 0.76 1655.96 1118.92 0.94 1866.73 1137.48 0.78
2390 1567.47 155.66 2046.55 1165.14 0.6773
1927.69 264.99 0.35 1933.68 243.86 0.09 1923.93 236.93 0.29 1889.76 237.71 0.16 1880.19 220.19 0.59 1824.99 325.14 0.94 1791.43 310.03 0.97 1900.56 488.32 0.52 1723.21 477.93 0.74 1942.71 492.94 0.21 1793.34 579.24 0.44 1775.83 679.04 0.96 1815.76 686.09 0.96 1671.14 853.74 0.96 1812.18 879.59 0.93 1652.87 1078.59 0.96 1846.09 1101.05 0.90
2400 1567.16 190.45 2040.38 1172.94 0.6364
1917.37 301.30 0.25 1924.66 282.10 0.02 1905.33 275.35 0.15 1895.24 274.92 0.02 1851.36 257.48 0.56 1859.87 359.57 0.92 1750.87 322.82 0.98 1963.72 450.27 0.32 1710.35 483.29 0.85 2000.22 381.42 0.20 1844.84 489.94 0.44 1796.08 694.19 0.95 1783.17 692.09 0.96 1690.18 868.30 0.96 1796.54 885.07 0.94 1656.86 1088.50 0.98 1823.26 1112.58 0.95
2410 1571.41 197.16 2039.86 1177.83 0.6723
1915.75 310.76 0.19 1921.55 292.15 0.01 1907.01 285.82 0.09 1890.62 281.18 0.02 1855.47 264.17 0.42 1857.09 357.74 0.91 1752.54 319.85 0.98 1948.01 476.38 0.35 1699.51 478.90 0.90 2015.15 408.49 0.23 1834.29 469.89 0.55 1791.85 688.55 0.95 1781.72 686.03 0.97 1689.54 866.75 0.97 1797.92 881.50 0.95 1659.70 1092.00 0.99 1824.46 1114.83 0.97
2420 1654.13 188.37 2046.90 1158.86 0.4331
1965.73 308.32 0.02 1968.64 290.18 0.01 1967.03 294.67 0.01 1988.66 262.05 0.04 1985.70 270.42 0.01 2004.15 284.72 0.06 2003.55 286.75 0.31 1878.49 338.14 0.32 1870.29 341.69 0.87 1723.57 396.90 0.43 1720.55 396.18 0.87 2043.89 609.98 0.05 2040.61 610.91 0.16 1984.28 863.32 0.31 1974.81 856.42 0.35 1963.19 1105.23 0.29 1920.28 1080.42 0.34
2440 1361.76 381.26 1483.72 826.44 0.6156
1497.54 427.68 0.13 1501.83 416.24 0.04 1488.89 415.17 0.16 1497.06 424.66 0.03 1463.07 423.25 0.40 1497.35 500.53 0.36 1422.47 495.21 0.98 1500.07 589.87 0.03 1383.94 586.55 0.96 1493.34 573.32 0.07 1449.38 563.79 0.93 1475.91 665.99 0.64 1421.05 666.32 0.93 1464.71 784.84 0.10 1419.04 785.10 0.43 1455.21 877.74 0.02 1408.99 872.78 0.06
2450 1350.05 398.39 1483.00 976.09 0.5183
1485.68 449.31 0.04 1483.23 437.41 0.01 1485.61 438.73 0.04 1450.45 437.06 0.09 1476.32 441.64 0.43 1427.73 495.13 0.74 1446.25 498.30 0.92 1409.48 580.31 0.11 1431.46 580.90 0.65 1440.05 584.07 0.07 1469.32 580.02 0.40 1420.28 657.41 0.66 1436.98 661.47 0.78 1411.05 791.96 0.66 1438.20 793.97 0.65 1413.73 931.98 0.74 1430.73 932.28 0.70
2460 1353.25 388.87 1481.14 824.08 0.4174
1482.41 438.91 0.04 1478.09 427.37 0.01 1481.44 428.55 0.04 1444.16 429.43 0.05 1470.55 433.98 0.31 1423.10 488.83 0.85 1448.98 490.95 0.87 1396.17 568.24 0.25 1419.45 569.24 0.54 1435.77 573.05 0.07 1461.87 577.50 0.24 1420.14 642.86 0.83 1443.22 647.43 0.86 1407.77 768.46 0.63 1447.04 771.97 0.64 1404.59 897.98 0.42 1442.02 901.94 0.40
2470 1351.22 399.45 1482.50 976.73 0.4686
1493.49 437.65 0.05 1493.02 425.76 0.01 1492.17 426.48 0.04 1465.10 427.18 0.05 1477.51 430.10 0.26 1444.37 487.70 0.66 1439.65 488.35 0.90 1427.39 578.96 0.11 1410.86 576.39 0.76 1450.60 583.15 0.08 1460.71 578.64 0.60 1434.15 654.46 0.70 1433.81 657.93 0.83 1424.64 793.51 0.67 1434.79 795.76 0.68 1420.66 938.03 0.69 1425.94 936.88 0.65
2480 1349.97 393.56 1482.41 976.26 0.4067
1491.92 442.33 0.04 1490.08 430.40 0.01 1490.55 431.31 0.04 1456.79 431.62 0.05 1474.78 435.28 0.37 1435.69 494.00 0.76 1436.52 494.78 0.92 1420.97 582.79 0.12 1408.97 580.48 0.75 1453.32 578.37 0.07 1462.55 574.27 0.58 1429.01 672.24 0.74 1432.98 676.06 0.83 1420.63 802.28 0.62 1433.98 805.34 0.58 1420.05 937.97 0.67 1426.16 937.66 0.56
2490 1373.51 380.38 1480.55 828.67 0.6017
1483.43 419.84 0.04 1482.15 409.22 0.01 1482.00 410.39 0.03 1462.70 413.51 0.04 1474.51 417.21 0.19 1448.35 471.47 0.64 1451.80 472.04 0.78 1414.80 563.68 0.15 1410.30 561.49 0.58 1437.52 581.19 0.05 1456.03 577.90 0.30 1444.27 628.81 0.66 1449.19 632.28 0.76 1422.65 750.94 0.54 1441.48 753.16 0.55 1418.25 872.37 0.31 1435.93 875.88 0.28
2500 1382.98 383.84 1481.06 828.04 0.5269
1484.35 423.33 0.05 1483.70 412.86 0.01 1482.86 413.86 0.04 1463.76 416.66 0.04 1474.68 420.09 0.23 1446.92 473.52 0.64 1451.43 474.20 0.87 1415.85 563.83 0.13 1413.30 561.53 0.62 1432.51 589.36 0.04 1460.19 587.21 0.27 1446.82 629.60 0.59 1450.32 633.34 0.78 1438.51 755.30 0.37 1445.23 756.57 0.55 1434.43 882.84 0.24 1437.98 883.81 0.35
2510 1387.64 385.69 1480.13 828.24 0.6340
1484.49 424.35 0.04 1483.33 414.97 0.01 1482.63 415.53 0.04 1462.44 419.37 0.04 1472.30 422.51 0.28 1447.90 476.34 0.62 1449.27 477.11 0.92 1422.05 566.50 0.09 1414.22 561.90 0.74 1439.22 594.82 0.03 1459.66 593.98 0.35 1449.31 625.15 0.55 1451.14 628.11 0.76 1440.00 740.69 0.25 1444.89 742.32 0.43 1436.97 855.72 0.17 1438.83 858.14 0.27
2520 1389.85 363.30 1486.19 829.33 0.3493
1498.82 407.64 0.16 1500.22 397.35 0.04 1492.10 397.99 0.23 1487.25 407.32 0.05 1473.80 410.36 0.47 1472.69 477.58 0.58 1450.42 477.14 0.97 1453.99 570.85 0.07 1413.07 569.19 0.90 1477.49 573.23 0.03 1474.07 587.55 0.51 1470.41 641.76 0.52 1454.52 645.03 0.82 1458.06 770.26 0.18 1446.37 770.90 0.48 1454.18 898.24 0.15 1436.01 901.16 0.33
2530 1387.81 381.91 1480.84 829.74 0.4966
1480.09 425.24 0.05 1478.61 414.22 0.01 1478.02 415.31 0.05 1457.20 418.88 0.04 1468.45 422.53 0.28 1442.18 479.68 0.67 1448.47 480.90 0.85 1413.65 569.97 0.17 1419.71 570.17 0.57 1440.75 583.36 0.04 1465.77 583.03 0.15 1448.70 639.44 0.56 1453.85 643.42 0.74 1438.27 768.67 0.36 1448.12 770.22 0.50 1433.39 903.11 0.28 1439.39 903.28 0.38
2540 1385.36 389.40 1481.70 828.78 0.4793
1489.89 424.81 0.05 1489.42 413.93 0.01 1487.37 414.96 0.05 1470.69 418.42 0.03 1475.69 421.81 0.22 1454.55 478.23 0.62 1449.64 478.09 0.87 1422.88 571.14 0.15 1412.97 569.27 0.73 1447.29 592.51 0.04 1463.49 590.21 0.30 1457.11 636.78 0.56 1453.26 640.67 0.78 1444.31 769.89 0.40 1445.88 771.41 0.59 1438.85 908.76 0.30 1436.19 909.80 0.43
2560 1363.08 408.69 1479.72 829.70 0.5375
1476.57 437.79 0.05 1478.42 426.84 0.01 1479.09 427.76 0.02 1468.65 427.82 0.09 1482.31 429.86 0.14 1454.14 482.32 0.73 1458.07 480.58 0.82 1392.39 577.56 0.35 1387.59 568.84 0.80 1391.41 656.04 0.49 1391.79 660.02 0.91 1456.58 666.36 0.82 1459.01 667.96 0.83 1418.24 794.86 0.78 1444.78 797.90 0.64 1413.22 915.14 0.39 1437.08 917.90 0.21
2570 1382.33 400.10 1477.29 828.71 0.5518
1481.16 453.85 0.09 1482.96 442.66 0.03 1476.75 443.24 0.10 1475.72 443.10 0.04 1463.96 445.70 0.24 1471.46 496.27 0.16 1440.24 496.53 0.94 1458.98 582.45 0.01 1412.45 580.43 0.94 1465.21 651.42 0.05 1440.43 657.96 0.90 1471.26 635.32 0.30 1447.91 638.19 0.82 1462.80 766.04 0.15 1440.90 767.03 0.70 1453.14 897.18 0.13 1431.03 902.56 0.51
