50 782.47 2.34 1293.72 1273.26 0.8615
1107.46 109.51 0.78 1116.95 91.70 0.49 1082.11 87.75 0.80 1105.96 106.56 0.09 1011.21 98.51 0.83 1108.97 264.20 0.98 905.64 243.86 1.00 1174.08 431.12 0.57 818.50 451.61 0.99 1186.91 530.91 0.13 878.09 421.00 0.84 1104.20 629.65 0.99 957.22 639.15 1.00 1149.12 871.47 0.98 961.35 885.56 0.99 1163.66 1135.18 0.99 975.28 1148.87 1.00
60 808.71 141.07 1141.67 1203.86 0.8811
1036.50 243.33 0.81 1050.70 228.32 0.65 1017.94 225.75 0.85 1058.28 239.65 0.33 973.71 231.79 0.88 1077.29 360.39 0.99 905.27 347.32 1.00 1121.66 497.31 0.76 840.65 483.51 0.95 1114.72 565.70 0.23 837.22 510.37 0.87 1053.33 685.50 0.99 933.88 683.98 0.99 1045.28 879.57 0.99 919.30 884.48 0.99 1008.68 1074.20 0.99 879.25 1094.02 0.99
70 872.15 200.43 1238.53 1129.97 0.8398
1024.15 271.58 0.87 1046.51 258.70 0.91 1015.65 256.48 0.59 1092.00 275.80 0.89 1006.18 267.15 0.17 1149.27 384.83 0.99 968.52 387.78 0.99 1211.91 517.85 0.89 913.24 520.03 0.94 1192.91 580.06 0.40 916.49 560.04 0.60 1118.74 689.93 0.99 995.02 685.58 0.99 1117.83 852.98 0.98 967.16 847.27 0.98 1092.28 1046.20 0.99 943.10 1043.52 0.99
80 854.29 184.81 1228.06 1131.59 0.7367
1064.71 273.61 0.92 1081.05 260.20 0.90 1047.32 258.34 0.94 1097.40 274.99 0.74 1016.42 269.01 0.92 1142.55 383.82 0.99 961.84 383.71 0.99 1196.71 515.40 0.91 909.03 501.15 0.95 1164.83 592.17 0.41 889.79 537.15 0.82 1115.18 681.09 0.98 990.66 678.40 0.98 1120.49 843.03 0.97 967.77 839.47 0.97 1094.24 1041.48 0.99 943.21 1045.47 0.99
90 862.40 175.39 1203.40 1131.81 0.7575
1057.27 262.86 0.74 1065.27 246.13 0.50 1035.57 251.42 0.80 1072.73 255.15 0.31 995.77 267.02 0.88 1118.61 376.21 0.99 941.78 379.93 0.99 1177.15 510.52 0.85 894.26 513.16 0.89 1149.52 572.87 0.26 904.22 534.07 0.57 1098.74 680.36 0.99 977.07 680.27 0.99 1113.09 851.05 0.98 958.11 849.04 0.98 1093.50 1041.77 0.99 944.01 1047.62 0.99
100 684.70 207.64 1257.41 1125.64 0.9219
987.05 290.39 0.82 1000.98 271.13 0.84 979.47 277.33 0.30 1053.45 270.08 0.81 984.11 283.34 0.05 1138.21 367.55 0.99 971.12 397.23 1.00 1234.72 481.77 0.90 890.88 518.20 0.99 1195.68 492.10 0.67 782.89 472.71 0.99 1106.13 663.37 0.99 992.81 663.63 0.99 1111.95 852.60 0.99 964.87 846.05 0.99 1095.03 1046.86 0.99 939.10 1045.06 0.99
110 624.92 71.60 1156.81 1130.38 0.8894
858.03 246.95 0.66 875.00 229.96 0.60 847.14 234.72 0.29 916.61 242.41 0.69 840.05 251.10 0.14 987.16 335.04 1.00 799.77 352.96 1.00 1085.08 444.30 0.98 669.07 289.75 0.99 1047.10 454.31 0.95 654.23 139.48 0.93 971.32 653.22 0.99 837.14 667.96 0.99 1021.42 841.83 0.99 852.93 856.46 0.99 1069.07 1051.74 0.99 893.25 1061.01 1.00
120 620.57 77.92 1137.38 1132.40 0.8944
843.05 317.02 0.68 853.73 297.96 0.77 838.03 302.91 0.11 899.54 285.37 0.91 847.76 295.46 0.02 977.07 357.39 1.00 825.44 370.70 1.00 1082.66 474.64 0.94 711.19 283.25 0.99 1054.05 460.57 0.65 637.46 141.35 0.93 963.82 658.89 0.99 850.73 671.21 0.99 1003.24 841.61 0.98 859.67 844.57 0.99 1046.76 1056.14 0.99 892.01 1054.84 1.00
130 690.79 179.12 1164.42 1129.29 0.9313
906.61 250.59 0.94 923.67 232.76 0.96 894.62 243.07 0.78 971.16 244.83 0.92 892.45 266.20 0.13 1046.00 344.30 0.99 889.01 374.19 1.00 1141.14 479.32 0.96 767.38 442.91 0.99 1107.85 459.46 0.88 733.18 300.42 0.98 1016.30 641.04 0.99 900.17 644.42 0.99 1029.70 837.39 0.98 888.21 834.62 0.99 1040.33 1055.61 0.99 896.70 1057.82 0.99
140 792.26 199.29 1147.24 1112.43 0.8899
951.92 297.89 0.84 969.56 280.43 0.83 936.76 280.75 0.76 997.92 280.02 0.76 915.12 278.18 0.58 1043.96 385.41 0.99 878.56 381.10 0.99 1100.27 522.20 0.83 828.92 494.75 0.98 1090.53 574.92 0.44 822.88 545.98 0.97 1016.56 668.32 0.99 899.46 666.43 0.99 1033.45 840.08 0.99 890.47 837.57 0.99 1042.71 1032.86 1.00 882.63 1032.81 1.00
150 711.39 204.26 1107.02 1115.53 0.8675
879.01 283.55 0.83 888.55 267.39 0.65 859.67 271.13 0.85 896.58 276.91 0.40 822.10 285.29 0.86 934.35 388.68 0.99 775.28 395.54 0.99 974.05 514.61 0.86 738.19 524.15 0.83 890.92 539.83 0.34 793.13 527.92 0.27 928.76 669.34 0.99 821.21 677.90 0.99 974.61 837.51 0.99 843.38 848.42 0.98 1024.69 1025.69 0.99 874.66 1033.48 0.99
160 712.06 205.77 1103.81 1113.90 0.8743
869.22 282.63 0.85 881.74 266.50 0.78 850.45 270.38 0.86 897.10 278.57 0.62 819.69 286.33 0.84 933.02 388.61 0.99 774.37 394.34 0.99 969.88 514.34 0.82 738.00 522.55 0.84 903.52 540.75 0.28 774.35 528.52 0.28 929.82 672.82 0.99 823.47 682.19 0.99 975.34 840.22 0.99 844.03 850.83 0.98 1024.71 1027.73 0.99 875.11 1033.31 0.99
170 710.34 205.85 1103.36 1115.58 0.8683
859.64 292.68 0.88 872.21 273.60 0.89 840.30 280.53 0.89 894.06 278.26 0.78 814.57 292.31 0.78 931.25 390.56 0.99 772.98 394.40 0.99 970.17 514.56 0.78 735.61 523.01 0.84 918.93 540.89 0.27 775.59 530.01 0.28 927.16 667.22 0.99 820.04 676.47 0.99 974.48 838.45 0.99 843.44 850.40 0.98 1023.41 1024.73 0.99 874.72 1034.13 0.99
180 707.41 210.78 1102.75 1115.09 0.8681
906.55 298.99 0.87 908.03 282.81 0.29 889.32 283.70 0.90 892.32 286.79 0.03 835.13 290.12 0.93 921.99 395.28 0.99 765.47 401.86 0.99 962.82 522.39 0.67 731.47 530.42 0.79 905.74 530.84 0.19 762.87 528.14 0.35 926.80 684.88 0.99 821.55 695.33 0.99 974.79 845.69 0.99 843.37 856.50 0.99 1024.26 1025.99 0.99 875.08 1033.82 0.99
190 702.66 210.47 1105.83 1113.79 0.8388
813.89 304.11 0.97 833.25 285.54 0.99 798.79 287.40 0.93 876.17 288.93 0.95 786.80 292.80 0.30 935.15 390.51 0.99 770.98 402.86 0.99 976.42 520.77 0.85 734.00 529.82 0.84 891.45 558.37 0.27 752.77 550.44 0.25 931.19 675.57 0.99 819.82 684.64 0.98 974.89 839.87 0.99 845.96 852.55 0.98 1014.57 1026.45 0.99 874.58 1030.78 0.99
200 706.34 205.55 1104.61 1115.49 0.8735
860.13 282.11 0.85 870.75 265.13 0.76 836.96 271.50 0.91 884.18 280.04 0.49 801.57 294.84 0.93 935.29 387.30 0.99 764.71 404.94 0.99 988.01 515.49 0.76 733.86 534.27 0.84 947.83 559.92 0.19 828.00 528.82 0.23 938.59 682.42 0.99 824.90 695.10 0.99 978.68 845.06 0.99 845.79 859.70 0.99 1017.29 1030.29 0.99 876.07 1035.69 0.99
210 697.54 147.13 1061.74 1128.69 0.8853
861.80 240.94 0.77 879.90 223.84 0.81 841.86 225.15 0.83 904.44 234.37 0.78 808.20 236.16 0.88 959.93 349.62 1.00 771.33 361.31 0.99 1027.07 476.15 0.93 723.90 451.29 0.83 958.55 499.34 0.73 828.75 448.25 0.54 950.59 658.53 0.99 825.48 665.59 0.98 969.43 848.62 0.99 838.86 858.37 0.98 978.37 1042.32 0.99 855.75 1052.54 0.99
220 709.90 156.99 1059.43 1127.35 0.8749
901.43 241.04 0.68 912.76 224.83 0.53 880.99 227.22 0.72 922.38 237.79 0.33 836.45 242.90 0.81 960.92 360.45 1.00 782.42 367.04 0.99 1024.42 489.15 0.96 741.95 496.79 0.80 994.58 498.77 0.90 827.05 521.22 0.39 952.07 651.25 0.99 831.08 657.62 0.99 969.05 842.07 0.99 841.68 850.14 0.98 977.32 1041.39 0.99 852.98 1051.19 0.99
230 715.86 171.29 1052.85 1124.97 0.8804
911.53 261.58 0.88 918.80 245.60 0.51 891.57 244.98 0.92 915.42 253.58 0.06 838.33 252.72 0.93 942.60 368.80 0.99 781.50 372.59 0.99 995.54 502.51 0.73 740.40 506.95 0.71 1007.91 545.60 0.20 774.69 531.05 0.21 946.49 673.42 0.99 834.84 682.53 0.99 967.04 851.63 0.99 849.52 863.19 0.99 964.23 1041.36 0.99 857.89 1059.81 0.99
240 764.44 174.07 1070.74 1125.17 0.7741
938.51 260.16 0.86 954.13 245.32 0.83 919.05 243.93 0.91 968.69 259.06 0.55 881.23 254.13 0.91 996.07 371.29 0.99 829.32 364.03 0.99 1033.15 498.69 0.85 790.63 487.82 0.80 1011.57 520.13 0.31 863.78 493.46 0.26 975.21 663.38 0.99 864.02 664.59 0.98 984.36 841.01 0.98 862.87 845.13 0.98 966.75 1038.71 0.99 855.02 1054.15 0.99
250 762.39 170.92 1071.51 1124.44 0.8552
952.42 268.36 0.84 961.68 253.21 0.60 934.19 252.83 0.90 964.21 261.25 0.19 889.92 259.46 0.92 990.75 372.10 0.99 828.72 365.45 0.99 1027.04 496.61 0.87 784.62 478.56 0.90 1036.45 499.47 0.63 830.32 474.18 0.63 974.98 663.72 0.99 864.22 665.97 0.99 981.86 843.23 0.98 860.92 847.31 0.98 968.13 1041.95 0.99 854.04 1052.02 0.99
260 760.50 174.70 1070.05 1123.05 0.8352
944.98 262.76 0.83 955.97 248.01 0.65 926.14 247.91 0.87 962.73 259.29 0.30 885.63 257.91 0.91 989.78 371.58 0.99 827.42 364.87 0.99 1025.61 496.62 0.87 782.49 482.89 0.92 1027.05 499.93 0.60 821.59 480.53 0.74 971.74 660.45 0.99 862.02 662.66 0.99 980.42 838.56 0.98 860.42 842.29 0.98 967.56 1040.21 0.99 855.11 1047.41 0.99
270 761.57 173.70 1069.56 1124.12 0.8186
936.33 260.43 0.86 947.83 243.90 0.79 916.22 246.92 0.91 961.44 255.17 0.48 880.52 260.14 0.91 991.00 372.88 0.99 828.10 365.74 0.99 1028.32 496.36 0.88 784.60 482.25 0.89 1031.88 498.67 0.55 876.95 442.27 0.42 972.96 668.59 0.99 864.00 671.10 0.99 981.73 846.89 0.98 860.14 852.15 0.98 968.64 1042.42 0.99 854.93 1053.49 0.99
280 667.50 152.53 1039.37 1121.62 0.8952
893.17 258.32 0.97 896.23 236.81 0.51 872.94 237.91 0.98 886.03 236.88 0.01 812.54 239.45 0.96 916.58 355.54 0.99 744.56 350.21 0.99 993.88 460.78 0.94 710.19 474.58 0.90 1035.63 451.01 0.90 838.34 435.11 0.75 912.28 644.60 0.99 803.47 649.42 0.99 924.66 836.74 0.98 842.16 840.08 0.98 906.38 1035.52 0.97 852.82 1050.38 0.96
290 721.45 102.02 1135.09 1186.51 0.9327
914.56 201.57 0.12 896.76 183.35 0.02 913.21 182.13 0.08 815.01 185.70 0.43 901.75 184.94 0.88 779.60 300.94 0.99 910.59 291.74 1.00 756.50 448.99 0.80 1033.04 393.08 0.99 813.80 504.53 0.58 1081.97 306.28 0.97 824.19 613.48 0.98 903.50 620.70 0.99 859.21 828.23 0.97 902.33 846.23 0.99 866.38 1046.20 0.98 857.50 1105.89 0.99
300 736.99 184.80 1112.31 1182.84 0.8768
843.31 261.58 0.25 846.71 245.77 0.19 849.63 244.68 0.08 839.73 261.81 0.77 883.95 253.64 0.48 802.95 369.95 0.97 924.66 348.27 0.99 849.54 473.86 0.38 1039.16 399.08 0.97 932.92 469.65 0.18 1084.34 366.43 0.96 846.72 626.18 0.98 917.26 630.24 1.00 863.13 832.69 0.96 919.77 841.72 0.99 849.27 1053.56 0.96 880.66 1074.91 0.98
310 757.52 194.06 1100.52 1184.22 0.9154
963.46 291.50 0.29 947.73 270.95 0.02 961.59 270.94 0.23 867.06 261.50 0.13 935.98 262.28 0.90 809.73 347.68 0.98 923.29 335.15 0.99 796.83 480.46 0.72 1015.65 466.90 0.98 901.76 504.15 0.31 1058.34 441.77 0.97 825.94 609.74 0.98 902.26 614.97 0.99 852.23 826.99 0.97 913.22 837.21 0.99 859.93 1055.39 0.96 876.74 1085.49 0.97
400 1198.88 319.13 1656.80 1325.39 0.4584
1381.81 392.53 0.51 1395.63 367.40 0.38 1383.79 369.28 0.06 1453.85 364.54 0.48 1436.91 366.34 0.03 1500.41 469.98 0.91 1485.38 458.79 0.79 1452.61 598.19 0.70 1395.37 574.35 0.29 1313.43 620.70 0.71 1277.35 621.47 0.58 1476.34 773.50 0.94 1470.63 764.03 0.89 1498.70 973.13 0.90 1490.96 967.85 0.82 1536.90 1235.69 0.83 1529.64 1222.41 0.81
410 764.24 176.75 1139.94 1161.94 0.9422
914.27 255.30 0.02 904.17 237.80 0.01 927.86 236.76 0.01 878.64 233.06 0.84 974.61 229.54 0.81 846.14 317.12 1.00 1042.28 317.11 1.00 808.98 481.67 0.98 1108.32 455.75 0.92 791.05 623.42 0.97 1023.12 533.14 0.44 893.77 647.57 1.00 1022.02 648.61 1.00 887.19 866.74 0.99 1028.83 865.37 0.99 889.13 1091.78 0.98 1029.70 1088.51 0.98
420 679.14 155.83 1179.59 1196.91 0.9434
947.40 270.69 0.43 949.46 249.61 0.43 962.26 251.13 0.03 984.60 238.74 0.89 1047.05 240.50 0.08 990.27 313.21 0.99 1116.06 323.89 0.99 901.82 434.98 0.99 1132.80 476.99 0.84 769.01 410.03 0.99 1017.85 500.50 0.36 999.18 644.16 0.99 1088.08 643.75 0.99 988.58 870.63 0.99 1053.67 862.31 0.97 1024.03 1121.12 0.96 1040.08 1096.27 0.96
430 776.34 245.22 1034.27 1144.71 0.8615
808.65 340.34 0.52 815.73 319.63 0.45 804.89 323.37 0.10 852.44 305.98 0.62 829.48 315.43 0.06 926.23 370.91 0.99 860.38 393.07 0.86 985.53 461.85 0.96 855.96 457.60 0.10 851.56 422.07 0.96 823.34 398.04 0.13 910.40 669.61 0.99 860.16 670.07 0.95 902.99 867.59 0.99 847.64 856.72 0.96 945.70 1075.66 0.99 871.49 1032.44 0.98
440 637.37 255.54 1086.72 1145.27 0.9248
784.62 364.59 0.91 787.67 342.59 0.91 786.38 346.93 0.11 825.17 320.45 0.93 839.26 331.01 0.01 880.25 357.35 1.00 915.88 367.62 0.88 848.21 472.18 0.99 894.64 490.74 0.08 714.18 537.79 0.99 781.04 544.56 0.13 919.77 648.34 0.99 951.52 647.27 0.93 898.57 843.88 0.98 935.67 843.48 0.93 921.07 1066.91 0.96 940.33 1047.22 0.96
450 699.93 212.68 1103.95 1137.88 0.9055
835.70 332.14 0.83 839.98 307.72 0.84 838.41 311.95 0.07 886.30 284.81 0.88 894.68 294.70 0.01 934.40 340.85 0.99 979.35 343.31 0.93 908.63 475.72 0.97 917.10 476.63 0.24 768.25 477.92 0.97 776.52 487.53 0.25 948.44 653.49 0.99 1001.45 646.02 0.98 923.61 868.87 0.99 994.99 858.52 0.98 916.05 1085.45 0.99 1052.40 1056.23 0.99
460 1241.83 8.08 1685.00 1451.64 0.4356
1435.05 142.09 0.06 1448.77 110.50 0.02 1437.65 110.55 0.02 1461.64 94.30 0.09 1459.57 90.55 0.09 1503.82 179.21 0.86 1441.47 181.80 0.84 1519.23 348.56 0.42 1378.89 342.35 0.14 1460.41 499.15 0.26 1389.29 489.28 0.12 1485.71 648.39 0.97 1464.56 653.06 0.97 1501.18 951.39 0.92 1490.69 968.44 0.98 1454.57 1241.79 0.88 1473.56 1305.01 0.97
580 634.16 111.07 1184.07 1207.60 0.9336
990.47 188.64 0.10 994.53 164.65 0.08 1012.20 176.85 0.02 1008.09 171.49 0.76 1086.48 190.26 0.25 948.00 261.31 0.99 1115.51 307.29 0.99 848.07 408.68 0.98 1126.87 462.89 0.45 717.48 484.74 0.98 1031.29 506.04 0.18 952.00 628.97 1.00 1080.98 645.70 0.99 899.83 874.50 0.99 1060.60 880.37 0.99 882.06 1135.85 0.97 1048.87 1126.41 0.98
590 715.99 32.22 1197.94 1286.23 0.9307
967.45 152.46 0.01 957.62 125.45 0.01 985.90 133.35 0.01 926.56 114.57 0.69 1041.28 127.53 0.59 877.32 209.84 1.00 1081.51 234.64 0.99 768.10 384.49 0.97 1140.62 411.55 0.95 835.52 307.59 0.19 1044.35 448.08 0.35 917.89 607.71 0.99 1062.88 618.83 1.00 900.50 911.67 0.97 1048.00 909.25 0.99 920.53 1198.19 0.94 1032.06 1198.24 0.98
600 568.10 0.84 1100.40 1360.48 0.9189
851.11 60.30 0.02 840.16 29.95 0.01 871.82 37.88 0.01 807.84 20.56 0.48 928.87 35.12 0.46 750.74 137.19 0.99 986.01 180.64 1.00 633.57 288.77 0.96 1058.25 366.77 0.95 674.08 394.83 0.80 966.81 425.57 0.51 825.26 611.59 0.99 984.83 618.09 1.00 858.18 954.27 0.99 990.47 924.65 1.00 894.23 1280.49 0.99 1009.05 1228.02 1.00
610 725.07 139.43 1188.87 1387.50 0.8895
864.22 220.21 0.01 858.27 201.60 0.01 880.95 199.73 0.00 843.98 199.87 0.14 941.55 192.92 0.18 835.60 280.89 0.91 1018.05 275.92 0.94 790.30 388.37 0.79 1096.08 409.48 0.32 765.08 480.86 0.86 1008.09 457.89 0.06 922.96 644.23 0.99 1066.59 642.58 0.99 907.02 957.23 0.99 1051.54 938.91 1.00 890.59 1278.61 0.99 1025.49 1226.08 0.99
620 687.02 145.83 1171.11 1385.50 0.9069
838.03 236.64 0.01 833.73 217.99 0.01 855.85 215.45 0.00 829.13 211.33 0.21 921.96 202.97 0.17 824.73 282.14 0.93 1007.82 282.50 0.96 785.29 380.21 0.91 1093.20 420.89 0.48 737.04 491.40 0.95 998.40 462.10 0.07 917.55 639.60 0.99 1060.47 637.23 0.99 902.65 952.50 0.99 1041.63 931.94 0.99 894.49 1278.36 0.99 1021.56 1221.00 1.00
630 679.58 145.43 1170.96 1383.38 0.5971
861.38 234.05 0.02 857.82 214.99 0.01 882.91 213.42 0.01 860.11 210.20 0.36 961.01 203.34 0.25 853.20 282.48 0.95 1034.02 294.43 0.98 802.35 383.34 0.93 1104.44 437.84 0.74 724.41 508.60 0.95 996.43 452.83 0.17 914.94 656.68 0.99 1056.20 657.84 0.99 895.58 949.83 0.99 1040.81 934.31 0.99 889.98 1261.34 0.99 1023.62 1213.02 1.00
640 876.55 11.74 1673.17 1476.70 0.8772
1329.45 58.55 0.00 1306.15 26.55 0.00 1353.69 27.72 0.00 1248.25 1.00 0.03 1419.01 5.28 0.01 1189.57 76.56 0.47 1500.67 83.46 0.41 1109.48 305.31 0.34 1570.65 295.68 0.33 1120.73 398.48 0.14 1540.71 412.31 0.15 1172.89 611.78 0.98 1409.40 617.83 0.99 1080.32 972.23 0.99 1460.05 973.85 1.00 1005.42 1351.75 0.99 1492.53 1360.10 0.99
710 645.14 10.37 1206.39 1373.17 0.9449
945.03 109.11 0.02 933.48 82.96 0.01 967.21 89.95 0.01 907.94 71.56 0.67 1034.20 83.74 0.59 829.79 160.63 0.98 1098.61 192.18 0.99 699.45 322.41 0.96 1157.34 427.61 0.97 736.26 468.32 0.97 1156.15 625.52 0.98 846.16 619.56 0.99 1020.67 634.64 1.00 839.75 936.66 0.99 1008.97 945.37 1.00 843.31 1246.38 0.98 987.15 1276.66 0.99
720 668.55 4.12 1266.40 1374.95 0.9442
1011.98 30.22 0.01 997.47 3.04 0.00 1031.38 9.91 0.00 954.66 0.00 0.18 1081.16 8.52 0.29 868.28 103.02 0.99 1160.74 144.44 0.98 753.36 314.91 0.95 1210.42 393.62 0.69 709.60 491.68 0.96 1150.11 591.67 0.46 892.46 609.68 1.00 1088.67 627.23 1.00 853.49 941.43 0.99 1048.05 953.62 0.99 778.75 1247.66 0.96 989.19 1286.54 0.98
730 669.46 3.73 1264.21 1371.08 0.9432
1025.88 24.23 0.01 1007.59 0.00 0.00 1042.02 3.49 0.00 950.05 0.00 0.15 1077.45 2.97 0.26 855.01 109.09 0.99 1156.26 143.52 0.99 747.09 322.43 0.95 1211.31 399.39 0.91 717.98 493.03 0.96 1161.56 621.60 0.85 880.81 616.01 1.00 1076.91 632.41 1.00 849.90 935.97 0.99 1041.11 952.11 0.99 781.84 1235.33 0.97 989.03 1283.22 0.98
740 660.71 3.89 1232.38 1366.62 0.9334
986.76 52.77 0.01 972.55 24.41 0.01 1009.98 34.74 0.00 936.63 16.44 0.39 1072.30 36.28 0.45 851.46 124.92 0.98 1139.39 175.55 0.99 735.00 316.53 0.94 1182.18 394.08 0.87 718.16 485.02 0.95 1099.11 536.23 0.69 865.18 610.77 0.99 1059.62 630.93 1.00 833.26 940.00 0.99 1032.78 947.33 1.00 781.78 1246.35 0.97 993.31 1278.76 0.99
750 573.23 29.33 1131.08 1378.83 0.9387
866.17 106.61 0.01 859.13 79.69 0.01 892.34 91.90 0.01 849.36 73.70 0.43 969.49 94.50 0.36 772.01 156.12 0.98 1025.34 208.81 0.99 641.05 290.48 0.96 1078.05 376.98 0.94 647.27 432.67 0.94 981.69 479.72 0.57 812.04 604.59 0.99 986.37 624.53 1.00 802.71 929.65 0.99 994.08 940.38 0.99 775.13 1255.86 0.98 989.19 1280.05 0.98
760 541.88 6.41 1175.83 1390.30 0.8860
859.49 11.67 0.00 836.47 0.00 0.00 883.97 0.00 0.00 778.75 0.00 0.06 942.88 0.00 0.05 713.87 52.45 0.95 1030.92 57.27 0.91 597.11 301.33 0.79 1113.35 320.92 0.36 618.69 411.85 0.64 1040.98 426.48 0.15 797.37 581.25 0.99 1009.08 581.20 0.99 822.98 950.60 0.99 991.41 931.11 1.00 877.65 1291.59 0.98 971.78 1283.71 0.99
770 543.45 2.73 1158.85 1383.06 0.9151
816.99 5.49 0.00 799.47 0.00 0.00 845.70 0.00 0.00 760.11 0.00 0.06 917.77 0.00 0.04 697.98 45.95 0.95 1019.46 48.90 0.92 604.06 294.26 0.84 1104.65 333.24 0.34 612.60 425.05 0.72 1030.98 489.04 0.11 781.07 573.72 1.00 994.91 571.80 1.00 828.30 942.87 0.99 995.31 931.82 1.00 867.59 1281.59 0.98 971.32 1289.42 0.99
780 655.07 50.37 1169.85 1413.10 0.9181
907.33 133.79 0.02 904.33 109.25 0.02 932.15 115.67 0.01 903.65 107.42 0.47 1009.92 115.49 0.24 843.58 198.35 0.95 1066.59 223.66 0.99 745.58 317.21 0.87 1131.81 394.08 0.93 704.21 432.70 0.86 1027.45 480.84 0.66 870.74 642.48 1.00 1040.59 647.81 1.00 863.68 987.71 0.99 1036.98 953.39 1.00 879.53 1310.08 0.99 1035.23 1223.43 1.00
790 671.53 19.56 1158.77 1316.08 0.9398
920.54 130.03 0.02 911.06 101.06 0.02 942.33 111.52 0.01 889.88 93.93 0.88 1008.82 111.64 0.63 809.75 193.18 0.99 1063.86 227.99 0.99 715.40 375.53 0.98 1115.87 412.02 0.89 766.05 490.30 0.95 1034.96 529.09 0.67 845.59 620.50 1.00 1015.12 635.75 1.00 830.37 922.50 0.99 1027.36 925.77 1.00 830.96 1211.86 0.98 1039.04 1216.41 0.99
800 677.64 8.32 1126.20 1295.95 0.9405
896.87 125.20 0.02 883.83 95.61 0.02 915.40 101.19 0.02 844.51 92.40 0.89 967.57 101.49 0.87 768.78 223.06 1.00 1039.87 249.12 0.99 721.75 406.11 0.90 1087.52 431.03 0.87 837.79 472.89 0.40 1017.55 522.81 0.45 828.07 636.60 1.00 994.83 645.93 1.00 833.17 932.16 0.99 1004.28 921.55 0.99 833.58 1223.36 0.98 1015.68 1205.18 0.99
810 682.38 32.59 1130.71 1304.83 0.9363
909.14 149.71 0.01 894.01 122.34 0.01 925.86 128.73 0.01 849.07 116.06 0.88 975.01 127.79 0.88 781.93 221.61 0.99 1046.14 252.61 1.00 735.60 397.42 0.83 1095.61 427.62 0.89 814.14 454.50 0.34 1028.48 523.31 0.58 836.69 634.91 0.99 1004.23 646.77 1.00 837.49 939.54 0.99 1008.76 931.52 1.00 833.51 1229.00 0.98 1016.17 1210.93 0.99
820 683.53 33.74 1130.97 1292.76 0.9397
902.28 146.44 0.01 889.18 119.07 0.01 919.98 126.37 0.01 854.06 113.51 0.89 975.69 126.26 0.87 783.94 220.49 1.00 1049.09 254.82 1.00 729.78 402.70 0.93 1095.48 433.47 0.90 844.65 474.90 0.53 1016.59 528.07 0.57 838.72 640.01 0.99 1005.82 653.73 1.00 836.88 939.91 0.99 1010.39 932.01 0.99 833.43 1222.88 0.98 1015.85 1206.60 0.99
830 683.34 34.04 1129.96 1310.36 0.9363
910.39 145.18 0.01 896.43 118.01 0.01 927.11 125.03 0.01 856.24 113.43 0.88 978.24 126.03 0.88 785.79 221.76 1.00 1048.38 255.64 1.00 729.95 402.64 0.94 1094.41 433.42 0.90 846.34 472.16 0.54 1022.73 526.66 0.57 837.95 641.25 1.00 1004.18 654.51 1.00 837.22 941.92 0.99 1008.79 932.04 0.99 833.91 1231.88 0.98 1014.20 1208.35 0.99
840 732.32 57.32 1177.25 1315.02 0.9272
943.75 170.47 0.01 931.96 144.76 0.01 961.49 149.37 0.01 899.27 136.43 0.85 1017.05 143.81 0.83 849.92 231.74 1.00 1086.27 260.23 1.00 783.88 410.24 0.96 1131.14 440.17 0.89 828.50 488.65 0.75 1061.15 533.56 0.49 897.09 638.34 0.99 1054.15 650.94 1.00 854.81 923.66 0.99 1040.22 921.50 0.99 819.31 1211.96 0.97 1020.13 1200.57 0.99
850 692.64 215.23 1064.63 1152.43 0.9394
807.74 328.32 0.86 811.85 304.80 0.89 808.21 308.21 0.07 850.48 283.92 0.92 856.98 292.18 0.01 892.98 328.07 0.99 923.78 342.04 0.87 863.11 459.25 0.99 926.33 500.20 0.58 750.84 493.00 0.99 843.09 603.87 0.95 934.50 640.70 0.99 955.32 642.92 0.94 921.78 859.50 0.98 954.26 854.06 0.94 943.46 1088.88 0.98 977.41 1061.84 0.97
860 828.41 216.73 1060.53 1122.72 0.9038
867.99 300.83 0.69 873.73 282.71 0.67 878.37 281.71 0.04 910.00 288.15 0.88 933.62 283.26 0.02 962.78 363.93 0.99 975.76 362.73 0.83 988.71 516.62 0.96 960.87 513.87 0.10 948.54 657.60 0.97 889.35 551.48 0.20 944.00 667.23 0.97 964.15 659.61 0.82 921.22 844.57 0.96 954.11 841.76 0.79 969.29 1046.21 0.95 980.92 1033.95 0.89
870 1064.31 4.88 1544.57 1423.06 0.8788
1351.44 54.66 0.03 1339.34 24.69 0.00 1365.22 31.09 0.01 1288.95 13.14 0.09 1400.72 27.01 0.13 1223.27 119.38 0.94 1428.00 157.48 0.94 1138.50 334.62 0.27 1413.17 374.75 0.09 1180.69 403.65 0.10 1321.78 456.65 0.02 1225.65 616.61 0.98 1326.23 631.42 0.99 1257.68 936.13 0.94 1287.19 949.55 0.98 1228.05 1255.93 0.91 1249.18 1273.06 0.98
920 762.61 150.49 1253.12 1195.49 0.9208
941.32 275.61 0.24 944.61 248.20 0.20 954.81 251.24 0.01 984.54 223.81 0.82 1028.52 228.07 0.03 1001.55 290.44 0.99 1104.45 293.16 0.98 941.80 471.66 0.96 1091.56 468.58 0.37 827.38 588.09 0.94 988.81 573.84 0.19 1015.92 667.72 1.00 1104.40 659.72 0.99 979.71 906.65 0.99 1077.37 894.62 0.97 1006.77 1131.83 0.99 1196.20 1066.22 0.98
930 603.62 194.83 1057.76 1189.92 0.9359
865.32 270.38 0.23 869.97 251.03 0.25 879.69 255.37 0.01 893.65 256.91 0.89 943.79 261.92 0.07 913.66 330.09 0.99 960.09 346.95 0.94 833.82 446.17 0.99 837.96 453.99 0.22 673.62 468.80 0.99 685.29 469.27 0.34 928.67 656.91 0.99 963.34 660.74 0.96 949.89 879.02 0.99 950.85 870.56 0.94 1000.66 1123.69 0.97 978.11 1077.72 0.96
940 620.17 194.10 1072.99 1190.65 0.9436
863.62 300.53 0.70 866.38 280.06 0.73 867.68 282.61 0.04 897.25 262.12 0.93 919.67 268.36 0.02 934.41 313.38 1.00 970.66 328.07 0.92 846.91 444.57 0.99 941.75 480.69 0.52 693.11 466.77 0.99 849.23 541.57 0.87 951.60 648.07 0.98 962.65 647.97 0.94 973.09 868.75 0.99 960.18 857.07 0.94 1010.83 1124.72 0.97 987.20 1077.73 0.96
950 530.38 248.99 1031.85 1169.59 0.8816
676.01 310.12 0.06 683.82 290.18 0.04 683.06 294.87 0.00 722.33 276.81 0.50 737.87 285.58 0.04 765.16 305.66 0.99 795.31 363.44 0.96 583.38 376.95 0.94 810.14 511.16 0.91 525.41 406.08 0.80 711.09 570.31 0.98 865.47 645.46 0.98 891.26 658.42 0.97 834.12 876.19 0.98 906.64 859.47 0.98 860.21 1108.94 0.99 979.38 1043.54 0.99
960 440.28 264.72 1032.36 1167.87 0.9020
660.05 307.14 0.06 667.31 288.19 0.04 667.80 292.79 0.00 705.74 275.58 0.47 724.32 284.28 0.04 746.63 301.61 0.98 777.00 360.08 0.95 601.19 375.26 0.95 794.90 528.55 0.84 491.62 431.94 0.96 698.25 579.70 0.97 858.38 636.71 0.99 890.26 651.75 0.98 829.07 865.38 0.99 903.80 853.32 0.99 863.07 1103.16 0.99 981.23 1048.41 1.00
970 740.93 260.76 1036.12 1163.84 0.8736
810.07 365.79 0.66 816.69 340.88 0.49 813.17 346.52 0.07 864.35 324.97 0.60 868.35 335.03 0.04 913.12 397.08 0.98 934.00 403.81 0.88 906.48 432.49 0.60 937.55 434.63 0.04 866.45 363.50 0.36 869.95 384.66 0.04 909.79 673.26 0.99 954.01 671.46 0.96 859.76 875.58 0.99 944.86 860.38 0.98 851.17 1091.50 0.99 989.17 1052.74 0.99
980 1027.58 3.11 1504.60 1419.49 0.8908
1292.63 45.93 0.13 1306.69 18.44 0.02 1288.39 18.24 0.06 1299.53 26.93 0.15 1278.13 22.64 0.39 1265.10 155.90 0.94 1234.09 156.79 0.98 1135.82 389.48 0.36 1093.19 382.57 0.67 1150.32 486.55 0.18 1143.15 496.80 0.35 1278.64 645.84 0.98 1264.89 661.12 0.99 1287.35 911.86 0.91 1271.04 963.08 0.99 1221.09 1070.01 0.96 1270.55 1264.82 0.99
1020 787.04 52.34 1198.93 1275.10 0.8997
903.17 215.23 0.39 905.36 182.22 0.31 914.22 185.37 0.01 944.84 150.52 0.84 998.26 156.16 0.03 973.48 222.08 1.00 1090.78 225.81 0.98 944.38 411.20 0.91 1143.98 403.44 0.30 891.93 520.93 0.82 1064.08 527.13 0.18 994.93 651.31 0.99 1079.51 646.82 0.98 982.18 918.55 0.99 1036.95 902.08 0.90 1026.60 1205.90 0.94 1049.58 1146.85 0.83
1030 587.74 242.72 1052.26 1231.37 0.9059
637.16 363.34 0.66 634.84 338.30 0.63 632.27 348.20 0.10 662.11 300.62 0.77 663.46 327.48 0.02 754.98 313.71 0.98 717.38 374.23 0.92 802.23 383.32 0.96 688.52 452.17 0.61 643.02 458.11 0.95 611.72 515.80 0.65 858.72 669.46 0.99 804.97 686.22 0.97 911.35 889.62 0.99 819.81 885.46 0.99 995.95 1125.63 0.99 860.52 1098.23 0.99
1040 593.33 235.42 1042.88 1233.15 0.8836
634.34 334.66 0.75 636.93 307.31 0.63 626.67 320.28 0.13 682.34 268.18 0.60 659.67 301.36 0.03 774.00 293.43 0.98 736.90 351.40 0.94 776.39 413.22 0.95 716.12 494.25 0.46 652.48 519.16 0.92 629.75 577.96 0.44 863.48 654.20 0.99 827.86 670.44 0.97 903.17 886.51 0.99 829.42 887.16 0.98 991.02 1130.23 0.99 865.74 1102.90 0.99
1050 547.09 130.62 1057.22 1246.78 0.8763
772.44 219.19 0.94 792.65 200.47 0.92 776.59 201.16 0.13 849.44 213.34 0.95 823.77 213.12 0.01 901.71 301.72 1.00 862.18 321.49 0.96 815.49 406.97 0.99 770.04 412.93 0.34 641.28 409.86 0.99 633.33 407.17 0.64 866.16 672.70 0.99 841.79 673.04 0.95 863.80 899.04 0.94 845.94 900.12 0.83 961.49 1149.30 0.92 911.42 1129.05 0.90
1060 708.50 159.75 1249.61 1258.10 0.9283
848.73 302.52 0.78 847.36 277.73 0.77 849.09 277.28 0.02 892.77 247.71 0.93 915.08 252.04 0.01 1002.28 279.42 1.00 1012.25 291.92 0.96 961.92 483.23 0.97 946.13 471.74 0.69 837.96 604.95 0.91 819.53 544.11 0.75 1076.45 647.26 0.99 1087.52 645.69 0.96 1053.45 895.55 0.99 1070.27 893.28 0.97 1046.38 1166.52 0.99 1103.88 1135.48 0.99
1070 653.39 156.60 1131.56 1256.52 0.9333
763.71 306.73 0.88 766.35 278.06 0.92 754.85 287.55 0.11 823.05 243.02 0.96 789.45 272.58 0.01 966.06 293.35 1.00 846.73 370.89 0.99 919.96 455.61 0.99 827.01 534.63 0.99 759.39 467.33 0.99 726.93 585.57 0.99 1015.75 659.43 0.98 931.11 673.74 0.98 1010.73 903.80 0.99 943.88 892.00 0.98 1016.45 1154.18 0.98 969.30 1109.15 0.99
1080 659.25 158.61 1115.73 1257.74 0.9340
757.17 309.37 0.93 757.94 281.60 0.96 746.54 292.09 0.12 811.98 241.68 0.97 776.36 274.68 0.00 956.72 288.59 0.99 832.09 375.61 0.99 935.87 437.64 0.99 818.31 523.76 0.99 770.74 479.74 0.98 728.42 579.14 0.99 1011.14 660.17 0.99 923.09 678.32 0.98 1013.12 908.17 0.99 940.44 898.44 0.99 1017.61 1156.49 0.98 967.78 1112.23 0.99
1090 949.15 3.38 1496.77 1279.82 0.8705
1364.24 86.34 0.37 1372.19 61.56 0.04 1351.18 56.42 0.12 1335.88 55.92 0.07 1292.63 42.84 0.48 1329.75 193.64 0.97 1136.92 176.60 1.00 1375.20 410.13 0.86 1013.65 384.07 0.94 1411.87 596.30 0.90 1021.26 608.90 0.86 1231.69 619.93 0.99 1152.01 618.97 0.99 1219.09 882.75 0.96 1186.54 898.24 0.99 1130.31 1146.83 0.92 1091.23 1165.87 0.96
1170 736.24 20.09 1278.24 1330.16 0.9139
959.01 218.40 0.24 966.68 183.65 0.30 969.03 187.10 0.01 1018.14 162.42 0.77 1055.60 169.16 0.03 1070.97 264.58 0.97 1145.11 274.45 0.90 1014.93 388.07 0.92 1042.50 440.96 0.34 850.20 510.34 0.98 869.81 516.57 0.60 1093.06 676.83 0.99 1174.27 671.95 0.97 1062.66 956.88 0.98 1126.35 949.36 0.93 1165.51 1249.71 0.93 1181.43 1221.85 0.90
1180 771.21 284.40 1345.88 1248.13 0.9128
836.44 423.21 0.90 836.61 396.00 0.91 835.00 395.80 0.05 881.36 369.66 0.96 895.37 371.44 0.01 971.31 415.27 1.00 1006.82 392.34 0.94 899.10 600.81 0.99 949.69 551.14 0.51 787.28 747.61 0.96 862.45 583.29 0.54 1175.57 660.38 0.98 1177.95 654.47 0.95 1100.01 893.05 0.99 1095.44 890.52 0.97 1121.64 1158.41 0.98 1101.99 1121.10 0.98
1190 868.96 261.18 1248.80 1127.98 0.6658
912.77 379.00 0.68 913.19 357.18 0.77 915.07 362.94 0.04 945.88 324.74 0.92 965.45 337.33 0.01 1005.51 346.94 0.98 1046.68 355.55 0.87 1083.09 454.80 0.97 1050.63 482.15 0.53 1012.85 557.65 0.97 964.00 494.47 0.75 1106.28 593.31 0.95 1146.01 595.58 0.85 1048.77 806.53 0.94 1111.69 813.97 0.86 1124.42 1043.25 0.90 1134.14 1043.91 0.88
1200 319.56 167.83 689.02 1180.83 0.7431
536.84 242.76 0.84 545.81 227.20 0.45 511.09 233.00 0.81 552.76 244.53 0.28 476.00 260.17 0.87 600.74 359.80 0.99 458.85 370.75 0.99 656.63 488.30 0.68 445.28 505.74 0.87 628.19 457.28 0.59 379.63 494.94 0.95 573.45 652.87 0.98 497.30 655.74 0.98 548.70 824.15 0.96 518.72 828.92 0.94 539.23 1052.12 0.98 530.16 1024.19 0.97
1210 2.01 2.16 560.67 1209.25 0.8495
225.50 118.67 0.23 195.41 93.51 0.03 215.61 87.15 0.21 100.56 103.04 0.13 200.28 102.03 0.66 130.03 265.22 0.93 310.52 258.24 0.96 404.30 400.05 0.53 445.84 397.31 0.90 523.64 463.78 0.73 518.62 459.56 0.81 243.83 666.63 0.96 316.90 660.36 0.98 354.39 886.31 0.96 313.26 906.18 0.97 413.24 1122.21 0.96 289.47 1143.68 0.95
1220 0.00 10.96 604.64 1224.62 0.5762
195.33 122.01 0.09 182.12 98.67 0.05 191.38 95.94 0.10 153.37 97.80 0.17 198.09 99.40 0.37 220.52 237.91 0.95 258.53 248.36 0.91 428.09 397.99 0.87 428.00 402.48 0.85 545.67 471.39 0.88 538.65 470.97 0.72 288.59 653.08 0.98 258.38 658.43 0.97 372.81 872.02 0.98 255.25 905.15 0.97 430.13 1109.88 0.98 240.08 1144.51 0.97
1230 0.86 4.05 566.98 1200.78 0.8600
171.79 145.85 0.09 147.38 120.32 0.03 174.79 114.19 0.08 96.32 113.32 0.17 197.04 109.10 0.47 186.57 259.30 0.96 261.75 260.99 0.93 430.11 418.42 0.85 424.35 413.43 0.88 543.74 473.38 0.84 527.10 467.00 0.65 282.73 668.05 0.98 265.69 666.93 0.98 369.76 877.68 0.98 257.92 900.28 0.98 427.61 1114.06 0.98 241.15 1130.42 0.98
1240 0.55 3.54 571.41 1226.78 0.8618
152.04 134.30 0.09 127.88 107.32 0.04 163.31 104.73 0.09 72.92 105.47 0.28 205.56 105.18 0.53 121.38 251.33 0.94 284.01 259.19 0.95 400.33 422.25 0.79 424.76 420.32 0.92 522.28 464.61 0.84 511.60 459.05 0.72 247.04 677.49 0.98 289.63 679.38 0.98 351.52 886.76 0.98 270.87 912.90 0.97 415.11 1119.44 0.97 264.19 1148.29 0.96
1260 822.76 115.37 1194.52 1196.91 0.8710
1167.58 250.16 0.54 1164.41 225.73 0.06 1156.86 224.85 0.42 1103.32 217.97 0.09 1109.12 217.34 0.83 1028.46 309.62 0.94 1044.59 301.51 0.99 893.14 416.61 0.49 891.83 404.00 0.78 846.86 523.59 0.45 841.49 522.36 0.73 1028.18 629.29 0.95 1059.52 634.31 0.98 1011.57 862.46 0.88 1050.26 862.19 0.94 1077.78 1114.46 0.86 1078.26 1120.45 0.93
1320 1047.72 174.50 1449.17 1280.93 0.6843
1187.58 397.52 0.01 1178.97 375.20 0.01 1212.12 370.15 0.00 1171.06 369.69 0.31 1294.67 356.11 0.11 1170.18 444.51 0.87 1331.41 436.78 0.82 1142.97 540.66 0.28 1354.73 544.58 0.13 1154.43 604.81 0.13 1352.12 630.40 0.07 1188.45 695.73 0.97 1319.63 701.25 0.97 1155.19 878.26 0.99 1329.18 922.44 0.99 1123.44 1081.45 0.99 1391.33 1151.83 0.99
1330 472.84 213.28 730.67 1125.94 0.5651
515.99 332.76 0.91 527.00 313.85 0.90 513.07 315.24 0.22 569.63 303.34 0.88 530.06 305.66 0.01 631.30 394.43 0.99 554.46 389.62 0.87 708.00 532.61 0.98 565.01 524.07 0.13 650.49 616.53 0.99 541.83 613.18 0.09 617.95 664.47 0.98 567.16 657.93 0.85 617.92 844.03 0.97 591.47 838.24 0.61 606.77 1052.93 0.89 609.84 1024.30 0.58
1340 0.00 13.76 556.07 1214.84 0.8792
220.90 177.82 0.56 241.91 153.70 0.47 203.72 154.59 0.42 283.05 154.78 0.54 182.13 154.38 0.53 355.21 272.32 0.99 140.51 266.03 0.98 414.79 435.33 0.76 11.89 280.76 0.39 423.70 568.65 0.56 77.26 300.90 0.18 370.76 648.55 0.99 229.19 662.50 0.98 416.58 833.75 0.99 265.03 869.87 0.96 425.29 1063.01 0.99 264.37 1112.86 0.98
1350 194.93 322.80 558.28 1150.43 0.5106
304.01 435.65 0.12 299.63 418.95 0.04 302.81 413.51 0.05 281.25 422.74 0.17 311.57 413.28 0.27 297.64 516.93 0.86 364.10 503.96 0.91 320.60 663.22 0.19 430.18 641.00 0.17 306.10 761.45 0.16 447.05 705.41 0.10 344.51 754.88 0.92 424.53 749.88 0.94 349.60 879.33 0.95 463.37 883.39 0.98 363.44 1063.35 0.98 485.26 1074.64 0.99
1360 271.15 288.83 728.46 1177.70 0.6596
671.35 292.43 0.16 676.73 276.78 0.01 666.35 266.93 0.05 639.25 280.92 0.04 631.75 255.32 0.36 592.10 392.81 0.98 545.80 343.95 0.99 700.53 538.47 0.60 544.35 483.59 0.85 699.92 413.43 0.37 622.43 381.95 0.51 531.26 730.44 0.98 478.22 724.63 0.98 611.07 861.94 0.97 473.89 891.07 0.97 617.61 1072.97 0.98 334.21 1101.05 0.98
1380 264.03 167.69 556.17 1160.00 0.8366
470.79 266.41 0.34 470.61 250.33 0.03 454.75 245.40 0.33 442.04 261.47 0.02 407.62 251.55 0.82 462.30 371.06 0.95 347.28 338.00 0.99 491.82 500.91 0.14 320.48 438.19 0.96 478.51 449.92 0.07 446.53 330.31 0.91 453.00 693.10 0.97 377.59 693.92 0.99 456.19 866.19 0.98 396.09 886.53 0.98 448.58 1047.94 0.99 367.78 1093.07 0.99
1400 851.23 226.98 1175.57 1150.42 0.8174
1099.04 344.77 0.56 1115.18 330.33 0.17 1089.51 321.39 0.53 1110.72 320.14 0.08 1045.53 294.39 0.74 1082.17 388.85 0.94 948.69 352.02 0.99 1104.22 499.25 0.37 904.75 473.75 0.94 1103.44 483.98 0.44 1008.74 457.54 0.91 1046.79 647.60 0.99 961.30 639.37 0.99 1064.50 835.88 0.99 943.97 818.23 0.99 1084.46 1060.47 0.98 882.84 1000.45 0.98
1410 765.47 158.19 1238.66 1166.08 0.8980
1025.18 282.28 0.71 1047.93 265.03 0.73 1020.46 260.17 0.36 1105.58 262.32 0.80 1024.94 248.70 0.12 1163.72 374.20 0.99 996.34 360.06 1.00 1130.94 488.19 0.82 895.43 462.49 0.97 1028.42 375.55 0.56 807.81 483.01 0.93 1124.89 686.40 0.99 1011.42 676.14 0.99 1139.76 880.32 0.99 1011.46 872.59 0.99 1164.14 1078.70 1.00 1026.04 1078.45 0.99
1420 777.48 178.11 1232.22 1165.22 0.9341
1021.60 299.70 0.85 1045.41 281.58 0.89 1010.24 277.79 0.61 1095.55 279.36 0.90 1002.31 268.23 0.25 1143.77 398.07 0.99 973.15 365.25 0.99 1134.73 549.18 0.82 917.46 472.75 0.98 995.50 548.00 0.62 845.22 478.92 0.98 1098.71 690.22 0.99 986.29 681.60 0.99 1121.80 880.63 0.99 999.54 882.68 0.99 1163.76 1072.93 0.99 1022.72 1076.95 0.99
1430 777.40 118.88 1295.99 1164.71 0.9330
1164.78 246.61 0.87 1176.78 228.13 0.68 1145.72 229.42 0.86 1183.43 227.59 0.27 1098.87 229.17 0.79 1221.09 351.51 0.99 1032.94 327.94 0.99 1260.28 520.30 0.95 971.68 458.78 0.98 1187.50 643.35 0.91 884.10 458.90 0.99 1166.18 646.10 0.99 1032.88 637.43 0.99 1169.81 854.32 0.99 1028.55 851.80 0.99 1176.93 1073.17 0.99 1023.32 1074.40 0.99
1440 827.70 108.92 1322.10 1166.33 0.9103
1154.55 221.11 0.59 1172.22 202.06 0.60 1138.07 203.81 0.50 1196.45 204.07 0.63 1109.15 205.69 0.46 1230.83 327.79 0.98 1057.11 316.97 0.99 1273.89 487.91 0.64 999.07 455.98 0.97 1161.08 492.96 0.53 922.58 404.67 0.95 1181.83 642.36 0.99 1053.88 633.75 1.00 1178.89 856.15 0.99 1039.76 846.87 0.99 1177.07 1082.08 0.99 1024.11 1073.60 1.00
1480 1087.24 23.73 1904.40 1451.51 0.5896
1523.92 179.28 0.26 1546.07 135.84 0.09 1515.15 139.88 0.06 1584.82 110.51 0.33 1531.75 116.57 0.07 1607.25 230.13 0.83 1555.07 224.13 0.85 1469.06 430.66 0.34 1397.45 421.24 0.57 1316.66 616.06 0.37 1278.03 615.03 0.75 1555.05 649.10 0.94 1570.30 641.65 0.92 1404.05 938.08 0.97 1626.01 970.55 0.95 1232.89 1144.56 0.99 1768.22 1292.63 0.97
1490 681.22 210.68 1245.39 1270.14 0.8634
1064.61 337.92 0.02 1044.52 311.44 0.01 1076.35 317.76 0.01 977.34 295.41 0.25 1108.72 312.12 0.36 904.51 374.49 0.95 1137.88 410.80 0.88 787.85 439.57 0.90 1182.61 534.49 0.36 733.71 609.71 0.96 1184.39 560.98 0.47 885.29 720.57 0.99 1056.15 734.90 0.99 826.84 943.72 0.99 1064.23 946.21 0.99 792.51 1176.43 0.99 1090.42 1176.84 0.99
1500 673.70 167.73 1220.35 1279.11 0.9362
1055.86 249.60 0.04 1039.65 223.55 0.02 1063.39 230.04 0.03 967.59 199.26 0.63 1066.38 214.56 0.75 871.97 265.54 0.99 1092.03 290.76 0.99 762.46 431.17 0.97 1166.53 427.92 0.95 719.30 610.19 0.97 1155.79 571.06 0.97 846.81 655.50 0.99 1004.21 665.57 0.99 798.26 902.22 0.99 1026.11 909.86 0.99 801.50 1162.04 0.98 1087.30 1181.37 0.99
1510 884.17 10.77 1284.20 1309.10 0.8752
981.92 182.15 0.64 986.12 149.62 0.63 988.75 148.53 0.02 1039.05 124.11 0.86 1072.91 121.75 0.01 1088.92 229.91 0.99 1153.73 200.95 0.87 1042.76 455.36 0.74 1072.98 423.49 0.21 995.89 546.58 0.54 921.23 462.79 0.75 1087.02 671.28 0.98 1129.32 659.30 0.91 1099.67 937.91 0.98 1097.72 919.85 0.85 1186.73 1225.53 0.96 1116.84 1157.39 0.89
1520 673.01 66.34 1300.46 1318.94 0.9345
927.51 214.14 0.77 941.19 186.63 0.82 919.17 194.37 0.16 1003.99 173.89 0.90 938.57 194.28 0.02 1135.53 270.70 0.99 952.47 325.71 0.99 1253.56 409.04 0.98 862.52 456.74 0.99 1222.77 565.44 0.98 730.65 513.60 0.99 1135.63 663.50 0.99 1022.82 674.53 0.99 1159.66 926.96 0.99 1055.16 917.23 0.99 1206.99 1206.61 0.98 1099.83 1158.26 0.99
1530 700.32 92.98 1278.85 1321.47 0.9319
893.59 246.33 0.82 902.41 219.40 0.83 889.43 225.44 0.10 962.31 203.72 0.91 922.65 221.53 0.01 1103.61 282.21 0.99 952.10 338.41 0.99 1238.48 385.38 0.82 885.77 483.54 0.98 1146.10 525.84 0.69 772.89 523.41 0.98 1129.69 663.83 0.99 1031.88 672.50 0.99 1152.74 922.98 0.99 1057.72 910.83 0.99 1206.98 1203.67 0.99 1098.73 1158.99 0.99
1540 736.07 78.38 1281.81 1320.53 0.9210
886.97 242.14 0.76 896.60 213.42 0.80 881.53 218.82 0.10 956.24 189.39 0.91 914.34 205.70 0.02 1096.82 270.71 0.99 960.02 322.10 0.99 1237.05 389.23 0.96 908.71 476.74 0.93 1191.03 549.57 0.96 810.38 506.35 0.94 1122.29 668.77 0.99 1031.27 675.84 0.99 1150.21 929.73 0.99 1058.13 916.26 0.99 1201.54 1210.90 0.99 1099.57 1159.58 0.99
1550 1077.61 10.46 1656.54 1471.28 0.7868
1249.98 321.34 0.05 1262.09 277.58 0.04 1265.03 277.06 0.01 1317.00 251.47 0.25 1358.58 245.66 0.02 1368.37 333.30 0.87 1443.47 317.66 0.59 1336.55 528.21 0.33 1401.96 500.20 0.05 1268.43 663.82 0.24 1300.70 657.43 0.05 1419.56 732.97 0.95 1466.00 731.15 0.92 1421.88 992.03 0.96 1463.23 1039.04 0.98 1284.90 1167.93 0.98 1472.26 1342.59 0.98
1650 832.35 2.46 1711.13 1428.54 0.8661
1280.77 137.20 0.03 1279.34 105.57 0.02 1310.08 107.97 0.00 1316.42 82.02 0.28 1430.78 83.37 0.08 1342.71 155.09 0.88 1499.45 169.25 0.83 1133.33 282.64 0.83 1165.22 283.42 0.37 973.08 448.48 0.86 947.23 445.61 0.45 1384.01 651.68 0.98 1487.02 652.88 0.97 1346.03 981.01 0.99 1406.96 966.22 0.96 1417.01 1322.09 0.95 1411.31 1280.11 0.92
1660 577.28 123.80 1298.70 1289.03 0.9155
992.90 179.60 0.02 989.67 159.58 0.01 1012.86 160.93 0.01 978.02 159.24 0.41 1073.47 158.00 0.26 910.63 260.69 0.99 1150.69 262.73 0.97 687.96 352.76 0.98 1254.43 384.56 0.93 632.91 206.13 0.85 1194.07 535.23 0.89 981.87 671.74 0.99 1135.95 669.97 0.99 970.20 968.81 0.99 1176.01 952.01 0.99 980.06 1225.65 0.99 1214.72 1210.68 0.99
1670 627.16 115.56 1316.32 1290.52 0.9356
1008.85 181.44 0.02 1003.06 159.68 0.01 1026.03 162.14 0.01 989.13 149.94 0.54 1086.67 152.93 0.40 935.97 226.76 0.99 1177.69 240.01 0.99 783.21 329.15 0.96 1265.71 372.90 0.91 693.59 425.79 0.96 1209.01 510.35 0.89 999.46 642.31 1.00 1163.30 642.42 1.00 982.82 945.59 1.00 1189.79 937.58 1.00 982.78 1220.33 0.99 1216.08 1210.21 0.99
1680 743.00 132.63 1296.93 1289.02 0.9224
1099.36 239.22 0.02 1075.84 215.82 0.01 1107.75 219.82 0.01 992.83 202.32 0.27 1113.26 213.20 0.26 918.68 284.18 0.96 1155.11 284.36 0.88 797.50 395.48 0.94 1229.96 379.96 0.86 851.16 532.68 0.93 1226.92 510.26 0.93 964.32 636.63 0.99 1131.73 635.10 0.99 967.47 913.30 0.99 1182.49 889.24 1.00 978.92 1205.70 0.99 1221.84 1177.44 1.00
1710 1153.33 9.36 2047.27 1391.34 0.8314
1774.57 54.29 0.01 1774.49 22.46 0.01 1801.51 24.34 0.00 1801.95 0.00 0.07 1899.01 0.00 0.01 1778.65 86.49 0.57 1957.85 86.12 0.18 1541.39 258.03 0.85 1602.29 237.07 0.09 1311.69 312.02 0.95 1318.60 314.01 0.26 1817.82 590.87 0.95 1951.26 590.90 0.77 1753.48 909.64 0.97 1950.92 912.69 0.62 1775.50 1269.39 0.95 1988.76 1232.85 0.69
1720 1127.94 7.16 2048.00 1388.90 0.6441
1789.89 32.45 0.01 1791.23 0.00 0.01 1826.31 2.29 0.00 1811.47 0.00 0.15 1925.35 0.00 0.01 1740.28 97.37 0.82 1960.65 105.84 0.31 1516.69 268.14 0.81 1591.61 246.51 0.05 1299.92 326.75 0.84 1297.63 336.44 0.11 1793.30 600.61 0.97 1949.02 607.69 0.79 1747.59 927.18 0.98 1956.05 926.21 0.66 1777.87 1269.03 0.94 1984.05 1225.77 0.68
1730 1173.60 4.66 2047.20 1395.09 0.8334
1753.37 30.15 0.02 1773.04 0.00 0.01 1760.45 0.00 0.00 1813.64 0.00 0.09 1801.05 0.00 0.01 1789.03 100.82 0.64 1825.90 106.69 0.65 1548.30 302.04 0.74 1535.31 303.01 0.52 1311.81 385.05 0.93 1298.97 380.20 0.77 1825.39 609.58 0.96 1899.32 611.94 0.91 1751.30 925.44 0.95 1943.76 912.21 0.77 1776.34 1272.97 0.94 1999.33 1219.58 0.87
1740 1176.90 5.10 2047.92 1382.93 0.8035
1777.98 33.86 0.02 1792.71 0.00 0.01 1800.12 4.49 0.00 1829.38 0.00 0.10 1886.07 0.00 0.01 1794.03 99.99 0.68 1923.49 102.66 0.46 1570.11 281.36 0.85 1585.00 283.06 0.21 1329.62 388.77 0.92 1315.31 384.01 0.57 1835.05 630.53 0.95 1931.48 631.35 0.89 1788.92 937.12 0.88 1852.15 945.03 0.71 1828.33 1268.15 0.69 1869.49 1246.84 0.62
1750 1169.79 4.47 2047.35 1385.96 0.8100
1771.46 34.74 0.02 1781.78 1.24 0.01 1796.58 5.92 0.00 1819.83 0.00 0.10 1892.10 0.00 0.02 1775.68 102.10 0.64 1937.86 111.07 0.41 1553.92 284.89 0.82 1579.65 298.10 0.19 1318.13 383.30 0.95 1303.18 383.22 0.65 1812.03 624.48 0.94 1934.13 627.82 0.82 1745.57 934.44 0.92 1878.03 938.78 0.52 1796.93 1285.39 0.82 1915.19 1246.19 0.51
1760 1118.04 4.96 2046.99 1393.87 0.8861
1723.04 28.69 0.02 1740.52 0.00 0.01 1735.64 0.15 0.00 1780.00 0.00 0.12 1790.65 0.00 0.01 1746.24 112.28 0.69 1821.35 116.04 0.63 1502.14 300.98 0.73 1506.43 302.51 0.50 1267.42 384.25 0.91 1249.05 384.74 0.79 1810.60 591.48 0.97 1892.40 595.78 0.89 1740.33 924.74 0.98 1918.38 921.98 0.73 1785.48 1281.16 0.88 1979.68 1235.52 0.51
1770 1137.43 7.19 2047.19 1384.18 0.8861
1727.92 28.36 0.02 1743.62 0.00 0.01 1740.09 0.33 0.00 1781.22 0.00 0.13 1800.58 0.00 0.02 1750.15 113.93 0.72 1847.01 108.12 0.42 1517.67 317.22 0.92 1555.82 295.65 0.14 1279.36 397.84 0.99 1301.33 388.95 0.41 1805.61 597.22 0.97 1882.68 597.20 0.91 1775.58 932.67 0.94 1848.63 937.20 0.76 1847.45 1281.65 0.75 1906.92 1250.56 0.61
1780 1460.44 1.54 2047.03 1384.97 0.7991
1769.68 29.10 0.01 1775.69 0.00 0.00 1805.88 0.00 0.00 1804.53 0.00 0.10 1919.50 0.00 0.03 1741.92 137.76 0.91 1989.43 118.32 0.36 1563.35 333.63 0.69 1734.67 303.90 0.01 1508.06 359.86 0.44 1570.83 375.82 0.02 1779.62 613.87 0.98 1964.92 604.97 0.81 1736.50 921.55 0.98 1965.38 916.14 0.74 1780.65 1265.29 0.93 2007.72 1228.73 0.56
1820 1173.50 5.66 1746.49 1475.30 0.8362
1338.44 114.44 0.31 1358.71 71.04 0.17 1343.66 78.90 0.02 1443.24 53.28 0.30 1436.94 66.35 0.01 1508.68 182.38 0.92 1572.10 167.58 0.68 1454.79 369.76 0.79 1453.45 357.18 0.17 1311.67 543.59 0.86 1304.22 533.25 0.42 1515.81 646.19 0.98 1572.74 630.16 0.90 1472.00 971.22 0.98 1511.37 959.91 0.83 1561.51 1336.63 0.96 1585.05 1293.25 0.82
1830 658.67 127.18 1237.03 1251.16 0.9259
971.94 206.31 0.03 969.12 182.78 0.03 993.36 191.43 0.01 965.94 180.65 0.81 1061.41 193.90 0.52 898.27 261.03 0.99 1115.51 291.36 0.99 733.72 366.66 0.94 1194.78 453.75 0.95 643.91 328.95 0.59 1187.16 634.31 0.97 934.13 655.88 0.99 1075.93 663.88 0.99 916.25 918.57 0.99 1097.93 895.41 0.99 943.87 1178.49 0.98 1163.16 1124.03 0.98
1840 675.76 358.59 1002.27 1066.04 0.8732
774.91 371.96 0.06 785.60 359.71 0.03 763.40 365.76 0.02 815.49 352.42 0.18 750.80 366.01 0.09 875.50 403.54 0.95 747.22 437.52 0.99 955.85 464.83 0.77 696.92 547.45 0.99 965.82 436.82 0.85 740.25 560.44 0.99 879.69 668.05 0.98 788.83 675.99 0.99 889.01 827.97 0.97 791.61 832.20 0.99 933.92 1002.96 0.99 816.52 1002.17 0.99
1850 656.50 352.98 897.19 1058.02 0.6220
736.83 380.83 0.62 746.85 367.10 0.52 725.79 372.74 0.25 774.59 363.47 0.65 715.70 375.80 0.15 830.03 427.84 0.99 702.61 454.43 0.98 872.73 517.75 0.98 665.72 549.73 0.97 837.19 536.01 0.96 688.11 590.53 0.95 818.42 659.52 0.98 733.32 666.83 0.97 820.24 804.04 0.97 740.64 803.07 0.96 838.98 984.64 0.99 770.10 957.82 0.99
1860 664.91 351.53 881.89 1019.27 0.7961
760.66 395.69 0.95 771.11 382.19 0.96 747.14 386.10 0.95 795.42 390.78 0.83 733.03 401.18 0.60 834.64 465.43 0.98 716.40 474.29 1.00 871.95 536.39 0.51 680.31 556.10 0.90 807.95 554.02 0.20 720.11 564.28 0.58 816.36 656.92 0.96 744.32 656.08 0.98 779.94 778.85 0.70 763.07 764.56 0.81 778.95 940.19 0.88 773.69 938.99 0.93
1880 659.76 370.62 889.03 1021.16 0.8319
755.73 396.09 0.87 768.73 384.24 0.83 744.12 388.25 0.70 794.15 394.12 0.83 732.46 401.49 0.49 841.00 471.84 0.98 708.95 482.83 1.00 890.12 532.87 0.67 675.66 586.94 0.98 847.89 520.82 0.43 729.82 662.86 0.96 811.69 687.44 0.98 736.17 690.28 0.99 728.96 802.33 0.96 758.25 816.07 0.95 768.36 953.49 0.94 786.09 949.98 0.91
1890 659.60 377.85 889.56 1021.17 0.8615
721.64 393.48 0.39 736.66 380.97 0.25 716.70 383.50 0.08 775.21 386.71 0.67 718.51 390.07 0.09 839.64 477.80 0.98 706.20 482.60 0.99 876.25 584.59 0.77 674.37 598.39 0.95 787.84 659.95 0.68 728.02 667.15 0.83 804.90 704.33 0.99 726.14 703.75 0.99 715.79 797.83 0.97 760.98 821.90 0.90 770.74 953.77 0.95 783.97 949.02 0.80
1900 658.74 361.91 894.29 1020.59 0.8402
760.78 393.20 0.93 770.40 380.30 0.87 744.11 386.67 0.92 789.26 391.11 0.72 726.53 405.37 0.83 839.29 470.47 0.99 707.18 483.99 0.99 890.47 528.71 0.70 670.40 589.98 0.96 851.10 518.56 0.52 729.56 666.16 0.90 809.63 692.27 0.99 731.05 697.23 0.99 716.17 797.13 0.98 765.08 822.67 0.95 766.28 949.20 0.95 787.70 945.30 0.89
1910 658.98 359.26 894.32 1019.14 0.8381
760.56 393.91 0.92 770.53 380.31 0.89 743.82 386.99 0.91 791.08 389.49 0.78 726.85 404.48 0.79 838.97 469.76 0.99 706.36 483.61 1.00 890.35 520.91 0.66 673.07 587.41 0.93 859.49 521.06 0.40 721.00 661.71 0.68 809.04 692.05 0.99 730.99 696.07 0.99 724.03 790.93 0.95 743.19 809.54 0.93 768.45 941.58 0.95 771.57 942.53 0.92
1920 658.99 360.63 896.90 1019.98 0.8300
761.28 393.27 0.88 771.37 380.66 0.82 745.13 387.05 0.85 791.32 391.18 0.75 727.82 405.41 0.75 836.12 468.61 0.99 708.02 484.07 1.00 890.17 505.76 0.81 671.22 588.33 0.95 864.09 500.71 0.67 719.86 662.42 0.78 808.47 692.28 0.99 733.45 695.49 0.99 719.75 793.62 0.96 741.96 801.00 0.91 771.94 945.78 0.96 779.66 914.52 0.90
1930 660.90 370.15 896.26 1020.46 0.7806
759.14 393.76 0.83 770.70 382.10 0.73 745.04 385.96 0.71 792.28 391.36 0.71 728.65 399.67 0.61 836.50 467.81 0.99 708.54 482.27 1.00 891.96 510.04 0.80 674.91 588.74 0.95 868.04 500.61 0.64 722.55 662.40 0.71 812.41 687.39 0.99 736.41 689.57 0.99 737.15 788.46 0.93 746.60 788.51 0.90 771.10 945.16 0.94 773.90 920.03 0.93
1940 660.17 381.14 898.98 1021.50 0.7588
753.54 406.98 0.89 765.81 392.50 0.80 737.38 397.94 0.81 790.29 395.40 0.68 719.52 407.51 0.61 837.15 469.46 0.98 707.66 485.15 1.00 893.46 520.51 0.72 674.50 596.40 0.95 863.55 512.89 0.54 730.93 670.19 0.83 815.60 689.15 0.98 735.28 692.75 0.99 761.38 775.24 0.90 747.52 785.58 0.93 773.18 932.96 0.93 779.34 932.38 0.95
1950 637.32 381.43 950.07 1047.76 0.7917
737.91 385.49 0.30 747.45 372.96 0.07 722.38 377.57 0.12 764.51 374.10 0.17 698.66 384.91 0.39 807.34 437.66 0.99 676.52 475.01 0.99 891.24 468.60 0.98 654.79 589.97 0.78 915.08 482.94 0.99 715.73 655.90 0.41 825.28 664.70 0.99 735.21 677.82 0.99 812.45 799.56 0.97 729.56 808.01 0.97 793.83 967.72 0.98 745.50 971.27 0.99
1960 601.56 353.58 963.46 1052.42 0.8902
835.49 419.62 0.98 847.35 410.01 0.86 821.56 403.87 0.98 847.06 422.91 0.15 782.18 406.20 0.94 837.45 506.76 0.99 702.91 463.17 0.99 881.86 630.47 0.99 629.78 560.47 0.97 921.54 741.51 0.98 627.29 667.45 0.98 760.90 702.76 0.99 669.49 692.80 0.99 766.67 838.91 0.99 672.84 838.36 0.99 776.22 984.10 0.99 686.85 989.20 0.99
1970 548.50 376.45 905.68 1051.73 0.8756
664.61 380.41 0.24 674.75 368.67 0.07 650.93 371.75 0.08 691.25 368.97 0.20 626.63 375.94 0.34 736.23 436.68 0.99 606.27 472.54 0.99 799.13 502.43 0.98 577.69 588.49 0.99 851.74 509.39 0.97 640.01 657.20 0.98 746.46 684.48 0.99 658.52 698.17 1.00 762.54 828.89 0.99 668.17 842.71 0.99 780.07 985.20 0.99 690.50 991.17 0.99
1980 668.52 278.05 986.77 1084.20 0.8927
765.84 335.97 0.22 770.28 327.19 0.05 753.05 325.72 0.08 768.95 338.11 0.08 727.25 335.69 0.33 787.58 399.50 0.98 714.75 421.72 0.98 869.64 374.28 0.98 806.32 507.74 0.98 935.12 312.49 0.98 908.84 500.13 0.98 801.65 651.32 0.99 752.93 660.55 0.99 798.75 810.14 0.98 751.42 822.27 0.98 777.45 984.64 0.99 724.25 1011.18 0.99
1990 678.90 265.78 1003.86 1084.08 0.8896
770.10 324.33 0.21 774.30 314.41 0.06 757.62 313.62 0.12 775.11 325.77 0.11 736.84 325.39 0.38 796.55 400.95 0.97 742.82 420.62 0.96 874.70 395.67 0.97 799.57 526.20 0.96 949.69 351.61 0.97 884.29 501.43 0.97 799.37 651.24 0.98 755.74 657.07 0.98 793.96 811.87 0.98 745.66 825.92 0.98 778.01 989.39 0.99 724.25 1021.23 0.99
2000 643.10 344.64 852.42 1081.90 0.8340
772.22 333.44 0.09 779.04 322.88 0.02 762.92 321.65 0.04 775.12 332.73 0.05 735.50 328.84 0.22 780.89 422.31 0.94 706.75 422.13 0.97 824.71 543.68 0.70 691.74 549.48 0.86 806.36 571.36 0.73 779.75 561.74 0.72 778.06 671.82 0.98 724.61 676.22 0.99 781.40 823.69 0.99 724.96 834.57 0.99 774.00 995.72 1.00 721.07 1018.15 1.00
2010 643.34 313.70 858.84 1082.26 0.8334
786.03 327.17 0.13 793.26 316.27 0.03 777.73 314.71 0.06 788.32 328.00 0.07 750.17 322.54 0.23 791.71 420.12 0.93 715.43 413.95 0.98 824.32 535.97 0.50 679.56 528.98 0.91 815.69 558.37 0.43 782.38 540.36 0.76 784.86 657.61 0.98 729.85 659.95 0.99 784.51 815.39 0.99 725.95 825.65 0.99 776.29 996.28 1.00 719.11 1021.38 1.00
2020 658.18 240.54 927.03 1090.27 0.8132
846.43 307.89 0.30 844.71 293.09 0.03 835.02 292.17 0.14 810.05 305.73 0.03 794.52 304.94 0.43 784.60 407.14 0.88 748.03 407.74 0.99 801.93 523.17 0.13 699.70 525.92 0.92 833.04 560.85 0.14 809.65 565.73 0.87 789.44 665.46 0.96 760.51 674.44 0.99 818.31 826.60 0.96 761.37 835.15 0.99 822.31 1014.73 0.98 742.90 1028.97 0.99
2030 977.35 2.62 1446.12 1281.38 0.8476
1309.02 133.90 0.24 1296.96 105.53 0.03 1297.89 107.79 0.15 1213.81 104.58 0.15 1260.45 113.09 0.73 1137.37 243.48 0.97 1234.85 238.82 0.95 1044.81 423.66 0.36 1114.45 425.82 0.11 1102.09 487.32 0.11 1127.19 503.06 0.10 1170.15 643.26 0.98 1199.54 649.96 0.99 1244.28 908.56 0.96 1158.40 905.72 0.98 1289.98 1190.16 0.93 1083.08 1136.86 0.98
2130 1302.30 9.45 1795.75 1426.40 0.3846
1537.76 156.08 0.04 1547.52 126.01 0.02 1546.77 125.01 0.00 1567.38 115.29 0.11 1603.57 107.14 0.01 1574.74 219.32 0.75 1681.25 176.83 0.25 1507.71 321.87 0.38 1605.32 256.61 0.04 1470.56 339.39 0.11 1512.55 293.75 0.03 1578.03 562.64 0.96 1663.69 546.93 0.88 1515.86 908.36 0.97 1570.45 887.17 0.81 1546.43 1308.99 0.93 1552.78 1278.70 0.72
2140 815.59 209.80 1171.72 1126.72 0.9114
967.04 299.99 0.02 961.46 280.51 0.01 985.33 282.91 0.01 951.82 275.06 0.71 1043.51 276.77 0.64 932.51 341.91 0.99 1092.82 359.40 0.99 883.37 464.50 0.95 1108.50 497.90 0.43 851.06 525.89 0.90 1033.43 552.47 0.11 973.84 647.69 0.99 1076.77 645.34 0.99 983.11 853.12 0.99 1063.56 831.59 0.96 1036.13 1076.88 0.98 1087.94 1012.51 0.97
2160 180.55 8.39 581.78 1146.13 0.4110
415.00 220.94 0.78 427.12 210.19 0.31 390.32 213.39 0.58 442.85 247.26 0.24 368.45 254.95 0.68 481.51 380.22 0.98 360.91 336.19 0.99 514.26 520.05 0.93 235.11 115.92 0.89 542.53 631.82 0.96 204.20 35.08 0.48 400.82 677.01 0.95 359.56 672.97 0.96 329.40 859.79 0.89 400.10 859.96 0.84 292.06 1067.32 0.90 404.64 1076.57 0.87
2170 142.71 148.04 514.84 1139.68 0.6998
353.64 266.91 0.10 332.44 249.14 0.04 355.43 242.91 0.11 247.10 255.72 0.48 353.79 247.41 0.82 237.49 358.97 0.88 362.66 359.82 0.97 313.01 429.08 0.04 401.42 460.70 0.22 352.06 353.22 0.03 402.42 392.99 0.05 224.78 711.33 0.96 338.92 712.06 0.99 247.54 837.65 0.92 417.11 829.34 0.99 273.63 1063.69 0.96 421.07 1060.98 0.99
2180 141.58 132.46 516.14 1141.19 0.6411
360.84 244.91 0.13 342.08 230.61 0.03 359.49 222.75 0.11 257.47 247.01 0.37 355.12 236.07 0.82 245.94 351.42 0.92 358.63 360.79 0.97 276.89 354.28 0.08 411.11 465.30 0.20 283.27 256.72 0.06 420.92 377.28 0.05 234.13 702.40 0.94 342.55 706.43 0.97 248.18 844.12 0.94 414.64 835.04 0.98 272.70 1067.48 0.97 423.54 1065.38 0.99
2190 90.87 56.18 510.16 1141.03 0.5703
358.65 241.11 0.11 343.88 226.93 0.03 356.92 220.79 0.06 267.92 244.08 0.38 358.82 236.61 0.72 249.77 342.90 0.95 361.80 365.30 0.95 164.29 200.29 0.47 427.76 451.11 0.24 94.91 86.67 0.40 426.11 334.85 0.09 248.86 696.12 0.96 348.41 699.16 0.97 256.29 855.34 0.96 416.30 844.31 0.98 271.69 1076.96 0.97 421.34 1068.95 0.99
2200 146.46 146.37 516.16 1140.69 0.6270
326.45 248.98 0.51 329.44 231.46 0.10 310.19 226.43 0.27 306.75 242.50 0.09 277.02 234.53 0.51 314.07 346.25 0.93 280.12 338.14 0.95 409.40 450.19 0.16 365.74 416.44 0.16 417.58 368.82 0.08 403.63 351.01 0.06 280.09 688.01 0.93 315.52 690.20 0.95 258.28 853.89 0.94 407.13 847.49 0.98 270.56 1068.47 0.97 419.98 1073.68 0.99
2210 73.03 2.12 574.22 1197.52 0.5146
440.25 259.47 0.33 439.50 241.64 0.16 442.86 237.21 0.13 414.41 259.35 0.61 477.55 250.32 0.61 421.96 359.71 0.98 481.62 380.24 0.94 174.11 148.37 0.84 369.09 440.76 0.48 116.44 6.25 0.43 256.32 440.03 0.47 407.18 738.89 0.93 452.39 732.64 0.95 342.82 912.58 0.87 482.88 894.02 0.95 235.89 1122.16 0.94 455.64 1102.02 0.99
2220 0.00 10.94 516.31 1455.37 0.8057
187.76 121.17 0.19 187.75 94.70 0.06 174.51 94.73 0.12 167.56 108.68 0.17 170.51 111.45 0.37 172.28 230.82 0.86 200.17 234.25 0.94 286.73 345.51 0.38 318.52 345.89 0.60 231.21 186.51 0.26 249.18 178.03 0.39 228.22 667.91 0.96 315.74 684.15 0.97 272.12 991.67 0.96 410.67 1018.77 0.98 194.94 1267.24 0.81 428.67 1350.01 0.89
2230 2.15 51.11 448.56 1324.26 0.6711
162.14 182.89 0.03 141.78 171.48 0.01 164.08 157.82 0.03 76.63 190.80 0.40 187.93 169.04 0.73 94.10 331.97 0.93 291.30 306.37 0.99 164.22 356.95 0.07 382.69 467.98 0.75 211.71 278.41 0.08 389.65 571.40 0.35 174.55 726.62 0.97 314.29 712.69 0.99 238.09 973.55 0.87 362.03 993.87 0.94 243.77 1184.96 0.74 409.58 1242.87 0.76
2240 47.54 95.04 458.17 1368.02 0.5973
211.00 216.53 0.02 190.94 202.37 0.01 214.59 189.06 0.03 109.71 216.46 0.43 227.74 194.58 0.91 123.98 335.61 0.88 310.73 331.90 0.99 239.48 451.24 0.07 386.28 508.90 0.54 344.53 406.61 0.12 365.55 526.02 0.05 182.10 729.10 0.96 310.74 723.51 0.99 243.31 988.49 0.78 363.66 1009.64 0.95 230.50 1194.69 0.62 422.16 1279.57 0.81
2250 44.28 78.77 488.55 1458.98 0.7108
252.46 219.23 0.06 223.54 201.88 0.02 246.08 190.80 0.12 114.66 207.73 0.29 226.93 195.46 0.90 111.11 327.77 0.85 308.01 321.65 0.99 215.77 427.86 0.02 388.03 497.11 0.74 317.29 390.71 0.03 373.62 517.95 0.10 169.32 757.42 0.95 310.69 757.98 0.99 240.99 1023.28 0.70 395.46 1070.14 0.97 220.10 1237.94 0.56 423.63 1364.24 0.85
2260 0.00 45.48 460.62 1446.03 0.7195
200.10 180.33 0.40 209.87 153.66 0.14 171.88 157.95 0.35 223.88 162.30 0.14 130.16 175.77 0.67 312.15 318.40 0.99 117.75 309.89 0.97 383.94 494.01 0.77 34.58 172.23 0.64 382.46 552.48 0.33 39.96 120.60 0.37 286.79 749.22 0.98 230.86 764.36 0.97 290.70 1019.27 0.85 355.25 1055.46 0.90 247.17 1222.57 0.67 400.21 1334.87 0.73
2270 2.92 49.25 435.46 1365.25 0.5731
225.89 166.69 0.07 205.10 156.30 0.03 219.96 145.96 0.10 123.13 184.23 0.43 225.63 172.92 0.84 117.10 318.26 0.96 318.12 323.39 0.99 89.77 227.35 0.14 393.72 500.71 0.71 67.32 129.39 0.14 369.57 487.73 0.14 182.74 741.40 0.98 315.50 735.67 0.99 248.64 1015.52 0.88 367.33 1045.80 0.97 245.01 1216.31 0.68 413.18 1305.14 0.83
2280 49.24 63.96 453.83 1450.46 0.6328
257.41 193.50 0.10 229.58 178.37 0.02 249.61 166.89 0.16 124.51 197.00 0.27 228.73 184.34 0.90 126.10 332.96 0.89 308.70 327.96 0.99 245.87 462.92 0.03 390.48 499.67 0.73 343.76 470.60 0.03 384.15 563.50 0.16 174.42 748.82 0.97 306.29 747.89 0.99 241.75 1008.74 0.79 377.91 1046.37 0.97 227.46 1220.80 0.66 419.17 1331.22 0.86
2290 30.68 52.29 451.68 1409.34 0.5456
207.49 172.92 0.06 190.10 158.23 0.02 205.16 148.32 0.07 122.93 181.62 0.25 214.89 168.35 0.65 119.31 333.50 0.86 316.29 323.82 0.99 184.08 403.38 0.03 392.10 502.53 0.69 233.43 342.87 0.03 368.63 520.56 0.10 182.53 749.03 0.97 314.94 744.71 0.99 244.69 1000.28 0.80 371.56 1037.46 0.96 235.09 1200.89 0.72 417.90 1309.91 0.86
2300 0.06 67.97 481.88 1428.16 0.7424
303.30 181.39 0.44 305.53 162.86 0.05 275.29 162.15 0.34 294.15 174.41 0.03 215.57 178.98 0.80 370.40 318.22 0.99 167.65 311.52 0.99 433.94 466.66 0.72 30.95 161.25 0.56 432.87 540.00 0.29 13.24 108.07 0.07 341.87 752.93 0.98 259.02 768.64 0.98 323.77 1038.57 0.85 353.27 1065.54 0.88 284.33 1258.76 0.72 380.53 1338.62 0.75
2310 267.28 237.65 525.75 794.85 0.3815
517.88 323.69 0.44 518.24 312.92 0.04 505.68 309.06 0.67 487.37 323.04 0.01 457.84 316.51 0.91 489.40 408.40 0.91 368.85 390.29 0.99 516.97 488.44 0.09 319.33 454.36 0.72 514.69 485.01 0.15 415.91 494.87 0.51 467.66 673.79 0.58 388.86 676.71 0.80 467.42 806.74 0.03 398.91 817.05 0.05 447.72 888.16 0.01 385.33 894.17 0.01
2320 768.05 244.76 1189.44 1079.31 0.8823
980.28 364.72 0.81 980.99 345.75 0.04 975.22 342.86 0.68 944.05 337.48 0.01 934.82 327.28 0.84 914.58 412.50 0.94 856.24 392.03 0.99 938.38 520.83 0.23 789.60 490.93 0.95 974.23 503.95 0.17 848.26 524.89 0.95 918.79 670.92 0.97 909.71 671.42 0.98 912.07 828.25 0.99 1013.38 826.75 0.99 841.10 1020.10 0.99 1103.23 1018.69 0.99
2350 398.20 0.00 1135.31 1455.47 0.6793
643.56 101.64 0.04 672.26 67.24 0.02 631.95 74.93 0.02 747.28 64.19 0.08 659.67 76.21 0.03 796.04 134.53 0.49 738.60 147.46 0.63 626.27 197.23 0.23 618.67 214.23 0.63 535.43 123.66 0.32 517.86 84.23 0.73 880.25 581.20 0.97 786.77 602.43 0.94 986.76 960.79 0.98 746.48 1064.97 0.87 959.94 1289.73 0.93 600.36 1340.18 0.47
2370 351.84 5.60 970.01 1451.66 0.6817
729.70 70.88 0.00 715.71 40.19 0.00 722.91 41.13 0.00 626.07 19.51 0.00 688.86 25.05 0.01 554.24 91.87 0.06 703.19 83.32 0.13 640.04 266.67 0.03 759.40 217.50 0.22 777.48 326.73 0.17 803.99 294.41 0.49 572.08 550.87 0.95 705.87 561.76 0.97 648.46 1004.88 0.93 743.60 1019.13 0.95 676.69 1343.57 0.77 719.04 1360.55 0.77
2380 99.35 4.13 944.60 1463.59 0.8808
559.13 43.02 0.00 544.75 12.20 0.00 554.55 16.57 0.00 477.63 0.00 0.00 551.20 2.74 0.00 398.91 34.45 0.02 619.63 49.14 0.01 274.65 162.70 0.20 661.22 274.23 0.26 450.09 207.82 0.11 768.87 368.33 0.55 455.61 550.23 0.98 594.65 573.37 0.98 636.83 1029.62 0.96 641.31 1101.13 0.94 665.84 1371.73 0.67 571.28 1397.17 0.45
2390 240.51 7.74 871.82 1464.78 0.6595
605.94 90.95 0.01 585.73 58.61 0.00 607.70 57.10 0.00 493.84 33.84 0.01 595.64 35.47 0.03 419.38 127.23 0.27 600.03 125.82 0.43 516.72 348.15 0.10 627.01 353.25 0.48 704.27 385.35 0.31 762.99 388.19 0.75 447.55 732.39 0.95 573.87 753.61 0.96 553.52 1136.67 0.84 602.33 1194.56 0.82 572.85 1387.13 0.31 552.02 1405.27 0.20
2400 153.47 5.43 987.70 1471.60 0.8279
618.89 52.92 0.00 605.65 20.36 0.00 602.61 22.53 0.00 523.25 0.00 0.00 546.06 7.62 0.02 452.70 56.47 0.05 510.05 83.77 0.17 563.86 254.14 0.08 564.93 295.50 0.41 691.09 334.66 0.56 725.78 375.41 0.66 511.40 666.19 0.98 506.49 715.24 0.98 755.80 991.13 0.97 582.77 1138.91 0.92 777.27 1344.50 0.89 509.30 1387.03 0.55
2410 167.38 5.05 960.09 1474.75 0.8031
638.83 46.63 0.00 632.01 13.04 0.00 616.18 16.86 0.00 562.55 0.00 0.00 548.29 3.98 0.02 496.46 44.80 0.05 498.54 89.13 0.17 590.68 244.34 0.10 545.45 335.00 0.55 709.91 326.96 0.55 740.98 379.26 0.80 532.56 656.67 0.98 513.33 710.02 0.98 736.15 1006.65 0.96 595.22 1136.69 0.90 748.33 1358.98 0.83 533.22 1397.62 0.50
2450 1381.26 6.89 2047.61 1487.18 0.3146
1759.33 61.10 0.03 1772.67 27.88 0.02 1769.50 32.77 0.00 1841.71 7.88 0.03 1847.08 13.94 0.00 1896.59 105.75 0.26 1916.00 97.72 0.08 1711.71 281.19 0.71 1734.59 255.03 0.23 1540.98 162.40 0.80 1543.07 163.20 0.63 1940.26 597.09 0.80 1944.12 592.32 0.57 1940.42 927.89 0.78 1935.36 930.82 0.37 1951.08 1324.75 0.76 1958.07 1297.84 0.48
2460 1337.22 5.05 2046.34 1488.64 0.7517
1769.34 40.71 0.01 1780.97 13.81 0.01 1782.41 16.83 0.00 1840.38 0.00 0.02 1857.77 0.00 0.00 1867.90 60.59 0.27 1911.92 67.58 0.06 1656.86 259.43 0.91 1689.55 239.14 0.23 1475.51 155.60 0.89 1479.97 153.82 0.58 1953.31 597.80 0.76 1963.14 603.55 0.55 1942.67 954.99 0.76 1918.31 942.93 0.49 1972.00 1348.41 0.60 1951.98 1299.39 0.55
2470 1329.12 2.32 2046.53 1486.12 0.8261
1792.74 36.04 0.02 1803.36 9.45 0.01 1808.92 11.94 0.00 1859.36 0.00 0.04 1889.22 0.00 0.00 1870.82 67.39 0.63 1931.17 71.10 0.19 1639.21 265.65 0.94 1667.80 245.31 0.23 1470.62 151.57 0.84 1475.92 155.58 0.34 1945.36 616.76 0.87 1966.81 624.34 0.68 1948.34 964.22 0.83 1930.82 960.76 0.55 1968.89 1347.16 0.69 1961.11 1313.57 0.57
2480 1330.72 4.73 2046.44 1479.12 0.7837
1775.58 46.94 0.02 1788.12 19.42 0.01 1790.92 21.66 0.00 1851.84 1.19 0.03 1873.19 0.00 0.00 1870.41 76.09 0.59 1927.02 74.76 0.11 1636.44 267.18 0.96 1666.99 246.14 0.16 1465.72 150.00 0.85 1478.48 159.71 0.19 1946.11 619.50 0.86 1965.50 624.23 0.62 1946.54 959.96 0.81 1925.85 956.78 0.49 1958.75 1343.13 0.69 1953.13 1308.49 0.56
2490 1147.18 5.81 2047.00 1478.99 0.7794
1694.75 41.56 0.02 1699.71 14.07 0.01 1715.02 14.41 0.00 1751.16 0.00 0.03 1815.31 0.00 0.01 1757.38 59.21 0.44 1900.39 46.70 0.11 1518.63 242.39 0.94 1583.49 180.73 0.14 1300.65 217.46 0.96 1318.89 201.59 0.46 1861.14 592.78 0.93 1931.41 595.47 0.86 1863.93 938.16 0.89 1862.05 942.53 0.78 1893.28 1306.04 0.76 1892.43 1293.39 0.76
2500 1157.12 5.20 2046.93 1487.13 0.8160
1696.39 40.68 0.02 1703.74 11.48 0.01 1715.47 11.99 0.00 1760.96 0.00 0.03 1814.78 0.00 0.00 1764.17 58.35 0.47 1905.37 40.89 0.09 1520.65 249.31 0.94 1588.15 202.31 0.08 1315.91 217.90 0.96 1345.77 209.23 0.28 1857.52 593.07 0.94 1950.20 592.89 0.77 1846.55 943.59 0.94 1885.16 942.10 0.58 1859.58 1349.18 0.84 1899.12 1294.18 0.58
2510 1159.72 5.49 2047.60 1486.49 0.7677
1703.16 44.64 0.03 1707.63 15.52 0.01 1722.00 15.07 0.00 1759.23 0.00 0.04 1821.60 0.00 0.01 1772.26 69.52 0.55 1899.02 50.37 0.18 1533.63 251.28 0.87 1590.79 216.32 0.08 1321.25 208.51 0.92 1346.68 211.56 0.37 1866.24 625.79 0.88 1926.13 627.92 0.80 1890.40 950.54 0.77 1861.22 958.25 0.71 1899.06 1343.81 0.65 1881.48 1334.49 0.74
2520 1148.75 7.06 2046.61 1482.58 0.3497
1731.13 58.99 0.04 1734.17 25.52 0.01 1752.01 28.15 0.00 1782.35 0.00 0.04 1847.14 0.00 0.01 1796.21 71.84 0.52 1905.25 61.80 0.21 1532.89 252.75 0.72 1577.59 215.99 0.11 1300.57 218.21 0.73 1304.35 226.26 0.29 1878.29 603.34 0.87 1916.24 606.54 0.75 1864.90 943.22 0.82 1855.08 947.63 0.56 1863.01 1339.58 0.76 1867.08 1319.44 0.63
2530 1158.87 6.22 2046.97 1478.68 0.6818
1732.57 42.99 0.02 1740.62 11.59 0.01 1749.90 13.93 0.00 1797.30 0.00 0.02 1838.48 0.00 0.00 1788.16 49.24 0.42 1917.38 38.98 0.04 1535.18 265.68 0.96 1623.07 223.37 0.04 1288.57 238.36 0.93 1384.63 238.87 0.08 1861.76 576.60 0.95 1940.64 578.98 0.77 1869.61 941.22 0.92 1879.10 943.25 0.59 1863.20 1333.83 0.78 1887.19 1300.33 0.57
2550 1443.36 9.68 2046.56 1492.35 0.7574
1798.41 86.80 0.04 1806.01 53.61 0.04 1804.27 59.11 0.01 1852.95 29.78 0.04 1874.86 38.82 0.00 1881.37 124.70 0.27 1957.28 108.82 0.05 1768.41 370.39 0.80 1817.57 348.76 0.17 1604.14 258.57 0.86 1619.85 259.68 0.67 1913.54 632.62 0.84 1973.65 621.29 0.53 1877.13 947.55 0.92 1928.03 932.56 0.44 1866.50 1343.51 0.88 1949.61 1273.40 0.52
2580 719.78 7.69 2029.35 1487.00 0.5383
1271.40 52.60 0.02 1282.14 16.24 0.01 1297.45 18.99 0.00 1325.39 0.00 0.03 1384.53 0.00 0.01 1324.36 52.45 0.34 1470.79 44.53 0.09 1021.86 238.00 0.89 1046.42 213.33 0.06 833.09 277.52 0.95 821.41 279.09 0.05 1506.06 537.18 0.96 1654.03 545.15 0.81 1391.98 921.09 0.98 1785.86 938.70 0.86 1379.57 1371.33 0.94 1923.28 1332.30 0.85
