90 1085.65 259.56 1354.52 809.76 0.5590
1276.75 351.50 0.95 1292.76 338.22 0.88 1262.93 331.17 0.97 1304.22 344.73 0.22 1225.81 328.83 0.92 1320.90 431.71 0.99 1163.69 436.56 1.00 1357.07 507.44 0.90 1116.89 557.03 0.99 1310.16 507.96 0.95 1158.26 627.54 0.99 1314.54 685.14 0.96 1212.79 689.15 0.98 1307.03 857.43 0.47 1216.87 864.85 0.71 1292.33 1027.39 0.25 1211.34 1031.95 0.40
100 1105.35 270.63 1368.66 813.90 0.6906
1338.66 373.66 0.59 1340.16 353.68 0.01 1336.20 350.29 0.69 1280.81 340.36 0.02 1299.50 338.08 0.94 1227.48 429.46 0.95 1230.21 439.67 1.00 1228.21 605.07 0.08 1173.59 613.37 0.77 1260.28 700.60 0.06 1207.94 744.89 0.30 1222.92 731.16 0.49 1220.44 742.28 0.76 1243.29 921.68 0.12 1229.51 932.12 0.19 1232.33 1074.63 0.17 1204.76 1084.95 0.18
190 1411.98 342.45 1620.53 747.42 0.6261
1477.75 428.57 0.80 1492.47 413.18 0.89 1463.41 414.18 0.85 1515.12 412.91 0.81 1443.32 415.37 0.66 1546.43 493.53 1.00 1411.24 491.55 0.93 1595.75 592.32 0.99 1387.05 593.22 0.09 1589.23 681.51 0.98 1413.83 670.12 0.08 1521.64 692.69 0.88 1434.76 692.28 0.67 1527.38 835.30 0.28 1443.39 832.23 0.08 1536.44 933.03 0.04 1459.29 932.13 0.02
200 1318.03 317.06 1504.21 707.17 0.5594
1497.92 396.11 0.46 1505.62 381.02 0.16 1487.42 376.59 0.51 1484.02 376.39 0.04 1444.88 368.61 0.52 1437.63 449.77 0.47 1401.33 445.46 0.98 1445.71 565.32 0.02 1367.05 571.58 0.98 1492.69 637.48 0.06 1468.26 661.65 0.97 1415.32 680.07 0.38 1389.93 687.34 0.73 1455.79 782.69 0.02 1428.88 793.46 0.05 1441.60 856.52 0.01 1411.20 870.27 0.01
210 1360.78 339.38 1513.67 707.03 0.4847
1513.87 407.14 0.17 1517.98 391.21 0.06 1505.40 389.94 0.14 1492.62 382.59 0.07 1469.46 383.72 0.26 1441.64 437.48 0.43 1441.68 445.53 0.98 1440.63 550.14 0.02 1386.61 557.47 0.98 1498.36 630.59 0.04 1481.76 653.48 0.95 1421.35 639.21 0.30 1415.11 652.81 0.64 1489.58 715.16 0.02 1491.74 728.44 0.07 1477.12 793.71 0.01 1470.16 807.06 0.02
270 1370.84 408.18 1569.49 715.16 0.8707
1458.65 480.72 0.98 1469.71 467.51 0.97 1445.72 468.94 0.98 1487.70 465.41 0.59 1426.70 470.25 0.78 1521.98 514.48 0.99 1408.82 534.05 1.00 1556.33 586.95 0.89 1397.67 623.89 0.99 1524.48 608.75 0.90 1420.75 698.19 0.98 1518.36 692.72 0.92 1443.15 700.01 0.92 1507.62 797.76 0.09 1439.70 800.44 0.09 1504.20 857.41 0.01 1444.23 862.25 0.01
280 1286.68 484.07 1663.08 830.10 0.7841
1597.92 626.93 0.96 1612.33 618.10 0.39 1596.81 605.30 0.98 1597.35 591.16 0.00 1549.61 556.04 0.96 1544.68 619.04 0.70 1446.94 536.85 0.99 1549.31 718.07 0.06 1336.62 631.42 0.99 1540.92 733.69 0.13 1436.14 688.99 0.99 1402.76 750.04 0.47 1319.11 713.52 0.79 1415.81 869.14 0.11 1339.89 840.97 0.52 1360.73 992.00 0.04 1300.40 972.94 0.09
290 1276.43 481.95 1655.17 828.71 0.7420
1587.59 614.26 0.95 1601.10 604.96 0.31 1588.68 594.75 0.97 1587.40 577.20 0.00 1549.08 548.15 0.95 1543.70 595.24 0.79 1442.29 529.01 0.99 1550.76 696.77 0.14 1335.58 633.54 1.00 1552.77 725.83 0.25 1447.32 688.04 1.00 1417.82 732.90 0.70 1332.55 705.47 0.88 1452.56 888.65 0.29 1361.11 871.42 0.72 1410.16 1024.77 0.13 1324.65 1009.63 0.23
300 1279.34 480.57 1653.62 828.34 0.7071
1591.99 609.14 0.97 1606.46 599.18 0.41 1593.36 588.41 0.97 1593.52 573.33 0.01 1553.88 542.93 0.93 1550.68 602.89 0.83 1444.70 534.75 0.99 1547.87 725.56 0.07 1338.11 639.82 0.99 1549.77 749.78 0.09 1454.29 677.75 1.00 1420.65 761.66 0.56 1335.83 734.20 0.70 1447.33 922.32 0.07 1373.13 906.71 0.25 1405.07 1034.82 0.02 1337.52 1020.49 0.02
310 1290.43 486.00 1612.80 825.77 0.5370
1545.34 613.14 0.95 1561.86 600.12 0.49 1544.31 592.32 0.95 1562.91 568.77 0.01 1512.72 545.95 0.89 1537.76 582.35 0.82 1420.92 540.65 0.99 1547.89 688.95 0.11 1331.73 656.78 0.99 1536.09 701.51 0.15 1454.85 681.16 0.99 1429.19 739.36 0.59 1337.37 721.26 0.73 1457.77 889.87 0.09 1374.94 878.73 0.31 1417.80 1008.52 0.02 1347.34 1003.07 0.04
320 1309.86 486.12 1603.04 761.37 0.3267
1532.30 611.27 0.90 1548.33 599.50 0.36 1531.72 591.08 0.88 1549.36 569.92 0.02 1500.02 545.24 0.83 1524.48 591.02 0.81 1409.29 537.53 0.98 1550.05 690.15 0.10 1326.90 648.31 0.99 1532.21 680.84 0.18 1424.03 677.54 1.00 1436.27 763.66 0.47 1344.03 741.79 0.58 1470.72 872.66 0.04 1365.37 854.09 0.12 1434.73 950.41 0.01 1351.03 945.23 0.02
330 1248.74 468.78 1520.41 728.12 0.3289
1485.72 572.66 0.58 1500.34 558.08 0.43 1477.66 556.01 0.70 1511.03 542.77 0.16 1449.05 535.57 0.78 1497.83 584.48 0.74 1382.21 554.16 0.99 1523.57 659.28 0.08 1263.16 635.59 1.00 1521.85 623.90 0.27 1390.25 677.99 0.99 1423.30 765.79 0.43 1335.47 755.57 0.60 1454.46 851.97 0.03 1337.98 844.87 0.06 1417.19 925.80 0.01 1317.57 924.16 0.01
350 1222.39 470.65 1564.43 805.20 0.8240
1405.65 594.50 0.65 1422.07 579.88 0.68 1390.59 582.03 0.54 1449.56 542.45 0.54 1364.24 546.63 0.44 1479.88 546.66 0.98 1317.72 552.20 0.99 1527.00 636.28 0.93 1250.54 655.50 1.00 1497.90 685.12 0.75 1253.86 732.98 0.97 1447.10 729.58 0.86 1336.32 735.96 0.85 1511.41 731.24 0.05 1301.18 756.66 0.05 1487.11 775.02 0.03 1316.55 799.14 0.02
390 1515.15 506.18 1573.57 704.49 0.4193
1562.03 497.37 0.02 1564.33 486.56 0.01 1565.51 487.41 0.00 1567.27 486.89 0.09 1576.10 487.25 0.02 1557.33 542.48 0.92 1568.98 541.38 0.36 1537.74 643.39 0.84 1542.51 643.53 0.08 1524.31 716.98 0.26 1527.91 717.89 0.04 1559.93 700.45 0.24 1572.52 700.29 0.05 1540.76 729.46 0.01 1559.95 726.83 0.00 1537.44 761.08 0.01 1549.27 766.04 0.00
400 1519.50 514.42 1573.69 703.81 0.3408
1564.13 509.47 0.01 1565.15 498.52 0.01 1567.10 499.32 0.00 1565.56 495.73 0.06 1575.88 496.30 0.02 1558.47 544.10 0.86 1569.63 542.45 0.38 1542.27 650.61 0.76 1547.65 650.04 0.11 1528.58 718.59 0.19 1532.95 719.77 0.05 1560.73 700.17 0.18 1571.93 699.37 0.05 1540.60 715.56 0.01 1557.02 713.01 0.00 1538.52 745.11 0.01 1548.05 750.23 0.00
410 1402.04 428.71 1571.19 703.07 0.8596
1453.01 493.34 0.92 1462.57 479.10 0.90 1439.46 483.59 0.89 1484.16 476.25 0.72 1425.20 488.37 0.48 1523.38 525.91 0.99 1430.02 543.07 0.98 1554.34 611.19 0.99 1416.08 624.33 0.70 1532.97 689.20 0.97 1419.85 695.83 0.48 1516.16 697.57 0.89 1451.59 702.59 0.84 1514.10 784.28 0.06 1451.18 785.06 0.05 1519.42 834.75 0.01 1466.13 843.25 0.01
420 1376.51 427.26 1558.95 700.53 0.3080
1519.88 472.49 0.09 1520.41 459.35 0.01 1520.17 459.58 0.04 1488.92 446.97 0.02 1501.06 449.77 0.09 1445.43 498.92 0.47 1447.25 497.66 0.98 1422.42 613.23 0.05 1420.35 615.84 0.97 1456.05 681.20 0.03 1465.74 690.27 0.70 1427.24 676.44 0.15 1430.27 682.71 0.43 1453.17 694.65 0.01 1456.48 700.08 0.03 1447.44 742.00 0.01 1444.12 744.20 0.01
440 1357.99 422.89 1447.77 701.82 0.6878
1462.67 481.36 0.01 1462.88 468.18 0.00 1462.94 468.93 0.01 1445.90 463.17 0.06 1455.20 466.97 0.22 1425.99 514.68 0.14 1420.33 513.93 0.97 1407.05 609.11 0.01 1385.06 608.84 0.95 1438.17 684.36 0.02 1434.25 693.29 0.74 1419.43 683.16 0.09 1412.88 689.04 0.57 1434.52 731.25 0.00 1432.01 736.91 0.05 1424.71 780.18 0.00 1418.15 781.87 0.02
450 1343.61 348.70 1562.02 757.51 0.6742
1474.11 410.29 0.95 1490.40 398.77 0.98 1461.59 398.43 0.93 1514.23 416.42 0.88 1444.88 415.98 0.65 1516.79 485.02 0.99 1426.76 488.82 0.99 1522.07 583.24 0.98 1373.52 597.49 0.99 1542.62 677.45 0.99 1382.32 684.32 0.99 1479.43 699.06 0.97 1412.03 698.69 0.97 1469.74 844.61 0.25 1406.05 841.87 0.25 1461.13 940.84 0.05 1394.22 943.01 0.05
460 1332.30 398.28 1549.01 799.00 0.7786
1487.97 510.09 0.19 1498.28 493.44 0.17 1479.15 493.37 0.21 1502.04 477.24 0.27 1451.62 477.75 0.53 1490.52 529.73 0.91 1417.79 536.88 0.99 1514.86 626.23 0.30 1358.44 647.61 0.99 1520.47 702.75 0.36 1393.85 742.02 0.98 1480.98 747.69 0.84 1421.69 753.59 0.87 1487.60 893.37 0.10 1435.19 899.13 0.10 1477.28 980.55 0.03 1422.39 985.35 0.02
500 1367.79 390.92 1565.06 789.65 0.7961
1434.85 450.40 0.45 1445.32 437.04 0.53 1423.78 440.25 0.49 1469.48 439.74 0.65 1412.23 448.43 0.46 1515.47 513.07 0.99 1400.15 524.71 0.99 1529.55 622.20 0.99 1388.64 621.03 0.99 1496.18 720.67 0.97 1389.57 711.76 0.97 1498.19 698.83 0.95 1424.51 701.43 0.95 1495.23 826.12 0.40 1428.68 824.37 0.42 1498.77 940.19 0.06 1432.95 934.83 0.07
510 1114.94 506.13 1703.35 846.77 0.8583
1422.10 616.05 0.62 1431.73 599.78 0.56 1409.91 603.88 0.24 1461.50 579.05 0.69 1400.77 589.00 0.16 1534.93 593.74 0.99 1392.65 618.29 0.99 1613.56 689.08 0.99 1279.50 686.66 0.99 1662.16 784.91 0.99 1195.17 788.78 0.99 1536.97 828.89 0.84 1452.54 831.78 0.86 1543.50 843.69 0.10 1424.23 833.82 0.13 1543.34 920.96 0.06 1439.78 919.60 0.10
520 1141.98 509.19 1697.01 1107.26 0.8455
1244.08 599.73 0.96 1243.59 579.04 0.99 1228.37 595.13 0.49 1278.78 542.11 0.98 1235.49 580.56 0.02 1332.13 572.68 0.99 1306.69 596.28 0.95 1294.44 697.20 0.97 1269.85 709.46 0.91 1209.73 793.20 0.95 1201.15 795.49 0.89 1497.60 667.97 0.98 1468.26 688.50 0.93 1541.47 855.80 0.99 1488.75 872.07 0.89 1617.72 1036.45 0.96 1530.15 1037.23 0.73
540 1427.42 436.65 1655.30 728.44 0.7775
1594.49 526.27 0.86 1600.63 511.49 0.49 1578.20 511.98 0.92 1595.96 509.33 0.02 1530.02 509.21 0.92 1610.59 548.11 0.98 1462.95 534.52 0.96 1626.09 665.73 0.77 1417.67 640.61 0.82 1519.62 668.44 0.15 1451.41 675.86 0.62 1562.51 706.42 0.32 1465.65 701.87 0.25 1559.12 681.10 0.02 1439.46 671.07 0.02 1519.29 691.21 0.01 1454.78 701.40 0.01
560 1437.35 444.05 1573.29 781.78 0.7831
1560.73 496.68 0.04 1555.75 487.56 0.00 1559.89 487.18 0.08 1514.67 483.18 0.16 1551.05 486.26 0.83 1478.56 530.24 0.97 1555.57 532.95 0.96 1458.02 599.29 0.13 1559.92 606.90 0.20 1468.41 646.53 0.02 1565.25 650.42 0.03 1484.37 680.99 0.94 1539.65 683.26 0.94 1485.08 781.10 0.22 1537.76 784.55 0.15 1479.39 865.39 0.05 1532.62 864.27 0.03
570 1439.29 446.01 1574.22 782.19 0.7807
1560.59 497.41 0.05 1555.50 488.36 0.00 1559.11 487.90 0.08 1513.83 485.63 0.15 1550.43 488.65 0.80 1480.69 532.63 0.96 1553.22 534.97 0.97 1460.68 601.41 0.08 1557.18 609.93 0.35 1476.73 642.87 0.02 1565.12 656.62 0.08 1483.17 679.82 0.95 1535.97 682.05 0.96 1488.07 784.33 0.31 1537.00 788.13 0.30 1483.44 878.61 0.07 1531.41 877.73 0.05
580 1437.54 445.55 1573.12 781.69 0.7984
1559.40 496.91 0.04 1553.77 488.08 0.00 1558.58 487.96 0.08 1512.14 485.17 0.19 1550.66 489.18 0.86 1476.62 531.72 0.97 1555.82 535.17 0.97 1455.54 602.88 0.18 1559.92 609.14 0.28 1461.50 657.96 0.04 1566.08 660.35 0.07 1483.22 674.53 0.96 1538.48 676.93 0.96 1487.40 777.42 0.34 1536.91 780.60 0.28 1481.86 867.57 0.08 1532.92 866.15 0.06
590 1438.60 445.16 1573.72 781.26 0.7563
1562.19 495.20 0.06 1556.78 486.49 0.01 1560.85 486.06 0.10 1515.73 483.83 0.14 1551.69 486.81 0.83 1481.81 530.89 0.96 1556.02 533.35 0.96 1460.58 598.32 0.15 1560.10 604.91 0.21 1470.21 647.42 0.03 1565.05 647.87 0.05 1486.77 673.80 0.94 1539.74 675.91 0.93 1489.87 768.40 0.21 1537.84 771.25 0.15 1484.37 847.11 0.06 1531.33 845.44 0.04
600 1447.70 437.94 1573.72 780.16 0.8008
1561.90 484.79 0.28 1558.74 476.30 0.02 1558.47 474.89 0.43 1519.61 475.31 0.06 1542.84 475.83 0.91 1483.22 529.43 0.95 1546.75 532.04 0.98 1465.93 598.37 0.08 1553.69 606.83 0.48 1481.83 645.09 0.02 1566.69 662.60 0.14 1492.05 670.45 0.91 1538.31 673.20 0.94 1498.83 769.15 0.22 1543.78 773.65 0.23 1495.02 856.03 0.06 1538.51 857.57 0.04
610 1404.79 356.90 1569.63 783.34 0.7690
1452.58 420.17 0.03 1449.89 408.02 0.01 1459.60 407.14 0.01 1439.58 411.00 0.50 1497.64 408.11 0.31 1418.81 496.01 0.95 1532.81 491.42 0.99 1403.44 609.83 0.09 1555.47 605.24 0.74 1414.83 672.78 0.01 1551.32 672.56 0.16 1430.17 722.95 0.93 1514.56 721.50 0.97 1432.18 861.43 0.23 1510.45 864.80 0.27 1441.92 980.94 0.04 1508.24 971.02 0.04
620 1258.74 391.23 1378.40 645.50 0.3265
1370.70 393.98 0.05 1376.39 382.11 0.03 1373.27 382.57 0.01 1387.39 386.07 0.04 1379.87 386.36 0.01 1374.19 426.81 0.31 1374.51 431.89 0.19 1304.27 514.59 0.52 1288.76 517.12 0.21 1291.43 522.32 0.43 1307.21 517.05 0.17 1364.40 541.95 0.18 1359.57 542.75 0.12 1294.40 526.23 0.47 1302.64 532.29 0.24 1323.46 655.33 0.24 1323.48 660.66 0.12
670 1499.64 440.18 1574.12 778.13 0.4138
1514.83 500.59 0.25 1514.40 487.75 0.41 1517.84 487.16 0.01 1531.79 482.03 0.82 1555.69 477.15 0.02 1547.85 543.56 0.98 1583.30 529.69 0.32 1558.81 644.73 0.90 1578.19 629.37 0.01 1553.33 713.87 0.46 1554.70 696.50 0.02 1558.21 706.84 0.68 1580.70 700.05 0.14 1550.10 800.83 0.41 1562.94 800.55 0.03 1553.65 916.44 0.23 1557.02 908.89 0.03
680 1516.30 460.53 1571.78 793.63 0.4294
1530.98 507.48 0.05 1530.44 498.45 0.06 1536.15 496.68 0.01 1535.73 497.43 0.54 1563.79 490.95 0.11 1540.72 538.39 0.95 1574.70 527.43 0.30 1548.12 619.69 0.81 1566.12 609.20 0.02 1549.72 699.80 0.52 1552.80 691.33 0.05 1551.67 660.68 0.66 1572.76 656.63 0.19 1550.35 762.06 0.49 1561.64 762.96 0.07 1550.37 871.46 0.34 1555.81 867.15 0.07
700 1186.74 322.24 1397.10 652.98 0.4772
1401.30 394.30 0.01 1395.02 381.10 0.00 1400.20 381.08 0.03 1346.62 381.28 0.21 1387.70 387.12 0.83 1305.95 440.98 0.95 1354.09 452.79 0.88 1229.45 512.07 0.42 1269.13 522.28 0.23 1201.49 575.47 0.18 1201.79 582.72 0.24 1266.04 618.36 0.57 1298.13 627.11 0.51 1282.65 735.58 0.05 1317.88 751.92 0.04 1250.86 798.16 0.02 1269.28 807.56 0.01
710 1180.33 318.05 1398.84 667.45 0.3764
1402.82 401.70 0.02 1395.73 387.17 0.00 1401.55 387.82 0.03 1341.40 382.32 0.15 1381.81 390.66 0.84 1291.44 444.25 0.98 1346.15 466.23 0.94 1221.14 508.77 0.68 1275.38 535.14 0.29 1199.60 588.08 0.28 1209.18 598.99 0.22 1258.02 632.17 0.68 1292.48 646.49 0.56 1286.54 771.98 0.07 1320.51 796.39 0.04 1255.65 856.78 0.02 1273.03 869.21 0.01
720 1198.74 317.76 1400.22 596.86 0.7439
1402.39 375.23 0.46 1404.33 366.42 0.07 1389.98 361.46 0.81 1391.35 381.73 0.01 1349.05 371.70 0.98 1383.80 457.63 0.40 1294.22 444.00 1.00 1401.49 491.30 0.00 1227.86 519.58 0.98 1408.37 444.28 0.02 1239.67 542.48 0.96 1360.48 616.97 0.25 1290.79 615.64 0.71 1382.32 667.86 0.01 1306.97 673.86 0.02 1348.81 701.55 0.00 1279.49 704.05 0.00
730 1206.85 319.91 1398.18 753.58 0.4276
1396.88 393.22 0.04 1394.82 379.11 0.00 1398.67 380.00 0.07 1349.96 377.30 0.26 1382.57 384.99 0.87 1296.96 443.70 0.97 1332.51 459.95 0.98 1237.23 552.32 0.49 1250.26 570.64 0.87 1235.55 657.69 0.37 1231.65 673.29 0.88 1283.11 661.08 0.80 1295.77 672.62 0.81 1297.46 825.09 0.20 1289.39 836.77 0.16 1276.78 945.39 0.15 1254.08 960.01 0.10
740 1207.68 319.71 1399.89 817.13 0.3421
1400.38 397.99 0.13 1396.06 384.29 0.01 1397.16 383.21 0.21 1352.34 383.67 0.04 1367.72 384.61 0.90 1326.17 456.78 0.88 1306.03 453.51 1.00 1308.36 577.09 0.05 1233.55 559.52 0.99 1320.22 644.58 0.05 1259.59 643.46 0.99 1304.20 661.12 0.64 1285.88 663.84 0.91 1288.63 830.77 0.26 1293.57 833.39 0.53 1268.81 977.39 0.34 1278.68 983.69 0.42
760 1195.29 318.14 1393.92 814.24 0.5617
1386.21 391.40 0.77 1391.79 379.30 0.37 1373.88 375.03 0.92 1385.78 383.99 0.02 1331.13 374.11 0.94 1372.47 466.35 0.89 1279.92 452.49 0.99 1404.92 514.90 0.08 1218.31 562.98 0.99 1413.14 440.58 0.09 1229.03 649.00 0.98 1334.79 663.99 0.80 1268.64 658.95 0.93 1331.69 820.87 0.31 1260.88 822.29 0.62 1314.93 965.35 0.19 1241.72 967.61 0.28
770 1145.55 359.33 1407.79 962.86 0.6271
1406.10 434.26 0.38 1417.39 423.56 0.06 1397.72 416.17 0.59 1408.88 431.08 0.05 1359.84 410.01 0.93 1384.22 504.65 0.78 1275.86 455.46 1.00 1380.38 607.94 0.09 1178.63 562.06 0.99 1381.45 664.83 0.05 1214.93 655.63 0.99 1304.05 691.40 0.84 1225.63 676.02 0.98 1313.96 861.38 0.45 1229.44 854.77 0.84 1292.91 1007.41 0.37 1228.42 1004.39 0.59
780 1161.44 313.58 1361.07 991.34 0.7678
1342.36 394.52 0.27 1335.79 376.25 0.02 1344.56 378.96 0.31 1277.53 373.91 0.15 1324.91 375.95 0.97 1227.36 444.00 0.95 1266.00 458.87 1.00 1214.51 544.37 0.15 1205.42 568.57 0.98 1286.61 619.77 0.05 1258.78 660.91 0.97 1245.04 680.47 0.79 1268.70 690.98 0.95 1244.90 851.65 0.48 1271.16 859.23 0.77 1223.74 1034.37 0.55 1235.78 1037.20 0.68
790 1155.46 300.86 1356.94 1002.59 0.8379
1327.03 391.11 0.55 1325.99 372.17 0.03 1328.58 372.74 0.64 1278.59 368.20 0.05 1306.27 363.94 0.98 1243.31 447.54 0.92 1238.01 455.18 1.00 1297.24 544.83 0.10 1199.97 584.86 0.99 1364.50 500.12 0.06 1264.91 678.92 0.98 1258.82 692.92 0.75 1247.66 700.12 0.97 1260.84 873.19 0.41 1238.93 880.83 0.88 1240.14 1046.54 0.44 1219.01 1052.35 0.76
800 1040.43 319.51 1298.18 997.10 0.9043
1209.36 407.16 0.27 1202.19 388.10 0.02 1210.62 391.01 0.34 1144.91 380.79 0.15 1193.85 384.44 0.98 1090.40 449.23 0.98 1155.65 475.50 1.00 1063.61 560.74 0.31 1157.69 609.75 0.99 1153.48 629.71 0.08 1263.29 677.26 0.98 1088.88 707.64 0.96 1149.10 722.91 0.99 1093.88 875.17 0.93 1187.00 885.11 0.96 1079.28 1052.38 0.88 1169.25 1055.22 0.87
810 1028.09 316.46 1297.57 999.92 0.9092
1213.96 408.82 0.83 1211.56 391.03 0.08 1208.14 390.86 0.91 1159.83 381.86 0.02 1170.23 380.07 0.99 1089.80 451.41 0.95 1139.28 476.42 1.00 1081.99 566.67 0.11 1152.87 613.59 0.99 1172.01 631.25 0.06 1262.47 685.37 0.99 1083.30 731.40 0.96 1138.11 746.57 0.99 1085.08 904.04 0.90 1179.05 913.42 0.96 1078.73 1078.29 0.71 1154.62 1081.57 0.71
820 1007.11 318.69 1337.51 989.35 0.9162
1214.62 415.14 0.90 1221.33 400.82 0.10 1209.58 394.94 0.93 1190.76 388.20 0.01 1167.65 371.06 0.98 1122.15 446.23 0.90 1110.48 443.46 1.00 1118.13 564.46 0.48 1154.26 543.39 0.99 1202.26 588.60 0.75 1271.88 534.39 0.99 1092.43 666.86 0.90 1087.62 670.64 0.98 1099.97 843.74 0.78 1108.52 841.97 0.96 1066.28 1021.91 0.57 1064.26 1027.75 0.82
830 957.72 201.08 1329.79 1140.39 0.9291
1153.43 287.87 0.07 1141.13 270.70 0.01 1154.34 268.15 0.10 1067.79 275.49 0.23 1140.47 268.88 0.98 1013.16 378.49 1.00 1124.78 369.71 1.00 982.40 539.10 0.88 1133.19 525.12 0.99 1095.03 566.77 0.24 1261.76 545.34 0.98 1025.71 656.79 0.99 1098.96 666.08 0.99 1037.36 858.19 0.99 1089.96 875.58 0.99 1016.35 1067.40 0.98 1060.60 1095.95 0.98
840 961.88 197.17 1336.56 1142.40 0.7158
1152.57 287.33 0.08 1139.93 270.49 0.01 1152.38 267.67 0.11 1066.29 275.59 0.20 1136.69 268.86 0.98 1012.00 377.80 1.00 1125.37 368.97 1.00 986.73 540.92 0.90 1139.70 525.26 0.99 1101.32 555.74 0.21 1274.03 536.80 0.98 1026.56 661.06 0.99 1100.60 670.97 0.99 1040.45 863.33 0.98 1090.40 882.83 0.98 1012.98 1068.84 0.98 1059.54 1100.48 0.98
850 979.23 221.89 1347.34 986.20 0.8883
1156.20 314.59 0.52 1150.33 298.05 0.02 1151.67 294.30 0.64 1097.04 289.46 0.05 1121.18 280.92 0.98 1042.10 377.04 0.97 1117.84 373.70 1.00 1049.01 518.38 0.76 1206.41 488.86 0.98 1166.05 578.35 0.94 1330.92 489.94 0.96 1043.69 648.57 0.96 1097.58 651.32 0.99 1065.85 850.84 0.82 1111.87 852.60 0.91 1070.96 1053.05 0.58 1090.36 1054.67 0.66
860 995.39 242.15 1593.45 1123.85 0.8896
1257.58 315.94 0.04 1245.22 298.29 0.01 1256.27 300.85 0.02 1181.11 297.65 0.17 1240.98 304.66 0.52 1115.40 376.36 0.99 1240.07 391.20 0.99 1050.78 506.96 0.80 1341.71 484.34 0.99 1100.15 556.42 0.19 1479.23 505.35 0.98 1073.83 613.25 0.99 1157.05 623.88 0.99 1064.71 828.81 0.98 1134.11 835.73 0.99 1053.13 1057.48 0.98 1101.74 1067.70 0.99
870 1000.45 241.79 1600.63 1122.68 0.8714
1200.70 308.68 0.10 1197.20 292.37 0.02 1198.58 293.31 0.05 1150.80 293.00 0.34 1189.97 294.48 0.63 1073.51 374.15 0.99 1215.39 380.70 0.99 1031.84 525.88 0.96 1332.78 474.62 0.99 1047.36 653.92 0.94 1480.42 504.78 0.98 1079.61 625.44 0.99 1156.97 634.94 1.00 1073.76 846.95 0.98 1131.81 859.27 0.99 1061.76 1062.34 0.91 1097.21 1077.55 0.94
880 999.23 308.59 1603.16 1122.78 0.8481
1214.02 301.62 0.07 1209.02 286.27 0.01 1213.13 287.23 0.03 1157.42 283.75 0.21 1200.08 286.09 0.43 1079.08 368.99 0.98 1215.89 379.18 0.99 1033.27 523.84 0.93 1338.18 478.11 0.98 1046.83 648.59 0.90 1479.07 500.74 0.97 1087.62 620.32 0.99 1153.67 631.54 1.00 1080.32 840.76 0.98 1122.88 852.61 0.99 1073.08 1060.16 0.92 1089.69 1073.96 0.93
890 1001.08 276.26 1604.54 1122.88 0.8556
1177.56 308.31 0.10 1185.01 292.13 0.02 1172.56 293.11 0.04 1174.75 290.76 0.16 1161.74 290.27 0.48 1149.98 376.92 0.97 1180.34 380.48 0.99 1306.87 480.71 0.85 1340.74 477.37 0.94 1464.23 538.27 0.89 1496.09 507.46 0.90 1104.33 629.73 0.99 1129.58 635.83 0.99 1090.12 844.32 0.98 1117.85 847.74 0.99 1071.64 1067.47 0.93 1098.66 1074.79 0.95
900 1000.76 232.57 1602.11 1127.45 0.8565
1187.27 306.67 0.15 1202.94 291.83 0.04 1174.17 291.11 0.07 1208.80 290.08 0.20 1140.75 286.48 0.35 1217.76 378.29 0.97 1102.07 375.30 0.99 1341.97 466.78 0.96 1039.42 505.95 0.96 1502.75 513.95 0.98 1039.69 633.57 0.87 1152.36 637.66 0.99 1099.93 633.65 0.99 1120.95 845.45 0.99 1084.05 849.36 0.99 1097.00 1069.41 0.96 1070.61 1060.99 0.96
910 1000.92 307.86 1605.30 1123.03 0.8559
1189.19 311.42 0.07 1196.96 294.59 0.01 1181.83 294.88 0.03 1184.10 289.66 0.11 1159.14 287.99 0.38 1162.54 377.89 0.97 1164.31 380.18 0.99 1332.00 476.54 0.90 1328.16 480.07 0.93 1502.86 522.17 0.93 1495.64 509.28 0.83 1113.59 636.67 0.99 1113.13 640.35 0.99 1099.05 853.54 0.98 1099.94 851.69 0.98 1078.35 1075.44 0.91 1077.85 1071.77 0.92
920 986.37 341.96 1604.72 1120.46 0.8838
1216.81 315.42 0.04 1218.44 300.75 0.01 1215.88 300.66 0.01 1196.87 300.42 0.09 1207.21 298.32 0.12 1168.54 376.69 0.92 1218.16 379.46 0.96 1328.36 476.40 0.76 1340.31 472.19 0.91 1497.37 520.74 0.86 1485.23 506.24 0.84 1103.90 622.20 0.98 1135.78 626.44 0.98 1085.17 832.90 0.97 1119.88 833.95 0.98 1063.64 1060.72 0.96 1097.14 1064.10 0.96
930 1067.49 335.48 1351.41 994.54 0.7699
1324.76 402.31 0.42 1323.65 389.47 0.02 1323.67 387.93 0.29 1281.78 389.42 0.03 1295.74 381.84 0.88 1248.01 451.79 0.96 1222.03 445.62 1.00 1287.40 504.14 0.82 1184.41 530.81 1.00 1360.58 518.95 0.73 1289.11 555.21 0.99 1198.44 656.51 0.90 1181.12 656.50 0.98 1202.13 823.64 0.70 1165.73 822.38 0.93 1165.09 992.48 0.54 1112.10 995.42 0.78
950 990.69 359.65 1338.31 1122.76 0.7067
1183.84 366.18 0.28 1196.13 356.66 0.08 1171.89 355.05 0.09 1209.29 364.94 0.19 1143.56 358.22 0.30 1234.04 446.90 0.98 1094.90 425.91 0.98 1286.59 518.74 0.96 1010.21 484.09 0.95 1322.42 535.34 0.94 1038.74 509.84 0.96 1187.54 690.78 0.98 1087.97 682.58 0.99 1179.11 860.09 0.95 1067.94 853.78 0.98 1165.24 1038.95 0.94 1055.33 1032.09 0.98
960 970.99 296.73 1452.78 1124.25 0.7287
1179.82 315.10 0.17 1198.55 305.86 0.06 1167.90 299.08 0.04 1220.19 318.45 0.23 1132.97 299.43 0.20 1237.31 431.42 0.99 1061.09 391.66 0.98 1317.24 499.60 0.99 984.05 481.34 0.96 1403.91 477.28 0.98 993.06 477.57 0.95 1154.06 698.08 0.99 1036.46 684.39 0.98 1142.48 861.40 0.96 1033.35 861.16 0.97 1134.33 1056.57 0.96 1057.07 1034.89 0.98
970 764.72 195.57 1248.80 1203.68 0.9331
1034.27 288.74 0.38 1027.40 270.88 0.02 1034.03 269.05 0.36 961.52 256.98 0.10 1013.75 250.09 0.95 894.10 323.34 0.96 989.57 304.03 1.00 865.04 452.44 0.13 1023.42 431.92 0.99 960.71 534.10 0.05 1169.20 506.27 0.99 881.63 621.25 0.99 956.42 625.01 1.00 876.49 874.40 0.99 957.63 878.00 1.00 808.21 1132.42 0.98 907.11 1132.95 0.98
980 785.23 3.33 1254.59 1301.61 0.9471
1138.42 126.97 0.18 1120.12 101.23 0.01 1138.97 100.42 0.31 1017.36 95.43 0.20 1105.78 93.94 0.98 906.26 223.33 1.00 1113.92 211.90 0.99 865.49 424.05 0.76 1171.58 386.70 0.94 919.18 515.71 0.26 1199.71 512.52 0.98 908.59 581.25 0.99 1048.55 588.38 0.99 896.11 858.21 1.00 1047.94 876.98 0.99 858.12 1176.72 0.99 1014.43 1207.93 0.99
990 785.88 2.86 1256.31 1300.47 0.5260
1135.43 122.35 0.22 1117.45 96.97 0.01 1135.20 96.26 0.39 1016.70 94.31 0.16 1102.48 93.09 0.99 908.60 224.80 1.00 1109.44 216.05 0.99 866.76 430.45 0.83 1165.69 390.42 0.94 925.38 523.46 0.36 1198.71 513.95 0.98 907.24 571.66 0.99 1042.77 579.63 0.99 897.33 858.77 1.00 1046.55 878.27 0.99 858.51 1180.46 0.99 1013.99 1211.77 0.99
1000 789.76 8.29 1254.88 1303.29 0.9238
1131.64 141.91 0.07 1114.25 113.88 0.01 1136.13 116.10 0.11 1020.30 98.13 0.35 1116.38 101.92 0.97 911.25 222.48 1.00 1122.61 222.48 1.00 869.34 419.94 0.67 1177.91 405.38 0.95 923.13 518.36 0.18 1209.96 530.08 0.97 918.08 581.86 0.99 1054.14 593.35 1.00 915.56 856.79 1.00 1048.23 877.18 1.00 860.95 1164.80 1.00 1016.31 1209.37 0.99
1010 908.32 207.60 1371.77 1153.61 0.9082
1106.09 309.47 0.28 1099.22 289.92 0.01 1106.78 287.90 0.34 1034.07 267.98 0.10 1084.67 261.09 0.97 974.02 348.88 0.96 1066.94 344.03 1.00 1000.52 504.76 0.24 1127.55 488.59 0.99 1134.62 552.97 0.21 1263.57 511.85 0.99 976.79 634.56 0.97 1043.20 640.31 1.00 1028.13 869.64 0.96 1054.71 875.29 0.99 1026.26 1091.56 0.91 1011.39 1108.03 0.96
1020 1139.54 245.02 1561.35 975.37 0.6402
1379.17 335.69 0.11 1369.30 317.94 0.01 1380.63 315.28 0.12 1297.17 304.57 0.28 1363.93 297.97 0.95 1226.00 385.11 0.99 1354.38 374.97 1.00 1178.96 507.86 0.38 1389.63 516.51 0.98 1240.27 591.42 0.09 1492.72 615.15 0.97 1221.56 625.81 0.99 1312.81 630.88 0.99 1226.15 832.95 0.95 1315.11 846.59 0.95 1209.83 1046.64 0.81 1288.06 1059.51 0.71
1030 1067.19 301.17 1559.96 1058.89 0.7492
1194.38 363.14 0.04 1181.91 357.83 0.01 1192.61 345.98 0.02 1119.38 373.57 0.36 1183.17 348.25 0.73 1098.46 483.48 0.99 1222.65 419.25 1.00 1128.02 616.83 0.42 1323.65 523.79 0.99 1231.94 627.15 0.07 1447.64 559.30 0.98 1173.23 723.18 0.98 1263.32 702.94 0.99 1198.09 876.16 0.82 1313.79 865.56 0.79 1184.98 1057.67 0.82 1285.90 1047.14 0.64
1040 1070.68 284.87 1561.42 1036.67 0.8243
1192.98 338.98 0.05 1180.51 334.90 0.01 1190.75 324.52 0.03 1119.43 361.55 0.28 1184.49 339.63 0.75 1100.24 474.48 0.99 1226.76 414.34 1.00 1122.00 619.35 0.66 1327.89 520.80 0.99 1203.86 629.68 0.13 1452.62 551.71 0.98 1179.99 717.11 0.98 1267.88 699.59 0.99 1195.45 867.56 0.85 1323.43 865.60 0.86 1189.80 1044.15 0.83 1304.67 1046.08 0.71
1050 1130.73 230.72 1670.97 1105.48 0.7065
1353.75 312.46 0.16 1340.01 298.51 0.02 1351.07 293.37 0.22 1267.93 299.75 0.20 1331.94 288.97 0.97 1210.27 404.26 0.99 1370.45 373.25 1.00 1194.36 551.27 0.79 1487.03 456.47 0.98 1256.99 605.21 0.25 1597.05 457.42 0.95 1238.48 661.98 0.99 1345.21 657.18 0.99 1216.51 851.65 0.99 1344.75 870.50 0.97 1167.56 1075.41 0.96 1302.04 1095.34 0.84
1060 1314.35 313.36 1555.02 829.26 0.8072
1473.83 392.18 0.05 1468.03 377.44 0.00 1474.66 378.59 0.11 1406.77 367.05 0.06 1460.98 374.05 0.89 1374.40 424.99 0.87 1418.86 424.96 0.99 1369.84 551.14 0.06 1400.08 542.60 0.99 1466.80 605.89 0.06 1499.96 597.82 0.99 1368.18 636.94 0.91 1407.59 642.28 0.98 1394.14 797.13 0.51 1457.46 796.02 0.84 1389.55 960.42 0.26 1453.35 956.06 0.43
1070 1326.61 260.03 1567.68 833.70 0.8207
1456.17 344.34 0.04 1452.96 329.56 0.02 1465.55 330.23 0.01 1436.73 330.91 0.81 1507.63 330.46 0.68 1390.57 418.83 1.00 1545.31 413.58 1.00 1351.90 552.03 0.96 1548.72 539.02 0.77 1424.29 563.97 0.13 1507.91 559.64 0.04 1415.80 655.49 0.99 1518.33 654.48 0.98 1424.00 823.89 0.78 1505.58 823.81 0.68 1424.82 985.36 0.33 1498.40 985.08 0.26
1080 1191.08 277.42 1567.27 831.37 0.5383
1453.72 358.84 0.01 1451.46 346.15 0.01 1467.11 343.61 0.00 1438.03 351.22 0.79 1510.35 342.05 0.61 1391.98 427.61 0.99 1551.29 417.95 0.96 1297.17 528.36 0.99 1578.37 528.15 0.28 1244.85 515.56 0.97 1538.49 566.33 0.06 1416.80 661.60 0.99 1522.89 657.31 0.96 1411.94 823.81 0.77 1501.65 819.54 0.49 1412.32 1002.74 0.29 1487.08 998.60 0.20
1090 1145.52 306.84 1431.52 834.28 0.3448
1262.93 375.26 0.96 1279.47 361.54 0.99 1256.01 361.11 0.76 1318.58 368.00 0.99 1253.37 368.47 0.07 1378.21 451.13 1.00 1229.57 458.96 1.00 1438.83 548.64 0.85 1198.73 549.85 0.98 1411.47 596.30 0.49 1176.79 589.81 0.93 1358.51 667.44 0.97 1259.58 668.45 0.98 1371.05 823.50 0.62 1262.93 824.97 0.73 1379.82 977.19 0.39 1269.40 975.61 0.46
1100 980.59 243.11 1318.63 1103.79 0.9107
1173.30 340.81 0.09 1174.59 324.05 0.06 1189.26 324.54 0.01 1194.83 331.59 0.77 1254.90 327.94 0.15 1217.92 427.23 1.00 1274.98 422.18 0.98 1160.73 541.53 0.99 1163.28 516.17 0.79 1044.51 514.96 0.98 1084.10 472.79 0.81 1197.89 694.14 0.99 1253.30 693.38 0.98 1129.01 846.21 0.99 1218.30 865.23 0.91 1122.56 1041.59 0.97 1257.23 1033.70 0.88
1110 714.23 211.79 1213.98 1122.89 0.9114
1042.76 289.19 0.91 1058.46 272.30 0.96 1050.12 275.54 0.11 1103.92 282.11 0.99 1105.01 282.97 0.02 1060.56 387.71 1.00 1145.52 389.20 0.97 936.81 472.45 0.99 1050.77 470.35 0.79 809.55 452.02 1.00 943.18 418.84 0.96 1081.87 684.69 0.99 1139.26 685.07 0.95 1087.41 875.13 0.97 1121.03 872.64 0.87 1130.59 1072.78 0.97 1174.12 1053.48 0.93
1120 737.93 213.04 1208.63 1123.53 0.9077
1020.20 290.79 0.93 1036.59 273.59 0.96 1025.72 276.42 0.15 1083.15 281.59 0.99 1078.59 282.58 0.02 1052.36 385.37 1.00 1128.70 385.99 0.98 913.73 461.10 0.99 1123.62 505.88 0.35 815.12 423.78 0.99 998.42 506.68 0.17 1082.68 684.99 0.99 1123.68 680.58 0.95 1085.39 873.49 0.98 1105.52 870.58 0.88 1126.31 1072.90 0.97 1160.99 1056.56 0.94
1130 1135.35 285.40 1451.91 831.86 0.6731
1318.75 363.86 0.01 1311.61 350.97 0.00 1326.11 350.07 0.01 1270.79 345.51 0.88 1346.82 345.99 0.89 1217.49 418.37 1.00 1385.00 421.32 1.00 1166.95 542.95 0.99 1427.50 553.99 0.92 1165.32 657.83 0.96 1441.02 675.82 0.73 1245.10 659.85 1.00 1352.81 660.15 1.00 1236.31 839.99 0.94 1336.38 846.53 0.88 1235.11 1024.92 0.57 1316.93 1027.03 0.45
1140 1443.98 438.75 1568.08 831.75 0.5018
1543.12 486.42 0.04 1537.01 476.96 0.01 1542.03 476.92 0.04 1502.14 475.08 0.22 1541.96 478.31 0.69 1480.37 522.65 0.97 1553.09 528.68 0.96 1462.61 589.01 0.22 1557.70 593.25 0.15 1466.24 611.55 0.06 1547.28 615.07 0.04 1485.11 657.11 0.94 1535.98 659.89 0.95 1491.19 758.40 0.74 1530.69 762.62 0.80 1493.31 857.05 0.51 1527.41 859.60 0.58
1150 1509.45 512.61 1568.96 831.63 0.3231
1567.01 510.55 0.02 1568.67 502.75 0.01 1568.23 502.69 0.01 1564.77 501.08 0.06 1568.85 500.69 0.07 1558.32 542.82 0.75 1558.57 540.51 0.53 1541.29 622.30 0.82 1539.84 620.88 0.27 1524.26 700.98 0.85 1525.05 701.55 0.36 1555.08 673.81 0.54 1557.05 672.63 0.29 1545.36 748.41 0.31 1548.90 747.19 0.09 1545.17 816.07 0.24 1545.93 815.95 0.08
1160 1466.89 421.63 1568.61 832.71 0.6320
1501.78 480.29 0.86 1511.33 469.00 0.91 1501.11 469.46 0.11 1543.29 471.18 0.79 1521.34 470.29 0.00 1551.50 535.22 0.98 1546.86 532.55 0.40 1528.00 602.67 0.84 1530.59 600.39 0.01 1500.81 579.58 0.67 1507.51 580.90 0.05 1532.60 677.76 0.96 1534.53 674.10 0.69 1504.14 772.17 0.93 1528.66 778.26 0.47 1502.35 874.01 0.61 1532.36 871.60 0.15
1170 1030.77 322.47 1421.73 988.28 0.7697
1259.39 381.96 0.50 1274.29 366.89 0.44 1250.91 371.85 0.14 1311.86 368.62 0.81 1249.97 378.74 0.18 1367.45 453.16 0.99 1246.38 483.60 1.00 1409.36 574.37 0.89 1198.18 594.26 0.98 1359.00 656.98 0.89 1113.01 582.35 0.97 1314.48 733.52 0.98 1243.95 733.24 0.99 1254.76 908.25 0.80 1214.15 908.62 0.77 1224.96 1061.83 0.38 1175.98 1052.35 0.38
1180 831.44 232.80 1190.71 1129.06 0.9344
1016.05 316.36 0.96 1032.82 298.04 0.98 1015.74 301.34 0.21 1087.49 300.44 0.99 1054.63 304.25 0.01 1091.79 402.49 1.00 1107.66 400.78 0.97 1034.56 524.71 0.99 1024.40 512.39 0.86 928.53 477.38 0.99 945.80 448.88 0.97 1081.72 699.07 0.99 1103.09 697.72 0.95 1074.28 874.95 0.98 1108.63 871.67 0.94 1086.02 1076.36 0.97 1143.77 1051.25 0.96
1190 964.71 265.65 1245.66 1128.11 0.9163
1045.39 340.31 0.98 1064.87 324.14 0.99 1040.68 326.12 0.59 1115.25 334.35 0.99 1047.70 337.09 0.01 1154.92 428.47 0.99 1058.77 449.36 0.98 1210.60 552.85 0.98 1025.44 578.08 0.94 1135.82 651.59 0.98 995.55 513.23 0.95 1117.18 694.89 0.99 1059.36 696.86 0.97 1095.75 870.85 0.98 1079.85 871.95 0.88 1086.27 1061.45 0.95 1131.88 1040.54 0.85
1210 1485.45 509.09 1566.84 832.68 0.6644
1561.97 524.00 0.02 1562.62 513.47 0.01 1562.66 514.47 0.01 1552.97 507.81 0.03 1558.63 510.92 0.06 1538.07 547.48 0.13 1534.99 548.15 0.85 1503.96 633.52 0.07 1504.85 630.57 0.94 1503.01 714.46 0.21 1505.09 715.29 0.92 1545.19 700.88 0.26 1541.48 703.98 0.71 1541.22 807.79 0.06 1536.22 806.08 0.38 1531.82 889.72 0.03 1524.48 889.30 0.15
1250 1339.69 390.93 1545.50 834.56 0.8615
1409.00 450.05 0.91 1417.85 436.12 0.93 1399.34 440.53 0.70 1447.56 434.81 0.95 1394.99 446.37 0.18 1501.93 511.05 1.00 1379.13 518.14 1.00 1523.06 609.61 0.93 1357.39 598.63 0.82 1525.41 676.52 0.44 1373.27 644.15 0.28 1475.07 684.60 0.99 1395.87 684.83 0.99 1463.74 815.41 0.93 1395.99 812.42 0.88 1463.17 943.71 0.53 1391.34 936.21 0.41
1260 893.06 346.85 1291.88 1097.64 0.9321
981.56 463.99 0.97 989.71 438.84 0.98 965.43 452.23 0.55 1035.12 407.60 0.97 966.57 443.24 0.03 1134.96 419.93 0.99 997.61 525.52 1.00 1218.68 491.17 0.99 987.13 658.88 0.99 1256.35 594.52 0.99 948.37 768.05 0.98 1212.08 659.13 0.99 1117.12 695.08 0.99 1231.78 845.06 0.97 1117.93 861.17 0.99 1234.96 1038.74 0.94 1148.45 1034.84 0.99
1270 994.05 267.24 1300.00 984.48 0.8220
1113.03 346.13 0.96 1126.49 325.18 0.96 1103.46 334.85 0.56 1173.89 320.18 0.93 1108.06 343.01 0.03 1247.30 397.10 0.98 1113.30 459.49 0.99 1195.15 410.58 0.94 1091.93 582.39 0.99 1088.82 378.93 0.94 1055.19 520.64 0.99 1225.07 697.88 0.98 1133.43 701.94 0.98 1210.53 875.10 0.89 1109.36 872.45 0.92 1218.88 1044.87 0.68 1100.60 1041.50 0.77
1280 851.98 368.75 1236.26 1103.07 0.9284
917.11 491.71 0.98 928.23 470.89 0.99 906.93 474.33 0.46 983.76 444.79 0.99 921.56 454.52 0.01 1057.54 498.50 1.00 969.16 504.61 0.98 1028.09 654.83 0.99 970.57 636.69 0.86 909.14 728.83 0.98 916.46 721.89 0.68 1153.33 660.09 0.99 1078.47 667.62 0.99 1160.91 853.49 0.99 1083.05 862.23 0.99 1223.38 1042.24 0.96 1093.07 1044.05 0.98
1290 861.42 389.29 1217.10 1099.11 0.9176
1010.39 494.57 0.76 1028.38 480.87 0.77 1003.15 475.78 0.21 1074.21 470.95 0.90 1002.34 458.28 0.07 1131.64 525.21 0.99 1013.89 500.51 0.99 1116.19 698.06 0.99 983.03 606.73 0.98 1020.46 804.28 0.99 914.32 669.77 0.98 1158.69 715.29 0.98 1081.68 707.95 0.99 1136.79 874.74 0.97 1071.86 868.87 0.98 1153.04 1040.67 0.93 1084.47 1037.79 0.96
1300 854.76 396.31 1220.98 1102.19 0.7896
957.24 521.28 0.96 972.66 501.26 0.99 944.34 502.12 0.45 1024.15 477.35 0.98 943.33 481.18 0.02 1104.11 515.64 0.99 977.60 523.53 0.98 1163.84 657.58 0.99 961.90 618.70 0.98 1118.27 763.37 0.98 898.76 610.69 0.98 1147.56 711.99 0.98 1069.10 716.42 0.98 1142.37 881.49 0.95 1081.39 876.82 0.94 1167.93 1041.27 0.92 1095.21 1028.28 0.95
1310 850.57 265.49 1236.34 1145.55 0.9022
915.04 449.81 0.81 911.20 424.13 0.90 909.53 428.15 0.04 960.94 382.98 0.97 954.35 395.71 0.00 1066.58 456.94 1.00 1041.09 423.81 0.92 1077.94 629.66 0.99 1060.49 539.74 0.40 965.67 750.25 0.99 979.53 575.30 0.51 1163.57 652.48 0.99 1122.16 637.15 0.93 1120.11 862.54 0.99 1101.11 856.36 0.93 1099.81 1074.47 0.96 1101.39 1049.54 0.92
1320 791.86 375.12 1261.73 1141.13 0.9335
927.80 484.39 0.98 939.14 462.55 0.98 919.86 465.06 0.30 996.82 445.44 0.98 951.54 448.60 0.01 1049.84 516.84 1.00 1048.48 457.36 0.94 988.06 685.59 0.99 1068.26 581.73 0.57 868.34 782.07 0.99 980.86 610.81 0.89 1185.47 655.88 0.99 1176.38 636.91 0.96 1115.20 867.94 0.99 1147.67 863.79 0.97 1091.24 1073.08 0.98 1135.13 1059.99 0.96
1330 770.67 376.15 1245.19 1142.73 0.9512
885.60 495.39 0.97 893.68 472.95 0.99 879.08 475.75 0.19 953.12 450.95 0.99 917.04 455.69 0.01 1008.07 522.55 1.00 1017.95 468.89 0.96 963.50 691.87 0.99 1026.53 607.76 0.59 841.90 771.44 0.99 948.75 660.81 0.83 1162.10 648.48 0.98 1166.78 630.61 0.94 1096.57 862.41 0.99 1131.76 855.75 0.97 1090.90 1073.86 0.98 1125.01 1055.15 0.97
1340 1200.17 317.87 1386.94 830.86 0.5173
1363.84 401.64 0.32 1362.87 384.28 0.01 1364.19 383.57 0.43 1310.86 374.76 0.05 1341.03 378.10 0.95 1273.57 447.43 0.91 1281.73 459.68 1.00 1296.40 585.59 0.03 1257.03 594.57 0.94 1336.39 666.33 0.07 1293.45 700.14 0.86 1269.42 679.38 0.60 1269.71 689.00 0.89 1278.50 850.16 0.30 1276.84 858.08 0.66 1267.49 1031.38 0.38 1258.15 1038.68 0.60
1350 1435.28 451.25 1570.17 832.76 0.3529
1546.40 491.14 0.03 1544.89 481.76 0.01 1550.13 482.74 0.01 1530.28 482.08 0.35 1564.95 484.53 0.29 1501.48 534.89 0.98 1568.98 536.77 0.58 1470.90 615.23 0.95 1540.75 618.64 0.03 1458.13 696.13 0.92 1508.54 689.51 0.11 1513.19 685.44 0.95 1564.03 687.54 0.72 1500.99 791.73 0.84 1550.44 794.80 0.30 1493.81 886.92 0.44 1542.93 889.43 0.10
1360 1520.80 497.01 1568.47 834.10 0.5175
1567.65 512.10 0.04 1567.92 504.82 0.01 1568.01 504.65 0.02 1560.04 504.09 0.04 1564.06 504.24 0.14 1553.34 541.10 0.40 1553.22 539.43 0.85 1542.96 612.60 0.15 1544.69 608.57 0.74 1542.95 689.43 0.25 1544.92 689.02 0.67 1552.31 658.94 0.30 1552.28 658.73 0.51 1546.92 744.96 0.18 1545.82 745.17 0.35 1544.06 818.49 0.15 1542.06 819.44 0.26
1370 1364.94 407.83 1554.88 835.61 0.8801
1432.90 466.01 0.98 1442.12 453.10 0.96 1419.15 457.22 0.98 1462.19 455.79 0.79 1401.72 467.03 0.78 1504.31 518.24 1.00 1394.08 527.79 1.00 1531.07 609.77 0.99 1380.66 613.42 0.75 1528.22 697.28 0.99 1375.50 673.78 0.44 1483.30 704.93 0.99 1411.06 706.44 0.99 1482.17 837.69 0.94 1427.12 836.42 0.94 1492.30 970.43 0.46 1436.90 969.77 0.55
1380 1216.94 389.39 1562.64 837.61 0.4984
1482.72 493.32 0.74 1489.99 475.03 0.62 1462.68 472.60 0.90 1483.83 477.48 0.04 1399.45 470.51 0.94 1489.45 554.72 0.99 1302.81 530.78 0.99 1559.13 681.10 0.70 1259.26 675.29 0.99 1611.86 749.48 0.16 1264.86 794.42 0.97 1400.29 745.81 0.93 1281.69 739.99 0.93 1434.05 899.02 0.84 1279.07 892.83 0.93 1423.59 1067.58 0.33 1259.35 1059.31 0.48
1390 1160.73 325.92 1522.69 838.62 0.4808
1473.17 434.22 0.66 1475.87 420.70 0.04 1470.76 414.48 0.59 1443.14 416.56 0.02 1432.17 402.09 0.94 1431.29 485.21 1.00 1304.77 466.89 1.00 1423.94 623.50 0.90 1209.95 604.56 1.00 1414.32 742.61 0.68 1240.20 752.82 0.99 1332.37 690.57 0.98 1241.27 686.26 0.99 1377.23 871.69 0.89 1251.16 873.91 0.95 1366.30 1062.58 0.64 1227.86 1057.22 0.70
1400 1383.96 438.62 1565.02 830.05 0.7520
1506.45 498.25 0.29 1515.71 488.04 0.24 1498.38 486.86 0.26 1528.03 487.65 0.22 1480.26 484.23 0.42 1531.16 537.78 0.99 1446.99 526.27 0.99 1530.03 627.19 0.98 1406.74 607.64 0.94 1537.05 713.07 0.92 1414.09 647.35 0.71 1499.53 670.75 0.95 1444.34 665.25 0.97 1483.15 746.00 0.40 1430.25 743.98 0.54 1486.36 829.89 0.23 1427.69 828.35 0.36
1410 1485.19 470.77 1573.16 974.61 0.4580
1529.64 486.54 0.03 1529.99 476.21 0.01 1528.97 476.60 0.01 1527.76 477.97 0.05 1530.42 478.57 0.07 1527.33 531.60 0.61 1528.86 532.31 0.57 1510.97 616.73 0.66 1511.67 616.28 0.63 1506.05 700.89 0.70 1506.53 699.20 0.73 1543.04 695.26 0.57 1542.20 695.89 0.53 1537.08 811.79 0.49 1541.23 810.99 0.40 1536.53 935.18 0.58 1538.66 932.69 0.52
1420 1483.06 474.75 1570.48 974.55 0.3541
1532.34 478.09 0.02 1533.15 467.40 0.01 1531.24 468.04 0.01 1531.51 468.77 0.03 1529.93 470.21 0.05 1530.03 523.73 0.35 1524.82 524.71 0.68 1510.47 616.62 0.40 1509.78 614.83 0.83 1505.66 700.21 0.49 1505.34 700.36 0.82 1543.67 694.59 0.39 1537.72 695.60 0.57 1541.93 814.89 0.26 1537.61 813.09 0.46 1538.04 939.60 0.38 1533.19 938.07 0.58
1430 1481.44 472.27 1569.78 971.42 0.3212
1534.76 484.38 0.03 1536.46 473.70 0.01 1533.85 474.29 0.02 1536.45 475.34 0.04 1532.76 476.60 0.07 1533.05 530.60 0.39 1526.87 532.00 0.74 1508.19 620.94 0.38 1507.55 619.41 0.84 1501.88 701.58 0.46 1502.07 701.20 0.83 1544.94 700.65 0.39 1536.53 701.60 0.58 1543.73 818.16 0.24 1534.69 815.21 0.46 1540.55 940.84 0.36 1530.31 939.44 0.57
1440 1488.96 468.53 1572.49 826.63 0.3362
1552.58 501.11 0.03 1553.88 491.08 0.01 1554.07 491.93 0.01 1546.70 488.89 0.16 1556.29 491.01 0.14 1533.73 532.26 0.79 1543.02 533.02 0.65 1513.27 622.72 0.61 1513.14 621.11 0.44 1509.57 702.13 0.58 1507.10 702.50 0.59 1547.32 694.54 0.62 1553.24 697.44 0.48 1534.84 803.95 0.42 1548.05 805.01 0.22 1534.16 924.80 0.31 1541.91 925.77 0.17
1450 1352.36 395.89 1560.23 834.01 0.8458
1431.87 448.12 1.00 1441.54 435.60 0.99 1416.67 439.70 1.00 1459.92 445.59 0.87 1397.87 456.87 0.94 1501.53 517.72 1.00 1385.58 529.51 1.00 1533.95 604.03 0.99 1370.92 622.79 0.92 1533.95 690.18 0.99 1368.55 701.68 0.82 1487.06 708.85 0.99 1409.45 712.05 0.99 1491.65 852.75 0.93 1420.79 853.57 0.94 1500.23 992.88 0.38 1430.65 992.42 0.47
1460 1350.63 384.36 1646.49 838.44 0.9075
1604.84 488.29 1.00 1623.19 472.69 0.98 1590.24 464.74 1.00 1627.66 470.13 0.07 1550.53 450.92 0.89 1589.00 525.80 0.80 1501.70 515.67 0.99 1529.90 636.07 0.36 1469.75 643.92 0.99 1529.65 763.12 0.51 1536.84 780.53 0.98 1478.02 677.22 0.93 1414.21 671.69 0.97 1511.95 826.50 0.25 1450.96 823.46 0.61 1499.19 911.09 0.05 1438.05 920.54 0.10
1470 1400.03 376.48 1702.37 822.46 0.3424
1546.89 449.90 0.34 1558.59 434.49 0.43 1530.31 435.37 0.42 1577.65 435.37 0.33 1496.68 437.95 0.48 1611.15 516.27 0.98 1454.29 518.83 0.98 1662.82 617.28 0.85 1437.50 655.70 0.99 1694.30 661.42 0.70 1474.84 768.64 0.98 1594.48 757.19 0.95 1490.00 758.81 0.94 1566.54 909.56 0.29 1479.23 906.83 0.36 1553.06 1038.63 0.07 1470.11 1036.41 0.09
1490 1406.71 338.75 1902.90 831.68 0.8502
1656.36 494.75 0.74 1679.16 480.32 0.32 1642.26 471.18 0.87 1693.43 458.78 0.10 1594.06 433.11 0.93 1692.48 501.94 0.99 1518.36 468.22 0.99 1826.08 580.03 0.97 1438.88 586.95 0.99 1946.08 610.10 0.80 1549.61 591.96 0.99 1588.17 788.68 0.95 1473.87 770.91 0.97 1599.94 957.42 0.22 1466.19 956.15 0.40 1594.96 1045.00 0.03 1444.00 1045.33 0.05
1500 1340.15 348.59 1595.81 832.31 0.9005
1371.69 431.09 0.98 1378.35 409.87 0.99 1362.75 420.05 0.38 1425.98 389.16 0.99 1385.87 414.06 0.00 1488.41 455.30 1.00 1438.87 488.76 0.96 1565.51 570.83 0.99 1475.35 611.14 0.35 1513.33 694.36 0.97 1445.42 701.06 0.23 1503.62 703.12 0.97 1464.12 709.75 0.91 1478.09 887.81 0.78 1458.43 886.68 0.59 1507.89 1044.71 0.09 1481.17 1033.96 0.09
1510 1406.11 450.78 1576.90 828.49 0.7511
1551.84 501.31 0.03 1543.98 491.33 0.00 1551.80 491.06 0.04 1498.56 483.49 0.24 1545.63 486.79 0.73 1455.39 530.52 0.99 1555.76 527.53 0.97 1429.72 616.70 0.93 1565.09 614.34 0.35 1432.76 677.22 0.80 1562.96 674.42 0.15 1472.19 689.20 0.99 1541.47 688.97 0.98 1470.92 805.43 0.84 1540.48 804.62 0.77 1465.91 921.73 0.46 1533.52 922.24 0.41
1520 1347.04 425.34 1549.54 976.17 0.5268
1462.80 483.69 0.99 1474.04 473.39 0.99 1453.00 472.78 0.98 1492.53 478.98 0.92 1438.60 477.10 0.80 1509.83 548.36 1.00 1408.92 538.06 1.00 1521.83 635.23 0.98 1374.10 623.12 0.99 1538.90 701.40 0.95 1369.85 700.61 0.98 1480.01 694.88 0.99 1415.26 690.15 0.99 1469.49 814.10 0.92 1413.36 813.34 0.95 1451.56 946.52 0.83 1411.45 948.48 0.87
1530 865.91 300.99 1314.02 1101.26 0.9015
1084.56 405.90 0.97 1096.89 385.02 0.99 1071.49 391.34 0.59 1143.59 360.01 0.98 1069.29 376.39 0.03 1217.55 432.01 0.99 1076.92 460.81 1.00 1277.82 548.24 0.99 1027.69 578.24 0.99 1278.18 663.84 1.00 935.97 643.40 0.99 1206.71 677.25 0.99 1124.04 684.16 0.99 1166.39 850.48 0.98 1136.31 861.64 0.98 1158.98 1048.31 0.94 1170.31 1035.19 0.95
1540 907.80 263.93 1266.87 1118.87 0.8991
1023.73 375.38 0.98 1038.19 354.20 0.99 1007.04 361.15 0.88 1079.78 333.31 0.98 996.61 350.28 0.11 1151.28 422.50 0.99 993.36 445.84 0.99 1235.14 529.86 0.99 964.27 559.66 0.98 1134.42 592.53 0.99 937.12 595.56 0.97 1131.37 696.55 0.99 1029.61 698.80 0.98 1132.22 864.95 0.98 1032.12 862.75 0.97 1128.70 1043.16 0.99 1048.67 1038.75 0.98
1550 788.18 230.86 1165.52 1148.31 0.9267
1109.85 350.81 0.93 1119.76 336.66 0.22 1100.56 326.26 0.97 1101.20 326.52 0.01 1044.63 298.76 0.98 1062.42 416.93 0.97 961.80 368.59 1.00 1061.39 551.65 0.90 835.47 433.48 0.99 1114.07 641.88 0.90 903.67 537.03 0.99 1054.22 660.44 0.98 977.93 656.71 0.99 1059.22 851.68 0.98 976.74 860.38 0.99 1040.48 1042.55 0.98 941.33 1074.72 0.99
1560 808.77 202.55 1117.68 1147.48 0.9082
1086.99 295.96 0.68 1086.43 280.62 0.03 1080.25 276.63 0.81 1050.79 279.78 0.01 1039.23 267.41 0.99 1052.55 374.90 0.98 925.26 355.80 1.00 1096.19 386.05 0.52 836.66 477.59 0.99 1079.72 308.77 0.67 866.23 511.47 0.99 1045.10 654.13 0.98 958.84 652.28 0.99 1044.68 854.52 0.99 952.79 855.77 0.99 1004.28 1047.45 0.99 932.66 1077.72 0.99
1570 816.14 203.13 1149.03 1149.53 0.8933
1092.35 296.86 0.68 1091.71 281.30 0.03 1084.91 277.83 0.80 1056.76 280.35 0.01 1042.45 269.15 0.98 1058.66 374.38 0.98 930.12 354.98 1.00 1108.29 370.57 0.64 846.06 480.88 0.99 1091.77 297.28 0.68 873.34 525.52 0.99 1052.38 646.30 0.99 963.19 643.38 0.99 1051.76 852.07 0.99 956.62 854.58 0.99 1009.10 1048.82 1.00 933.14 1078.28 0.99
1580 813.87 201.80 1129.07 1148.38 0.8913
1089.30 295.08 0.69 1088.91 279.50 0.03 1082.05 275.65 0.82 1054.35 276.34 0.01 1039.44 264.50 0.99 1058.78 371.04 0.98 925.27 356.62 1.00 1111.09 360.77 0.58 841.74 486.28 0.99 1085.94 288.50 0.62 880.13 529.98 0.99 1050.66 645.18 0.98 960.52 643.71 0.99 1049.40 851.12 0.99 954.42 853.82 0.99 1004.82 1043.19 0.99 936.08 1077.51 0.99
1590 780.72 184.72 1111.07 1148.94 0.8834
1002.56 302.24 0.99 1023.79 286.77 0.99 985.92 280.34 1.00 1044.44 285.34 0.77 953.78 266.57 0.97 1051.37 389.79 0.97 890.52 359.87 0.99 1052.43 522.21 0.61 809.49 481.05 0.99 1093.71 574.96 0.51 854.88 515.91 0.99 1030.82 620.94 0.99 923.61 619.63 1.00 1046.82 824.40 0.99 936.35 834.94 0.99 1000.48 1037.72 0.99 934.03 1074.82 0.99
1600 354.35 41.33 864.54 1282.97 0.8680
805.43 221.97 0.96 818.98 199.50 0.34 791.54 189.14 0.99 797.30 177.24 0.01 715.15 146.60 0.99 769.91 315.47 0.98 576.89 230.97 1.00 791.36 506.08 0.74 413.85 360.98 0.99 908.16 534.33 0.66 561.10 445.47 1.00 735.18 667.02 0.99 597.12 656.41 1.00 748.53 905.01 0.99 612.39 918.19 0.99 716.97 1134.37 0.99 594.06 1162.71 0.98
1610 198.81 42.85 793.89 1273.82 0.9321
621.35 129.25 0.92 616.97 107.19 0.11 601.83 105.22 0.89 563.88 122.53 0.01 531.13 119.79 0.93 522.53 265.41 0.98 433.25 238.10 0.99 562.29 463.92 0.97 331.97 390.06 0.99 686.43 574.58 0.99 499.84 536.01 0.99 479.31 623.77 0.98 389.07 624.07 0.99 486.94 886.24 0.99 388.24 895.02 0.99 443.80 1148.10 0.99 356.60 1192.87 0.98
1620 205.14 123.61 792.30 1274.51 0.9205
538.08 124.18 0.23 543.82 112.05 0.03 521.02 105.78 0.06 525.41 129.21 0.04 467.41 115.15 0.28 527.04 278.93 0.99 399.97 228.22 0.98 568.55 477.31 0.98 286.65 391.86 0.99 684.94 584.39 0.99 471.46 526.86 0.99 494.10 620.51 0.99 386.32 612.27 0.99 478.99 891.14 0.98 381.75 900.21 0.99 441.96 1151.46 0.99 358.93 1196.58 0.99
1630 203.06 67.31 776.66 1276.12 0.9364
587.90 189.24 0.95 591.03 166.09 0.11 576.37 161.85 0.93 553.85 159.45 0.00 506.84 145.74 0.92 518.75 295.27 0.99 402.07 243.48 0.99 563.06 478.58 0.98 304.84 388.60 0.99 687.26 578.36 0.99 484.43 530.17 0.99 478.45 636.80 0.99 378.81 629.22 0.99 482.10 889.74 0.99 388.15 900.47 1.00 440.10 1151.93 0.99 357.33 1203.25 0.99
1640 298.19 49.05 845.75 1277.74 0.9506
667.21 187.56 0.92 666.89 159.69 0.04 661.37 154.33 0.97 605.06 143.89 0.00 598.99 126.94 1.00 577.08 285.94 0.99 470.78 259.69 1.00 668.85 479.06 0.96 478.00 430.81 0.99 780.14 595.15 0.96 632.91 557.94 0.99 549.97 660.90 0.98 457.29 659.63 0.99 544.69 899.21 0.99 429.52 910.57 0.99 508.73 1152.28 0.99 372.53 1193.83 0.98
1650 299.62 59.02 879.14 1278.35 0.9524
706.69 203.34 0.92 711.71 180.55 0.06 697.76 171.29 0.97 661.13 167.71 0.00 628.35 141.56 1.00 620.05 298.64 0.99 513.46 247.18 1.00 698.88 489.61 0.97 540.52 437.34 0.99 815.10 607.77 0.95 671.00 563.56 0.99 559.16 645.31 0.98 466.58 632.83 0.99 564.33 891.32 0.99 440.96 895.29 1.00 507.28 1154.72 0.99 375.71 1193.74 0.99
1660 473.90 115.92 994.13 1271.33 0.9429
867.71 262.32 0.82 866.49 235.79 0.02 868.67 232.26 0.92 796.44 210.46 0.01 824.69 197.52 0.99 721.15 287.54 0.98 741.37 293.20 1.00 814.34 501.96 0.86 761.72 470.94 0.97 935.58 598.41 0.92 864.26 578.79 0.92 697.33 655.64 0.97 677.53 665.35 0.99 749.30 888.28 0.99 661.41 909.33 0.99 735.40 1137.73 0.99 561.78 1184.91 0.99
1670 535.40 123.73 1007.16 1239.70 0.9461
864.84 256.00 0.88 864.13 231.45 0.04 860.99 227.30 0.95 808.59 219.19 0.00 812.35 205.77 0.99 773.79 319.87 0.99 729.28 298.00 1.00 849.69 517.53 0.96 761.83 476.68 0.99 950.55 611.95 0.96 853.41 588.95 0.98 735.04 656.21 0.98 675.64 652.19 0.99 760.34 873.25 0.99 668.20 878.69 0.99 742.03 1120.38 0.99 627.85 1157.75 0.99
1680 527.67 123.24 1003.85 1240.43 0.9459
856.67 257.88 0.91 856.83 233.76 0.04 855.50 228.91 0.96 803.98 219.35 0.00 812.16 203.34 0.99 776.72 318.22 0.99 724.20 293.93 1.00 849.78 518.28 0.96 762.43 468.44 0.98 950.85 612.68 0.97 853.86 588.29 0.98 738.75 649.38 0.98 675.76 644.65 0.99 758.97 871.18 0.99 670.97 877.45 0.99 739.02 1120.07 0.99 628.56 1157.14 0.99
1690 529.31 146.42 1037.68 1239.36 0.9428
881.17 289.84 0.92 884.79 264.95 0.05 880.76 260.04 0.97 827.38 238.04 0.00 831.20 221.26 0.99 754.12 310.87 0.98 753.50 303.55 1.00 838.23 523.88 0.88 799.84 479.26 0.97 960.17 608.92 0.92 856.92 594.53 0.96 709.45 641.68 0.97 676.08 643.67 0.99 753.61 871.89 0.99 673.28 880.35 0.99 740.47 1122.57 0.99 629.77 1160.45 0.99
1700 529.77 133.74 1039.31 1239.32 0.9477
870.57 265.68 0.91 868.83 240.75 0.03 867.05 237.90 0.96 807.76 228.81 0.00 818.95 217.71 1.00 765.45 324.48 0.99 741.10 297.27 1.00 860.05 523.49 0.96 772.71 455.03 0.98 969.89 610.83 0.97 842.51 588.35 0.98 723.33 647.38 0.98 678.71 641.97 0.99 758.92 871.82 0.99 676.36 878.15 1.00 742.52 1121.04 0.99 629.76 1160.04 0.99
1710 533.30 133.33 1039.83 1239.89 0.9452
873.48 265.42 0.93 872.36 239.56 0.05 868.74 236.55 0.97 813.31 229.05 0.00 819.11 217.82 1.00 770.03 327.91 0.99 740.03 300.70 1.00 858.81 524.47 0.96 769.66 452.34 0.98 969.51 610.97 0.97 841.82 586.84 0.97 730.60 656.21 0.98 680.95 651.70 0.99 756.69 875.58 0.99 672.29 884.62 0.99 742.37 1121.46 0.99 629.88 1159.89 0.99
1720 526.58 137.43 1039.30 1239.53 0.9468
870.30 271.67 0.86 869.22 247.03 0.03 867.81 243.65 0.94 807.97 230.97 0.01 819.60 218.51 0.99 766.85 325.69 0.99 741.12 299.83 1.00 858.96 524.07 0.96 771.02 450.78 0.98 969.20 611.33 0.97 842.14 585.37 0.98 726.80 648.90 0.98 678.88 643.88 0.99 756.48 874.20 0.99 672.81 880.94 0.99 743.30 1123.13 0.99 630.30 1160.07 0.99
1730 524.88 128.20 1024.40 1238.22 0.9495
873.14 260.89 0.89 871.95 236.84 0.03 869.32 233.41 0.96 815.77 226.30 0.00 818.75 214.02 1.00 782.14 329.00 0.99 733.86 301.17 1.00 853.61 518.03 0.96 740.37 470.90 0.99 957.80 607.95 0.96 858.89 572.41 0.98 734.64 659.82 0.98 672.91 653.53 0.99 761.17 873.63 0.99 673.26 881.02 0.99 741.53 1120.77 0.99 631.32 1158.16 0.99
1740 531.52 126.06 1024.05 1238.41 0.9464
873.00 259.78 0.89 872.75 236.24 0.03 868.34 231.82 0.95 819.22 224.88 0.00 817.05 210.35 0.99 786.89 333.67 0.99 728.60 299.46 1.00 856.91 521.07 0.96 738.82 470.71 0.99 961.54 610.56 0.96 858.56 572.22 0.98 737.24 659.77 0.99 673.23 652.16 0.99 758.17 877.34 0.99 670.44 883.17 0.99 743.05 1118.10 0.99 632.05 1157.47 0.99
1750 525.17 127.33 964.62 1241.11 0.9497
872.70 257.81 0.86 872.18 235.69 0.03 868.01 229.90 0.93 819.63 227.83 0.00 818.67 210.09 0.99 787.26 338.90 0.99 731.13 288.16 1.00 810.00 536.35 0.95 750.27 453.66 0.99 921.08 599.51 0.97 908.98 540.58 0.99 743.70 669.39 0.99 675.96 657.49 0.99 760.53 888.87 0.99 670.65 892.02 1.00 745.05 1123.35 0.99 629.82 1161.19 0.99
1760 525.68 123.30 962.24 1242.78 0.9465
864.50 255.88 0.85 864.26 233.08 0.03 860.68 226.75 0.93 810.44 221.88 0.00 811.51 203.60 0.99 771.28 327.75 0.98 727.02 291.93 1.00 789.56 527.34 0.90 748.15 454.82 0.99 905.60 594.98 0.95 901.99 542.66 0.99 736.70 680.34 0.98 676.03 674.14 0.99 757.88 895.63 0.99 669.71 903.24 0.99 746.05 1123.60 0.99 627.66 1161.94 0.99
1770 561.56 91.28 1041.65 1247.50 0.9507
848.98 218.42 0.72 840.50 193.39 0.02 846.27 188.89 0.88 761.11 181.96 0.01 807.11 171.79 1.00 699.63 276.67 0.99 772.34 281.80 1.00 640.93 431.21 0.76 850.94 469.91 0.99 708.08 545.45 0.48 988.38 577.34 0.99 690.62 648.99 0.98 705.61 653.95 0.99 744.01 894.29 0.99 683.80 906.35 0.99 740.02 1128.12 1.00 627.70 1172.20 0.99
1780 560.07 89.43 1020.05 1246.48 0.9491
847.27 207.27 0.71 837.88 183.11 0.02 843.18 179.35 0.88 757.35 178.15 0.02 803.78 169.68 1.00 695.12 281.40 0.99 765.46 282.14 1.00 635.25 439.61 0.81 825.12 480.86 0.99 712.52 538.18 0.24 958.80 594.85 0.98 687.33 653.12 0.98 710.45 658.48 0.99 739.16 889.94 0.99 688.77 902.85 0.99 739.06 1127.35 0.99 631.00 1169.44 0.99
1790 557.78 86.65 1027.38 1248.65 0.9477
842.20 217.88 0.68 835.07 193.10 0.02 840.11 188.76 0.86 758.52 182.03 0.02 805.52 171.33 0.99 694.56 279.73 0.99 769.62 280.90 1.00 642.87 432.17 0.65 832.45 476.41 0.99 718.69 529.86 0.15 966.19 592.00 0.98 687.84 662.32 0.98 710.06 667.97 0.99 737.69 898.08 0.99 686.08 911.55 0.99 739.64 1130.43 0.99 631.54 1171.66 0.99
1800 704.18 53.37 1205.16 1270.60 0.9405
948.90 159.55 0.14 932.09 139.27 0.01 948.05 132.89 0.31 830.71 141.27 0.17 920.27 127.82 0.99 757.28 267.47 0.99 916.56 227.73 1.00 734.32 459.23 0.61 979.67 429.53 0.98 792.04 560.63 0.12 1134.47 572.44 0.98 768.13 600.59 0.99 876.18 600.23 0.99 794.24 874.25 0.99 877.71 889.83 1.00 777.77 1147.17 0.99 845.08 1200.76 0.99
1810 706.53 40.64 1192.73 1271.12 0.9445
947.60 154.11 0.14 930.09 133.22 0.01 947.82 125.93 0.33 827.03 135.43 0.17 920.35 120.61 0.99 753.74 267.43 0.99 922.50 234.54 1.00 740.75 469.70 0.64 969.61 456.58 0.98 796.55 556.76 0.13 1117.28 597.91 0.98 772.23 610.95 0.99 886.72 612.72 0.99 789.67 865.56 0.98 885.67 886.95 0.99 772.53 1150.01 0.98 844.18 1208.52 0.98
1820 700.95 112.14 1207.11 1271.12 0.9402
964.85 254.35 0.24 955.98 231.01 0.01 971.17 224.74 0.47 866.73 192.98 0.08 944.39 175.26 0.99 757.23 272.36 0.99 920.89 235.40 1.00 728.06 461.85 0.70 989.51 445.27 0.98 774.08 574.78 0.23 1136.01 575.71 0.99 759.81 593.14 0.98 875.60 593.54 0.99 781.09 863.82 0.99 882.18 879.61 1.00 769.28 1149.36 0.99 843.23 1212.96 0.99
1830 778.62 170.26 1257.98 1235.64 0.9514
1037.82 298.67 0.52 1029.95 276.01 0.02 1045.04 272.64 0.72 946.43 245.59 0.06 1021.18 232.04 0.99 838.22 321.96 1.00 988.82 288.35 1.00 801.94 509.19 0.87 1038.74 463.72 0.99 882.79 571.58 0.20 1183.96 549.76 0.99 850.40 640.03 0.99 950.40 641.35 0.99 885.55 882.95 0.99 969.54 896.46 0.99 876.66 1135.60 0.99 938.06 1177.43 0.98
1840 820.72 141.53 1391.44 1237.11 0.9485
1058.65 273.02 0.55 1049.99 249.89 0.03 1062.02 245.61 0.77 970.07 222.06 0.10 1037.24 209.19 0.99 866.27 311.13 0.99 1019.91 293.95 1.00 845.71 486.34 0.60 1129.76 454.55 0.98 917.75 562.60 0.13 1296.36 502.55 0.99 877.25 639.74 0.98 973.04 643.00 0.99 899.48 881.24 0.99 968.55 897.99 0.99 881.30 1127.68 0.98 936.13 1175.39 0.98
1850 825.95 145.15 1421.67 1236.85 0.9418
1062.30 269.30 0.54 1053.69 247.77 0.03 1064.30 242.82 0.76 975.49 221.08 0.09 1038.76 207.69 0.99 875.19 310.25 0.99 1034.85 296.92 1.00 851.34 466.82 0.52 1163.09 443.42 0.99 931.62 530.64 0.12 1330.58 502.94 0.99 883.30 632.27 0.98 978.39 636.22 0.99 907.97 875.06 0.99 972.96 894.88 1.00 885.66 1122.89 0.99 932.73 1175.94 0.99
1860 825.54 133.05 1425.49 1239.75 0.9369
1051.83 233.12 0.32 1037.61 213.96 0.02 1050.80 208.26 0.55 951.11 210.28 0.15 1026.28 198.04 0.99 870.74 318.57 0.99 1034.52 294.14 1.00 863.55 482.69 0.51 1162.47 439.79 0.99 954.13 555.59 0.15 1333.44 503.45 0.99 873.95 639.41 0.98 974.39 639.46 0.99 890.10 877.68 0.98 967.91 897.94 0.99 882.40 1124.12 0.99 932.34 1176.35 0.99
1870 823.03 127.23 1424.75 1238.57 0.9393
1046.45 232.01 0.32 1032.48 212.69 0.02 1045.75 205.86 0.56 946.50 207.67 0.15 1022.05 192.89 0.99 866.34 319.92 0.99 1032.65 292.80 1.00 856.26 478.22 0.52 1161.07 437.57 0.99 944.54 540.15 0.12 1331.54 502.75 0.99 873.82 639.48 0.98 972.33 638.46 0.99 894.54 878.90 0.99 968.19 899.11 0.99 882.20 1125.52 0.99 933.35 1177.01 0.99
1880 821.13 129.41 1420.38 1238.65 0.9351
1057.17 254.13 0.55 1047.84 231.54 0.03 1057.80 226.39 0.79 971.23 205.35 0.08 1028.02 192.68 0.99 881.51 300.64 0.98 1021.68 290.98 1.00 867.64 470.69 0.48 1163.19 431.74 0.99 959.54 549.79 0.21 1329.99 503.67 0.99 876.22 621.96 0.97 963.38 625.66 0.99 892.10 871.48 0.99 962.06 884.76 0.99 882.49 1124.88 0.99 934.14 1171.15 0.99
1890 819.02 112.72 1421.45 1236.99 0.9345
1048.36 225.11 0.21 1032.44 204.25 0.01 1048.88 200.40 0.40 946.94 199.30 0.20 1028.25 191.24 0.99 879.11 304.55 0.98 1024.10 289.07 1.00 870.94 476.21 0.48 1164.95 430.87 0.98 968.07 562.63 0.23 1328.23 502.62 0.99 875.09 616.65 0.98 966.30 618.75 0.99 891.60 865.78 0.99 965.14 882.74 0.99 880.03 1126.17 0.99 932.67 1175.28 0.98
1900 817.90 109.10 1424.09 1237.01 0.9390
1046.75 224.58 0.17 1030.43 203.58 0.01 1047.97 198.92 0.35 942.34 199.14 0.26 1029.82 189.00 0.99 869.95 309.43 0.99 1026.90 289.76 1.00 848.43 469.51 0.74 1168.23 432.77 0.99 929.50 523.22 0.18 1332.92 503.97 0.99 872.70 627.27 0.98 968.37 628.39 0.99 889.84 869.38 0.99 963.65 887.66 0.99 879.23 1124.81 0.99 932.84 1171.79 0.99
1910 814.38 63.55 1470.91 1237.82 0.9402
1060.87 181.94 0.05 1041.84 161.01 0.01 1062.87 157.06 0.11 947.18 161.28 0.45 1050.62 153.79 0.99 875.88 280.67 0.99 1068.67 262.67 1.00 848.36 461.46 0.78 1215.72 407.14 0.98 896.72 531.88 0.24 1372.67 495.00 0.99 884.34 606.22 0.99 1001.77 609.85 0.99 900.43 865.97 0.99 988.95 891.21 1.00 887.17 1115.97 0.99 933.93 1176.55 0.99
1920 585.86 52.79 1091.27 1208.87 0.9274
822.95 195.42 0.99 839.38 171.87 0.92 796.07 171.07 1.00 851.82 172.18 0.08 733.35 170.07 0.99 880.19 310.89 1.00 682.32 320.32 0.99 940.95 460.73 0.99 642.22 515.40 0.98 1034.09 422.21 0.97 727.46 671.60 0.99 873.26 670.62 0.99 749.25 680.44 0.99 869.55 896.49 0.99 759.41 920.58 0.99 846.19 1107.09 0.99 769.64 1134.15 0.99
1930 693.91 332.09 1189.63 1208.91 0.9388
1128.07 493.58 0.93 1137.13 488.61 0.22 1132.72 468.22 0.97 1101.85 486.07 0.02 1089.58 428.24 0.99 1026.78 575.54 0.99 958.69 391.81 0.99 1039.45 720.67 0.99 804.22 352.28 0.99 1095.44 845.83 0.98 771.78 490.07 1.00 870.35 699.16 0.96 792.14 644.62 0.96 905.86 876.93 0.99 782.44 873.86 0.98 849.41 1093.18 1.00 738.26 1120.31 0.99
1940 623.83 76.42 1075.33 1231.15 0.8925
904.98 209.80 0.96 916.58 187.78 0.59 884.32 177.87 0.99 900.50 193.66 0.01 813.12 168.51 0.99 872.52 326.33 0.90 720.18 261.70 0.99 899.65 461.70 0.05 699.03 353.98 0.95 954.17 431.21 0.05 828.24 367.33 0.89 866.08 702.76 0.98 731.86 699.60 1.00 919.32 912.92 0.97 740.21 925.75 0.99 924.96 1151.82 0.99 720.62 1154.58 0.99
1950 948.42 5.74 2048.00 1382.98 0.8942
1570.95 107.50 0.18 1553.47 68.15 0.00 1583.88 72.21 0.14 1452.75 24.04 0.05 1560.06 32.41 0.79 1309.72 90.88 0.95 1467.78 102.46 1.00 1261.80 424.38 0.96 1664.16 379.51 1.00 1445.16 540.24 0.99 1911.98 477.40 1.00 1074.76 457.61 0.97 1165.08 471.29 0.98 1134.78 912.54 0.99 1198.02 910.95 0.99 1132.24 1269.55 0.97 1166.70 1280.78 0.97
1960 977.59 2.73 2015.64 1335.38 0.9300
1625.43 151.69 0.42 1612.89 117.50 0.00 1631.45 121.70 0.74 1519.31 82.42 0.03 1593.73 89.12 1.00 1401.42 132.13 0.97 1520.71 129.03 1.00 1354.39 447.12 0.96 1701.20 367.33 0.99 1476.98 602.42 0.98 1910.71 487.32 1.00 1162.91 454.31 0.96 1201.96 452.61 0.97 1222.09 880.23 0.99 1192.28 889.26 1.00 1213.59 1218.45 0.99 1171.86 1263.46 0.98
1970 779.54 4.20 1368.37 1400.59 0.9362
1033.15 16.76 0.06 1006.13 2.52 0.00 1024.71 0.00 0.01 897.94 15.65 0.08 985.13 0.00 0.35 833.00 181.59 0.99 1028.62 117.45 0.99 849.77 403.76 0.51 1179.42 329.01 0.99 960.42 421.43 0.11 1295.11 272.52 0.99 906.23 581.36 0.99 1048.68 572.79 0.99 950.95 907.11 0.99 1140.45 913.43 0.99 925.87 1268.69 0.99 1136.57 1298.34 0.99
1980 840.87 49.71 1287.80 1250.19 0.9303
1114.51 155.65 0.03 1099.08 136.24 0.01 1117.64 131.37 0.06 1010.07 143.36 0.58 1107.97 132.52 0.97 952.44 262.58 0.99 1112.22 244.98 1.00 987.03 410.74 0.26 1189.37 426.83 0.96 1143.77 416.41 0.06 1254.16 434.91 0.84 944.98 610.71 0.99 1063.49 611.38 1.00 972.82 876.76 0.99 1103.79 873.82 0.99 963.59 1174.13 0.99 1074.48 1159.58 0.99
1990 806.73 161.03 1412.96 1174.49 0.9337
1091.17 259.36 0.98 1097.68 241.91 0.42 1072.79 237.81 0.99 1085.59 242.73 0.01 1010.56 232.16 0.99 1100.73 364.63 1.00 924.77 349.56 1.00 1217.78 382.99 0.99 846.08 505.45 0.98 1327.29 335.35 0.95 861.18 668.48 0.98 1062.69 670.58 0.99 959.84 667.61 0.99 1069.31 867.19 0.99 956.11 873.40 0.99 1080.54 1082.51 0.99 931.82 1107.58 0.99
2000 812.50 175.52 1408.73 1172.52 0.9324
1062.56 268.91 0.99 1071.47 253.72 0.65 1042.32 248.16 1.00 1067.57 260.88 0.02 982.61 247.78 0.99 1093.88 381.14 1.00 909.30 362.13 0.99 1216.79 387.11 0.99 852.75 519.74 0.98 1325.56 338.16 0.96 876.84 667.89 0.98 1056.52 655.04 0.99 948.51 649.55 0.99 1071.08 861.72 0.99 950.02 866.55 0.99 1081.02 1084.56 0.99 928.96 1108.10 0.99
2010 815.83 168.89 1410.83 1172.96 0.9313
1069.62 264.16 0.99 1077.56 248.09 0.58 1050.07 243.68 0.99 1071.69 252.27 0.02 989.17 241.30 0.99 1095.30 374.23 1.00 913.61 355.33 0.99 1215.34 385.00 0.99 857.98 514.94 0.98 1327.23 338.38 0.96 880.08 666.80 0.98 1061.70 655.56 0.99 954.59 650.74 0.99 1073.42 862.91 0.99 953.92 871.48 0.99 1079.29 1082.20 0.99 931.73 1110.07 0.99
2020 817.50 161.31 1411.02 1174.83 0.9319
1075.67 252.29 0.98 1082.17 235.33 0.48 1052.27 234.14 0.99 1076.07 243.78 0.02 988.37 240.96 0.99 1100.62 371.36 1.00 917.64 355.24 1.00 1220.00 383.93 0.99 860.99 514.75 0.98 1331.16 337.64 0.96 882.24 667.63 0.98 1063.27 661.03 0.99 956.63 656.91 0.99 1073.98 864.24 0.99 955.40 873.92 0.99 1078.63 1081.64 0.99 929.96 1107.84 0.99
2030 821.24 173.40 1423.30 1174.92 0.9342
1098.04 270.02 0.89 1102.42 252.74 0.07 1089.42 246.53 0.92 1076.89 252.95 0.01 1048.03 235.03 0.99 1110.59 369.57 1.00 929.62 344.29 1.00 1227.25 382.30 0.98 865.72 507.43 0.98 1336.78 334.10 0.94 883.30 669.30 0.98 1064.63 671.54 0.99 963.20 665.39 0.99 1073.37 868.41 0.99 956.78 875.93 0.99 1081.40 1081.15 0.99 927.65 1108.19 0.99
2040 783.83 141.65 1375.26 1175.40 0.9372
1074.25 261.64 0.99 1084.32 244.07 0.52 1058.37 237.92 1.00 1074.36 239.22 0.01 994.05 221.94 0.99 1072.85 362.10 1.00 902.40 337.78 1.00 1189.64 395.42 0.99 829.84 497.66 0.99 1289.81 339.91 0.97 844.83 668.08 0.98 1045.08 687.14 0.99 937.68 686.32 0.99 1105.86 854.17 0.99 949.93 891.39 0.99 1062.82 1075.66 0.99 924.56 1113.08 0.98
2050 759.43 5.23 1384.48 1362.13 0.9166
1225.04 298.26 0.71 1246.47 265.37 0.08 1215.22 253.15 0.82 1204.18 227.25 0.03 1136.69 196.44 0.90 1045.40 283.65 0.90 990.80 308.42 1.00 1029.88 452.17 0.13 909.99 550.92 0.99 1147.51 574.21 0.13 1053.09 730.12 0.99 890.89 619.42 0.93 869.55 644.36 0.98 960.40 893.02 0.99 973.56 939.01 1.00 888.18 1122.25 0.99 957.08 1251.22 0.99
2060 658.34 243.96 1336.39 1320.11 0.9259
1249.12 425.85 0.50 1260.92 407.57 0.02 1249.81 392.68 0.71 1215.25 387.53 0.01 1182.21 343.29 0.98 1140.34 474.92 0.99 958.35 352.92 1.00 1161.10 694.65 0.99 780.32 520.31 0.99 1221.24 894.39 0.98 962.06 672.08 0.99 892.24 645.48 0.99 780.87 610.09 0.99 935.38 891.27 0.99 946.68 885.26 1.00 841.14 1186.95 0.99 905.75 1213.16 0.99
2070 767.14 234.93 1752.96 1359.40 0.9272
1464.67 430.37 0.80 1463.36 401.80 0.02 1479.95 401.64 0.93 1394.55 353.79 0.01 1451.10 348.54 0.99 1224.46 328.70 0.92 1380.40 356.06 1.00 1138.70 627.54 0.90 1448.37 642.74 0.99 1259.68 774.82 0.98 1631.44 823.12 1.00 882.52 511.70 0.97 1014.91 524.10 0.99 889.73 908.17 0.99 1091.90 925.42 0.99 845.06 1235.49 0.98 1123.87 1290.66 0.98
2080 533.63 6.23 1096.19 1332.84 0.9441
854.20 144.26 0.18 836.46 115.85 0.01 860.58 114.36 0.30 725.04 102.73 0.16 830.06 96.32 0.98 613.26 214.33 0.97 796.82 179.86 1.00 565.96 422.19 0.35 879.85 411.10 0.99 604.10 530.48 0.13 1000.93 610.52 0.99 638.46 601.46 0.99 785.89 587.20 1.00 716.09 894.21 0.99 1000.93 804.46 0.99 645.36 1232.81 0.96 954.03 1093.28 0.98
2090 1189.50 323.59 1453.04 983.79 0.6642
1381.60 395.10 0.02 1375.15 381.73 0.02 1386.94 384.42 0.02 1336.99 378.60 0.72 1394.53 382.46 0.83 1281.59 435.61 0.99 1407.28 444.96 0.99 1239.23 534.13 0.89 1415.21 567.28 0.95 1211.66 584.96 0.56 1434.91 684.54 0.77 1277.39 647.37 0.99 1364.07 654.55 0.99 1267.67 827.28 0.91 1364.09 836.87 0.75 1249.79 984.61 0.69 1356.79 993.78 0.38
2100 1354.53 348.62 1567.74 691.80 0.8394
1401.60 418.16 0.02 1400.12 406.11 0.01 1412.57 406.90 0.00 1400.25 403.26 0.84 1467.03 404.86 0.64 1402.42 441.03 1.00 1511.97 471.02 0.99 1408.56 540.49 0.99 1553.25 583.11 0.40 1377.63 667.02 0.98 1522.04 671.47 0.16 1433.39 666.52 0.97 1516.17 676.83 0.96 1420.76 832.83 0.30 1496.46 842.15 0.17 1434.96 956.07 0.01 1491.57 947.37 0.01
2110 1195.40 347.70 1465.87 985.93 0.8508
1244.51 406.57 0.95 1251.69 384.83 0.94 1225.38 398.13 0.73 1279.82 369.51 0.83 1216.30 401.15 0.23 1345.16 432.84 0.99 1265.91 465.98 0.91 1435.94 525.52 0.99 1296.87 585.55 0.16 1422.86 662.88 0.99 1264.99 693.54 0.18 1372.08 716.08 0.98 1302.35 720.87 0.94 1375.87 889.72 0.83 1273.60 882.54 0.71 1385.68 1042.47 0.29 1257.51 1031.69 0.39
2120 972.68 423.48 1433.31 988.35 0.9375
1057.70 544.94 0.93 1060.03 522.72 0.97 1038.95 540.40 0.48 1089.43 469.76 0.98 1028.33 514.06 0.05 1183.71 468.98 0.99 1053.20 561.82 0.99 1316.97 548.71 1.00 1063.05 688.99 1.00 1375.98 645.45 1.00 1028.15 818.71 0.99 1274.33 680.99 0.99 1178.52 716.15 0.99 1308.62 862.59 0.95 1172.33 884.79 0.98 1329.20 1040.28 0.66 1177.68 1060.55 0.89
2130 1102.07 357.04 1532.39 986.55 0.9167
1200.55 466.13 0.98 1199.98 438.19 0.98 1172.77 464.86 0.96 1216.43 390.03 0.90 1143.94 453.32 0.62 1310.82 414.47 0.99 1150.25 510.72 0.99 1407.82 417.51 0.98 1187.31 629.75 0.99 1478.19 410.27 0.98 1245.16 700.89 0.99 1333.37 669.05 0.98 1231.22 691.07 0.99 1339.63 854.66 0.89 1209.89 867.80 0.97 1331.90 1034.75 0.40 1180.86 1042.33 0.80
2140 1057.26 291.39 1318.26 987.09 0.8652
1126.27 352.89 0.80 1128.44 330.85 0.61 1104.64 349.54 0.69 1154.04 316.68 0.44 1087.85 362.11 0.59 1255.41 388.35 0.96 1099.36 462.90 1.00 1332.74 501.13 0.46 1099.94 593.83 0.99 1297.47 639.89 0.18 1132.45 687.69 0.99 1291.79 694.58 0.93 1190.17 715.88 0.99 1296.20 899.16 0.56 1180.74 907.39 0.91 1295.34 1089.23 0.20 1172.74 1094.15 0.58
2280 1067.68 238.66 1301.66 984.24 0.7650
1171.36 302.42 0.99 1189.12 288.55 0.99 1156.15 292.54 0.96 1225.82 304.14 0.95 1142.13 312.68 0.25 1283.06 391.34 0.89 1128.05 406.34 0.99 1313.83 477.97 0.30 1080.01 504.04 0.99 1221.40 434.49 0.35 1131.95 427.09 0.99 1272.99 663.91 0.87 1172.42 668.63 0.98 1281.20 877.61 0.31 1176.86 880.97 0.79 1274.00 1053.44 0.07 1178.03 1052.22 0.36
2290 1055.39 240.33 1292.76 985.47 0.8474
1162.93 302.70 0.98 1180.87 289.36 0.99 1146.11 292.42 0.95 1214.41 307.73 0.93 1128.24 314.37 0.41 1279.04 400.81 0.91 1112.26 414.73 0.99 1304.88 498.00 0.14 1079.13 506.28 0.98 1226.29 450.63 0.11 1144.28 401.51 0.98 1269.83 688.52 0.89 1164.52 694.31 0.98 1277.59 913.59 0.36 1180.83 916.55 0.83 1273.89 1101.91 0.08 1188.29 1096.10 0.36
2300 1044.28 241.14 1283.87 984.31 0.8368
1153.37 303.84 0.98 1171.93 290.36 0.99 1136.66 293.08 0.95 1205.04 309.63 0.89 1117.72 315.39 0.41 1265.63 405.45 0.92 1102.14 419.99 0.99 1291.51 499.48 0.23 1067.17 510.90 0.99 1201.14 445.82 0.23 1116.85 427.01 0.99 1257.57 718.56 0.90 1156.05 723.95 0.98 1266.77 955.74 0.35 1174.56 958.51 0.80 1259.89 1139.90 0.07 1175.40 1137.01 0.31
2310 1044.00 252.07 1288.56 985.21 0.8657
1155.91 326.20 0.86 1173.48 311.58 0.91 1141.36 313.79 0.66 1208.17 321.39 0.87 1126.94 326.03 0.27 1271.00 410.06 0.93 1122.22 427.75 0.99 1293.23 499.98 0.19 1067.60 492.46 0.98 1204.10 452.36 0.11 1126.64 387.42 0.98 1259.34 733.61 0.89 1158.31 738.70 0.98 1270.23 968.41 0.24 1179.89 970.82 0.68 1265.14 1122.54 0.03 1184.45 1115.17 0.16
2320 1039.65 238.11 1287.38 983.83 0.8390
1189.49 305.77 0.96 1205.03 292.11 0.95 1172.76 292.16 0.96 1224.87 304.56 0.66 1144.79 304.13 0.79 1267.05 405.19 0.94 1117.48 412.85 0.99 1290.99 489.11 0.32 1060.64 476.77 0.99 1212.85 438.99 0.29 1114.63 399.68 0.99 1247.30 684.32 0.93 1146.90 686.58 0.99 1251.26 906.64 0.41 1166.26 908.29 0.83 1239.96 1096.70 0.14 1166.56 1093.84 0.46
2330 743.69 145.05 1144.52 1202.88 0.9443
949.94 245.01 0.99 963.30 222.25 0.98 921.36 232.57 0.99 987.58 230.25 0.54 885.93 253.02 0.95 1061.77 350.94 0.99 864.34 369.95 0.99 1126.98 500.35 0.70 897.69 492.12 0.99 1100.33 477.08 0.56 1053.91 465.77 0.99 1060.71 679.76 0.99 929.11 680.54 1.00 1042.47 904.96 0.99 875.46 909.16 0.99 1001.64 1107.02 0.99 805.90 1113.51 0.98
2340 835.97 3.76 1412.90 1430.41 0.8910
1178.10 42.16 0.62 1185.44 18.07 0.03 1152.24 10.98 0.22 1134.94 25.92 0.02 1063.92 12.54 0.55 1034.71 155.76 0.96 1007.45 139.72 0.99 1081.52 375.80 0.39 1054.62 359.18 0.92 1215.15 478.92 0.66 1200.46 463.47 0.93 960.72 576.32 0.99 972.98 583.17 0.99 1016.11 915.53 1.00 1104.13 917.51 1.00 916.32 1214.46 1.00 1165.70 1285.97 0.99
2350 834.32 7.65 1939.28 1406.24 0.9342
1709.80 140.47 0.93 1719.48 103.93 0.11 1697.87 91.57 0.99 1631.22 82.34 0.01 1587.44 56.50 0.99 1407.00 137.63 0.92 1482.60 160.94 1.00 1325.55 447.60 0.29 1549.87 491.89 0.99 1483.97 605.96 0.32 1792.81 659.11 1.00 1016.24 458.81 0.96 1095.48 472.36 0.99 1009.54 895.48 0.99 1142.04 930.60 1.00 924.65 1217.85 0.99 1142.87 1323.38 0.99
2360 660.69 7.90 1381.94 1426.40 0.9251
991.96 30.87 0.55 979.67 2.62 0.01 978.91 0.00 0.08 882.68 7.00 0.02 904.60 3.31 0.31 767.38 153.01 0.88 857.43 145.40 1.00 827.82 423.86 0.07 847.54 402.85 0.99 996.08 592.93 0.26 1005.80 614.85 1.00 783.14 659.45 0.98 906.16 669.10 1.00 842.38 966.49 0.99 1068.81 962.35 1.00 742.38 1265.18 0.99 1148.69 1291.67 0.99
2370 898.92 217.90 1199.59 1152.69 0.7252
1088.36 290.04 0.21 1078.45 274.80 0.02 1084.85 273.92 0.19 1016.77 278.87 0.16 1064.32 276.70 0.92 972.47 354.03 0.91 1050.49 342.61 1.00 943.32 498.65 0.10 1054.51 482.21 0.99 996.77 625.58 0.05 1126.92 638.94 0.98 968.27 644.43 0.97 1037.07 647.12 0.99 1003.95 865.26 0.97 1116.67 858.08 0.99 965.44 1110.44 0.96 1016.59 1072.44 0.97
2380 1379.93 415.38 1573.51 788.69 0.6923
1485.20 476.38 0.02 1478.21 465.84 0.01 1487.11 466.05 0.02 1445.87 455.87 0.70 1498.08 459.97 0.87 1415.08 497.05 1.00 1534.31 512.51 0.99 1410.49 598.35 0.97 1557.03 615.21 0.69 1402.41 695.13 0.90 1545.51 695.69 0.33 1446.58 688.03 0.96 1528.92 694.76 0.94 1445.20 826.74 0.47 1521.03 832.65 0.33 1454.98 951.38 0.19 1518.29 954.50 0.16
2390 1417.08 436.09 1574.18 751.42 0.3633
1518.93 490.76 0.02 1512.13 480.33 0.00 1521.00 481.09 0.01 1480.67 469.62 0.41 1532.11 475.18 0.69 1460.63 500.68 0.98 1550.13 519.91 0.94 1452.16 571.96 0.95 1545.19 601.68 0.27 1439.15 660.48 0.94 1515.07 671.51 0.27 1490.77 664.12 0.92 1556.61 672.75 0.86 1488.62 783.74 0.47 1546.46 792.79 0.29 1494.38 892.62 0.14 1536.41 898.77 0.10
2400 1007.97 278.71 1343.69 991.30 0.8872
1111.66 364.30 0.93 1122.85 344.20 0.91 1098.01 352.24 0.63 1158.47 337.01 0.88 1091.80 356.24 0.15 1225.09 418.47 0.99 1104.69 452.61 0.99 1302.08 538.81 0.99 1072.30 564.35 0.98 1303.53 673.99 0.99 1038.13 658.76 0.97 1205.31 685.83 0.99 1127.90 690.78 0.99 1166.13 859.71 0.95 1136.70 859.50 0.90 1123.46 1049.42 0.86 1121.25 1041.83 0.81
2410 707.74 9.38 1837.39 1362.35 0.9478
1212.37 78.99 0.96 1238.15 51.25 0.60 1183.06 43.40 0.88 1251.79 50.87 0.11 1100.25 30.17 0.69 1263.43 212.81 1.00 965.51 162.03 1.00 1461.50 293.33 0.99 832.16 352.50 0.99 1694.52 346.37 0.98 777.74 573.66 0.99 1081.29 647.06 1.00 900.97 618.33 1.00 1084.34 942.90 1.00 842.56 917.33 1.00 1070.64 1230.96 0.99 804.57 1139.20 0.99
2420 614.81 42.95 1182.71 1265.51 0.9237
983.39 198.66 0.98 1000.03 174.44 0.92 956.68 176.26 1.00 1015.24 169.24 0.17 899.16 172.16 0.98 1060.04 305.76 0.99 847.59 289.89 0.99 1113.52 458.24 0.91 723.64 360.06 0.98 1117.68 565.58 0.76 669.05 425.64 0.98 1005.19 651.50 0.99 866.99 647.77 1.00 997.30 901.76 0.99 854.33 905.33 0.99 971.45 1132.78 1.00 859.65 1148.98 0.99
2430 587.46 223.25 1041.35 1209.13 0.8995
758.64 404.22 0.99 784.56 377.50 0.99 734.21 379.10 0.93 836.49 339.56 0.96 709.76 340.01 0.31 895.15 435.95 1.00 691.94 381.50 0.99 918.70 660.73 0.99 672.23 499.12 0.99 918.98 861.12 1.00 646.72 575.79 0.99 879.88 702.80 0.99 762.07 695.96 0.99 928.63 932.20 0.99 784.05 929.45 0.98 964.62 1126.26 0.96 802.85 1146.19 0.93
2440 793.12 140.66 1140.19 1202.01 0.8681
914.70 259.75 0.99 934.36 236.69 1.00 891.45 242.22 0.99 972.66 227.64 0.98 866.88 239.96 0.81 1043.46 349.11 1.00 839.46 384.44 0.99 1103.93 475.18 0.99 830.87 543.18 0.99 1085.78 569.06 1.00 908.06 619.93 0.99 1035.59 656.61 0.99 909.20 665.93 0.98 1037.63 885.57 0.99 918.26 890.03 0.89 994.94 1102.52 0.94 933.16 1085.96 0.69
2450 889.94 204.38 1157.99 1156.60 0.8378
1099.68 304.19 0.69 1097.28 286.41 0.03 1096.23 283.94 0.83 1054.90 284.47 0.01 1061.11 275.41 0.99 1069.16 390.57 0.98 959.00 384.96 1.00 1087.14 548.23 0.91 942.71 540.38 0.99 1128.17 661.23 0.93 967.76 651.90 0.99 1089.25 683.85 0.97 1010.95 689.07 0.99 1080.66 879.52 0.98 998.60 881.27 0.98 1048.55 1062.89 0.97 964.51 1077.57 0.97
2460 893.50 206.94 1151.33 1160.57 0.8685
1110.98 302.52 0.47 1106.78 284.81 0.02 1107.25 281.55 0.70 1058.46 282.19 0.02 1070.54 273.29 0.99 1062.45 385.35 0.91 967.25 379.21 1.00 1066.63 547.64 0.24 939.81 521.19 0.99 1108.19 664.76 0.33 953.85 616.04 0.99 1079.16 681.83 0.93 1011.32 688.23 0.99 1073.66 875.34 0.97 1002.54 878.36 0.98 1050.28 1059.17 0.97 967.09 1078.68 0.97
2470 893.00 205.34 1155.89 1158.75 0.8919
1109.34 305.53 0.49 1105.47 286.65 0.02 1105.94 283.75 0.72 1055.81 281.44 0.02 1067.23 272.31 0.99 1057.65 389.56 0.95 975.63 381.04 1.00 1078.02 557.03 0.66 941.80 525.79 0.99 1120.74 669.31 0.78 954.17 616.79 0.99 1078.48 687.05 0.96 1012.69 690.81 0.99 1075.50 878.13 0.97 1002.29 880.93 0.99 1054.48 1060.97 0.98 964.29 1079.74 0.98
2480 889.85 190.36 1170.96 1157.51 0.8754
1020.46 284.39 0.99 1039.86 265.51 1.00 1000.38 269.27 0.98 1075.11 273.02 0.97 982.20 278.07 0.73 1102.05 400.11 0.98 957.74 384.90 0.99 1118.28 545.61 0.94 936.10 524.54 0.99 1144.66 669.24 0.96 952.37 617.57 0.98 1088.16 666.58 0.99 993.33 665.62 0.99 1080.47 868.57 0.99 990.78 871.96 0.98 1057.57 1058.17 0.98 964.44 1076.96 0.97
2490 827.87 178.35 1184.73 1192.51 0.9111
879.57 344.18 0.92 896.68 313.11 0.97 864.07 319.37 0.33 966.18 287.70 0.97 872.11 303.89 0.01 1075.60 382.93 0.99 909.92 395.73 0.99 1101.73 581.70 0.93 900.46 532.91 0.98 995.50 691.76 0.77 894.13 616.38 0.99 1097.62 642.50 0.98 987.87 640.64 0.98 1069.77 877.98 0.99 989.06 863.08 0.99 1056.77 1109.09 0.99 994.78 1070.29 0.99
2500 929.44 247.29 1275.55 1116.90 0.9030
1026.53 367.20 0.98 1042.20 341.02 1.00 1009.61 350.56 0.82 1093.96 322.66 0.99 1004.84 344.85 0.06 1178.60 421.10 0.99 1014.90 443.24 0.99 1237.11 572.32 0.99 1014.98 573.99 0.99 1227.79 711.05 0.99 974.11 659.88 0.99 1184.26 671.73 0.99 1078.96 675.93 0.99 1179.26 885.23 0.98 1068.15 878.89 0.98 1166.23 1080.83 0.94 1081.40 1064.23 0.97
2510 944.43 264.66 1231.64 1052.22 0.8940
1189.01 375.42 0.42 1192.82 358.32 0.02 1189.06 353.99 0.54 1166.60 342.90 0.03 1159.20 327.48 0.98 1167.74 442.90 0.99 1060.12 420.41 1.00 1176.48 576.70 0.96 1010.92 547.75 0.99 1203.12 679.60 0.94 979.06 658.50 0.99 1155.57 697.51 0.98 1080.47 695.29 0.99 1148.75 868.75 0.97 1081.11 868.33 0.98 1122.35 1045.49 0.95 1070.98 1048.38 0.94
2520 939.30 263.30 1233.58 993.78 0.8995
1191.20 358.14 0.22 1191.39 341.94 0.01 1189.18 339.87 0.27 1161.28 338.42 0.04 1160.52 329.21 0.96 1171.18 444.71 0.99 1060.90 420.23 1.00 1175.77 579.30 0.97 1011.06 548.12 0.99 1205.59 687.52 0.95 977.45 658.12 0.99 1156.60 697.56 0.98 1079.61 695.02 0.99 1148.87 869.21 0.97 1077.15 869.63 0.97 1120.85 1043.77 0.92 1067.97 1045.15 0.90
2530 976.90 259.84 1231.27 1021.51 0.5654
1103.58 354.45 0.99 1120.80 338.65 0.99 1087.36 338.00 0.99 1147.25 335.63 0.91 1066.37 331.84 0.84 1168.74 446.18 0.99 1036.28 438.02 0.99 1186.65 571.30 0.98 1016.76 562.53 0.98 1209.37 667.87 0.98 1018.67 659.88 0.98 1159.32 685.30 0.98 1074.46 687.68 0.98 1150.92 864.38 0.94 1074.07 866.82 0.93 1128.57 1034.46 0.84 1070.91 1035.65 0.83
2540 974.95 258.88 1228.01 992.81 0.7875
1169.74 349.12 0.29 1167.51 333.92 0.01 1164.34 332.72 0.34 1135.68 333.74 0.03 1132.15 328.82 0.97 1161.51 439.31 0.99 1040.14 436.00 1.00 1177.16 570.47 0.97 1021.44 568.15 0.99 1205.20 669.25 0.96 1023.52 668.34 0.98 1165.19 693.85 0.98 1086.95 698.74 0.99 1154.65 871.53 0.95 1083.02 874.72 0.94 1127.68 1040.09 0.83 1075.08 1043.26 0.78
2550 972.24 259.98 1224.27 982.31 0.8018
1169.83 344.30 0.54 1168.13 329.61 0.02 1162.95 327.44 0.63 1136.26 333.33 0.02 1127.21 326.56 0.98 1157.52 439.43 0.99 1038.31 433.58 1.00 1174.49 568.95 0.97 1019.80 566.87 0.99 1203.34 666.67 0.96 1024.16 669.23 0.98 1163.72 698.75 0.98 1086.92 703.51 0.98 1152.16 878.22 0.95 1081.94 881.20 0.92 1126.98 1050.12 0.78 1073.85 1052.60 0.66
2560 971.84 260.60 1219.55 984.57 0.7746
1129.16 353.97 0.99 1146.59 341.05 0.96 1114.63 333.85 0.99 1156.38 341.87 0.35 1076.51 323.05 0.98 1159.43 443.95 0.98 1028.78 439.09 0.99 1179.92 568.50 0.95 1017.65 568.83 0.98 1203.01 670.08 0.95 1023.86 665.69 0.99 1162.65 684.71 0.98 1079.85 689.76 0.99 1152.62 866.82 0.95 1079.07 871.45 0.93 1130.99 1044.25 0.83 1075.86 1049.30 0.76
2570 971.04 259.35 1235.78 990.32 0.8272
1166.25 357.85 0.56 1163.74 341.03 0.03 1161.61 340.45 0.66 1128.74 337.40 0.03 1129.11 333.74 0.98 1147.55 436.21 0.99 1043.48 438.19 1.00 1171.63 569.63 0.96 1018.21 569.02 0.99 1208.14 670.21 0.96 1021.77 664.61 0.98 1159.72 697.23 0.98 1086.62 703.71 0.99 1151.45 872.91 0.96 1081.92 877.79 0.95 1127.58 1045.97 0.86 1075.78 1048.60 0.82
2580 973.06 257.59 1231.47 981.58 0.7581
1130.24 343.16 0.98 1142.06 327.11 0.89 1111.71 326.84 0.99 1148.28 327.08 0.20 1071.09 324.78 0.99 1158.42 438.90 0.98 1030.83 435.40 0.99 1179.18 565.65 0.91 1008.89 566.66 0.98 1206.39 657.79 0.89 1015.83 648.01 0.97 1164.27 688.43 0.98 1078.35 693.54 0.99 1152.19 871.60 0.95 1076.06 878.65 0.92 1129.72 1048.19 0.82 1070.34 1052.85 0.70
2590 995.55 275.45 1254.21 987.55 0.8819
1177.16 322.44 0.47 1186.37 314.25 0.15 1161.24 310.69 0.56 1188.51 335.28 0.13 1123.45 325.93 0.91 1221.72 449.99 0.97 1072.55 419.44 1.00 1240.25 554.78 0.54 1018.99 539.54 0.99 1243.93 567.06 0.26 1067.14 553.70 0.98 1196.01 713.06 0.98 1097.66 707.18 0.99 1193.25 891.76 0.92 1088.79 892.30 0.96 1176.19 1063.07 0.86 1079.18 1059.37 0.90
2610 1367.08 464.84 1565.48 823.39 0.8712
1403.33 531.03 0.96 1403.24 515.64 0.98 1396.09 525.66 0.24 1430.36 493.21 0.98 1409.72 520.54 0.00 1488.48 509.18 0.99 1443.63 573.43 0.98 1535.87 562.26 0.99 1453.84 666.97 0.96 1512.15 636.90 0.99 1415.81 730.08 0.97 1514.43 700.48 0.98 1478.05 722.98 0.97 1512.36 839.56 0.76 1489.02 849.81 0.80 1532.64 961.28 0.18 1497.38 954.95 0.35
2620 1238.88 336.70 1513.77 984.38 0.8854
1335.83 435.79 0.83 1349.91 420.51 0.85 1322.09 423.03 0.55 1381.66 406.76 0.84 1307.79 412.24 0.22 1428.04 475.42 0.99 1302.79 487.99 0.99 1482.40 573.68 0.99 1283.36 597.87 0.97 1476.15 677.60 0.99 1261.70 700.65 0.96 1409.73 713.39 0.99 1320.70 715.38 0.99 1417.46 868.83 0.94 1304.38 868.52 0.95 1418.53 1030.95 0.70 1294.52 1025.57 0.82
2630 870.05 223.30 1236.93 1125.42 0.9182
1060.63 310.56 0.95 1063.57 293.26 0.55 1035.73 299.73 0.96 1061.45 303.27 0.06 986.07 322.43 0.95 1099.95 388.46 0.99 959.96 444.39 1.00 1148.18 499.96 0.99 946.67 576.46 0.99 1198.00 605.11 0.99 928.14 663.04 0.99 1150.83 654.37 0.99 1048.44 684.12 1.00 1191.38 827.20 0.98 1043.63 877.53 0.99 1210.44 991.85 0.97 1029.60 1046.11 0.98
2640 1285.97 387.90 1545.14 827.42 0.7467
1461.95 454.35 0.03 1454.46 443.22 0.01 1466.08 444.42 0.05 1412.29 435.75 0.79 1475.16 442.07 0.94 1364.50 484.30 1.00 1502.00 492.28 0.99 1327.37 579.54 0.99 1522.89 597.25 0.52 1305.74 675.92 0.98 1500.14 676.31 0.22 1389.50 667.12 0.99 1481.75 669.27 0.98 1368.52 786.39 0.80 1476.97 785.69 0.49 1371.47 920.64 0.49 1471.24 915.78 0.28
2650 1386.51 428.88 1538.44 830.33 0.7583
1510.71 472.77 0.76 1516.96 462.92 0.35 1501.58 462.02 0.76 1508.99 469.19 0.10 1481.67 468.32 0.64 1484.92 528.26 0.84 1462.38 522.74 0.99 1477.00 614.45 0.10 1429.97 603.87 0.91 1502.27 676.96 0.09 1474.08 675.63 0.71 1472.11 680.92 0.87 1458.71 681.99 0.96 1469.93 790.02 0.42 1480.73 791.25 0.72 1464.74 911.52 0.37 1473.48 915.68 0.57
2660 1124.28 298.37 1504.63 990.30 0.9032
1298.61 399.83 0.69 1314.41 383.70 0.64 1284.75 386.31 0.38 1346.29 372.39 0.76 1270.56 377.43 0.29 1395.76 439.92 0.99 1252.66 459.36 1.00 1480.12 485.71 0.97 1214.11 558.95 0.98 1448.99 431.94 0.98 1169.98 633.12 0.98 1378.29 690.99 0.99 1275.82 691.44 0.99 1385.18 860.52 0.91 1221.17 866.28 0.95 1387.50 1036.85 0.54 1169.02 1033.39 0.73
2670 1074.98 320.66 1487.99 1047.34 0.8926
1378.52 419.64 0.99 1392.94 402.42 0.88 1361.14 397.33 0.99 1396.67 405.65 0.06 1307.85 391.74 0.99 1397.90 498.70 0.99 1235.59 487.92 1.00 1441.63 609.65 0.98 1238.24 643.93 0.99 1479.64 696.76 0.93 1287.88 784.90 0.99 1325.32 740.04 0.99 1215.26 733.93 0.99 1360.97 897.58 0.81 1162.35 895.85 0.95 1341.56 1063.90 0.65 1126.68 1050.17 0.89
2680 1084.11 340.67 1518.51 1028.09 0.7664
1375.70 436.33 0.96 1383.40 420.56 0.63 1357.11 420.66 0.99 1380.22 424.24 0.03 1298.06 423.51 0.99 1404.87 511.76 0.99 1226.64 506.80 1.00 1469.50 613.47 0.87 1172.16 641.02 1.00 1459.91 673.98 0.63 1180.99 780.97 1.00 1351.50 773.37 0.98 1229.30 764.80 0.99 1364.16 914.91 0.80 1165.43 914.81 0.94 1324.14 1061.01 0.68 1121.95 1059.03 0.83
2690 1166.14 290.09 1638.25 835.78 0.7664
1405.47 412.81 1.00 1419.80 394.00 0.88 1386.21 392.93 1.00 1425.89 383.89 0.04 1328.92 378.60 0.99 1429.68 475.54 0.99 1253.56 476.84 0.99 1509.49 573.95 1.00 1203.96 625.41 0.99 1610.36 564.52 0.99 1214.20 777.08 0.99 1361.45 777.63 0.98 1258.92 775.50 0.97 1352.22 987.94 0.69 1253.42 995.46 0.64 1342.73 1128.66 0.07 1245.29 1130.87 0.06
2700 1074.21 287.65 1615.41 844.80 0.8082
1335.95 358.48 0.99 1347.16 346.09 0.86 1313.43 342.17 0.99 1350.96 371.74 0.17 1265.14 363.43 0.97 1359.31 479.16 1.00 1192.49 459.08 0.99 1462.34 555.30 0.99 1151.46 608.74 0.99 1573.72 564.98 0.99 1211.55 751.09 0.96 1246.52 699.17 0.98 1143.96 688.07 0.97 1256.00 873.90 0.82 1168.85 870.89 0.72 1233.59 1059.19 0.24 1152.69 1060.54 0.15
2710 1035.68 33.92 1418.10 902.00 0.6741
1187.47 217.85 0.90 1188.07 210.28 0.22 1161.10 206.57 0.96 1177.94 237.79 0.02 1113.63 234.14 0.99 1247.19 340.36 0.99 1082.80 323.06 0.99 1367.58 287.89 0.99 1174.34 305.13 0.94 1386.28 142.90 0.98 1226.31 173.99 0.87 1238.54 613.39 0.98 1138.89 611.50 0.98 1214.04 831.97 0.81 1147.71 828.82 0.76 1192.06 1050.71 0.49 1137.76 1044.55 0.45
2720 1032.79 132.99 1329.50 985.89 0.6854
1232.75 250.69 0.78 1238.97 232.85 0.08 1218.86 227.73 0.90 1216.06 227.26 0.01 1163.19 213.30 0.98 1206.66 343.77 0.97 1105.65 314.78 1.00 1250.01 493.74 0.71 1077.66 454.28 0.96 1313.39 399.36 0.82 1203.07 387.61 0.92 1207.62 657.59 0.98 1133.69 654.68 0.99 1194.26 888.71 0.78 1129.48 888.30 0.85 1179.89 1116.74 0.33 1117.73 1114.07 0.34
2730 1315.57 410.28 1539.02 830.33 0.8582
1444.33 479.42 0.26 1454.32 468.71 0.19 1436.71 467.41 0.25 1465.70 462.66 0.19 1417.58 458.98 0.44 1479.21 504.87 0.99 1368.68 495.37 0.99 1502.45 597.58 0.99 1332.88 577.86 0.82 1520.11 688.24 0.98 1340.32 640.51 0.53 1432.60 672.61 0.98 1364.54 668.64 0.99 1432.88 799.43 0.80 1378.65 794.76 0.86 1431.65 923.78 0.30 1382.17 913.20 0.46
2740 1360.87 462.30 1571.97 830.29 0.8409
1548.88 514.65 0.97 1561.05 505.32 0.80 1542.34 499.32 0.95 1557.44 509.39 0.10 1521.97 496.27 0.68 1507.98 559.19 0.80 1498.16 552.26 0.99 1480.06 653.41 0.09 1463.24 637.90 0.91 1513.32 714.66 0.14 1504.85 699.78 0.83 1445.62 716.29 0.74 1434.69 716.17 0.91 1456.12 800.37 0.09 1457.28 809.98 0.17 1438.63 887.70 0.03 1429.73 893.68 0.03
2750 1222.75 326.72 1521.14 833.37 0.8682
1335.76 414.80 0.99 1349.12 399.96 1.00 1321.89 401.85 0.99 1375.28 400.51 0.93 1305.03 407.13 0.62 1421.51 465.24 1.00 1286.06 487.41 1.00 1459.22 541.89 1.00 1268.03 580.08 0.99 1474.48 619.01 0.99 1251.22 636.68 0.97 1420.88 657.10 1.00 1331.32 668.65 1.00 1447.38 769.49 0.75 1329.63 796.97 0.72 1457.01 886.83 0.32 1345.59 907.23 0.28
2770 956.17 217.09 1251.98 984.27 0.7186
1203.42 344.39 0.99 1218.65 326.55 0.84 1185.74 319.00 1.00 1215.61 323.17 0.02 1122.56 304.29 0.99 1209.63 425.45 0.94 1039.04 416.90 1.00 1243.24 555.39 0.29 1000.09 555.18 0.99 1256.69 642.81 0.09 1070.97 650.37 0.99 1160.43 721.38 0.91 1054.79 720.97 0.98 1154.20 935.23 0.50 1074.70 928.21 0.78 1086.96 1117.28 0.37 1078.34 1101.54 0.51
2780 1120.61 226.61 1514.27 833.52 0.8746
1354.02 290.84 0.88 1354.95 279.42 0.12 1333.25 273.24 0.95 1313.32 292.42 0.01 1277.40 280.73 0.99 1242.09 367.91 0.90 1279.65 331.83 1.00 1241.12 488.74 0.06 1236.93 440.46 1.00 1356.87 532.26 0.04 1395.38 503.26 1.00 1217.45 683.37 0.90 1264.02 678.67 0.99 1203.00 902.90 0.38 1284.76 917.97 0.66 1197.41 1090.76 0.09 1260.60 1100.67 0.09
2790 1086.63 211.19 1331.22 847.11 0.8061
1290.30 306.83 0.85 1295.13 291.31 0.11 1275.32 284.59 0.94 1258.70 295.53 0.01 1216.86 277.70 0.99 1204.19 403.02 0.82 1186.23 338.57 0.99 1232.89 530.64 0.11 1260.75 346.47 0.94 1296.04 464.05 0.27 1288.61 319.08 0.80 1200.59 621.74 0.86 1194.75 609.61 0.98 1181.17 835.49 0.70 1210.97 828.65 0.80 1170.74 1037.88 0.30 1196.80 1027.35 0.26
2800 1049.90 162.51 1383.09 964.22 0.7984
1317.69 302.15 0.98 1337.20 286.01 0.83 1303.27 274.11 1.00 1337.98 275.76 0.04 1246.28 244.10 0.99 1328.41 410.11 0.95 1159.89 348.91 1.00 1353.71 554.22 0.26 1112.74 480.62 0.99 1351.39 630.00 0.04 1166.23 588.68 0.99 1255.80 705.81 0.91 1145.90 684.81 0.98 1222.89 931.45 0.28 1120.43 915.41 0.63 1197.99 1135.94 0.14 1111.62 1120.62 0.25
2810 1134.40 294.69 1369.00 743.69 0.7453
1335.22 391.76 0.28 1334.66 373.73 0.00 1341.16 372.92 0.65 1272.24 351.08 0.08 1326.17 354.37 0.99 1208.37 407.40 0.99 1275.90 416.98 1.00 1161.52 544.73 0.12 1258.66 551.54 0.88 1208.10 611.81 0.01 1290.82 637.19 0.21 1175.76 650.51 0.92 1224.92 657.23 0.97 1187.69 827.56 0.34 1242.15 829.51 0.49 1175.07 983.44 0.19 1215.16 976.25 0.22
2930 1320.57 321.73 1572.47 829.25 0.6954
1382.98 391.57 0.99 1396.34 375.37 1.00 1368.02 380.64 0.99 1426.74 377.63 0.97 1355.42 391.70 0.55 1478.28 455.77 1.00 1346.31 471.63 0.98 1540.66 552.20 0.97 1329.47 567.54 0.11 1543.00 661.92 0.98 1334.47 628.47 0.07 1475.23 674.94 0.93 1384.98 679.50 0.88 1471.10 828.43 0.44 1389.52 827.59 0.22 1477.08 953.11 0.11 1400.45 954.28 0.08
2940 1136.62 216.86 1513.08 748.71 0.8301
1300.02 324.14 1.00 1317.34 302.61 1.00 1281.36 308.15 1.00 1353.77 294.71 0.98 1263.04 309.40 0.63 1412.27 392.64 1.00 1241.24 411.64 1.00 1500.43 472.41 0.90 1201.69 536.74 1.00 1523.69 500.95 0.89 1166.39 656.51 0.98 1361.99 658.11 0.97 1250.29 658.00 0.97 1330.22 839.47 0.18 1218.47 835.58 0.27 1325.60 939.50 0.02 1217.12 925.90 0.03
2950 1017.56 410.06 1449.09 916.81 0.5388
1085.20 545.27 0.92 1083.46 519.50 0.98 1072.22 537.59 0.24 1124.54 466.65 0.99 1092.63 514.80 0.01 1245.28 453.84 0.99 1164.16 585.01 0.92 1406.96 438.59 1.00 1172.11 731.06 0.85 1356.77 491.11 1.00 1133.71 857.77 0.76 1358.91 658.93 0.78 1288.16 702.57 0.49 1382.08 812.98 0.58 1274.31 829.18 0.20 1417.21 1007.08 0.33 1296.43 999.16 0.22
2960 1106.15 385.04 1500.51 757.30 0.5868
1173.60 515.25 0.98 1179.40 489.39 0.99 1155.43 504.60 0.57 1223.94 445.75 0.99 1161.06 486.91 0.01 1323.76 462.41 1.00 1207.21 549.98 1.00 1456.32 568.36 1.00 1221.20 682.48 0.98 1422.81 710.95 1.00 1211.19 787.23 0.92 1435.24 675.51 0.96 1353.58 715.17 0.94 1442.52 829.77 0.71 1319.91 865.14 0.64 1468.02 992.85 0.19 1342.44 999.65 0.26
2970 1192.71 293.80 1491.63 780.61 0.8311
1236.81 396.22 0.98 1245.21 372.64 0.99 1222.01 382.33 0.66 1290.80 348.32 0.99 1227.09 375.46 0.01 1386.29 417.52 1.00 1256.03 465.56 0.99 1458.24 546.59 0.99 1246.83 602.09 0.93 1451.22 670.06 1.00 1232.31 721.80 0.96 1395.77 713.00 0.98 1303.42 726.04 0.97 1391.00 914.31 0.54 1298.20 917.76 0.50 1413.75 1060.02 0.03 1308.57 1045.57 0.05
2980 1351.42 416.51 1542.39 820.69 0.6817
1483.65 474.47 0.09 1478.51 464.94 0.01 1481.54 464.54 0.05 1436.28 462.15 0.26 1476.43 464.57 0.62 1398.58 515.78 0.99 1485.37 510.16 0.98 1369.93 599.39 0.67 1498.81 599.06 0.76 1379.22 663.72 0.28 1520.57 665.81 0.47 1420.05 669.79 0.98 1480.60 668.94 0.98 1442.26 751.54 0.59 1488.30 750.01 0.55 1451.10 825.50 0.23 1499.24 826.43 0.18
3010 1468.12 476.00 1571.91 828.51 0.3074
1545.31 501.37 0.04 1546.53 490.20 0.02 1548.82 491.15 0.01 1537.06 489.36 0.20 1560.43 490.44 0.13 1513.03 541.08 0.94 1550.87 537.52 0.39 1489.78 642.15 0.83 1508.59 636.22 0.06 1487.61 717.03 0.66 1492.23 713.81 0.13 1527.90 692.38 0.81 1557.61 693.38 0.45 1516.55 807.61 0.58 1549.54 807.58 0.15 1516.51 904.43 0.21 1543.84 908.89 0.05
3020 1468.00 471.08 1572.28 828.42 0.3241
1543.79 498.50 0.05 1544.92 488.01 0.03 1548.17 489.22 0.02 1539.23 488.08 0.26 1566.05 489.39 0.17 1518.08 538.93 0.94 1565.11 536.33 0.39 1490.76 627.41 0.82 1524.94 624.70 0.03 1485.75 704.45 0.72 1500.73 699.63 0.09 1527.36 686.95 0.85 1562.92 687.05 0.50 1517.10 796.08 0.65 1553.81 796.19 0.18 1515.78 887.72 0.27 1547.43 891.47 0.06
3040 1304.04 358.52 1575.19 829.21 0.8706
1451.69 434.06 0.76 1460.26 420.32 0.56 1436.97 421.17 0.86 1471.17 420.30 0.21 1405.02 422.92 0.90 1503.64 491.73 1.00 1367.20 495.58 1.00 1538.64 581.17 0.99 1338.61 600.17 0.99 1554.56 668.92 0.99 1319.39 696.26 0.99 1487.66 705.84 0.99 1394.01 707.16 0.99 1496.50 856.73 0.76 1384.71 856.33 0.76 1494.08 989.27 0.24 1380.44 993.40 0.24
3050 1154.77 329.13 1509.40 839.12 0.8129
1230.34 470.72 0.95 1228.95 446.11 0.98 1214.88 459.57 0.13 1275.93 390.80 0.99 1229.70 426.94 0.00 1391.06 431.53 1.00 1281.38 476.42 0.99 1452.10 608.33 0.99 1282.09 604.67 0.99 1381.62 751.49 0.96 1265.04 703.49 0.99 1458.04 680.56 0.93 1385.61 693.28 0.92 1427.86 867.78 0.62 1351.54 876.57 0.47 1433.44 1042.77 0.23 1368.46 1038.48 0.18
3060 1247.15 418.59 1591.39 732.32 0.9154
1309.30 536.04 0.98 1317.41 512.67 0.99 1288.98 526.97 0.85 1349.80 468.20 0.99 1277.69 505.90 0.13 1417.57 476.80 1.00 1280.55 558.52 0.99 1557.73 504.35 0.99 1304.05 684.16 0.86 1552.45 568.96 0.99 1331.61 705.66 0.58 1453.03 706.90 0.78 1364.87 742.54 0.80 1467.41 760.72 0.01 1372.61 798.93 0.03 1467.49 819.55 0.00 1393.61 838.39 0.01
3070 1241.96 382.40 1588.92 820.84 0.8742
1300.69 498.41 0.97 1310.37 475.47 0.97 1282.10 485.60 0.84 1346.05 442.13 0.93 1269.14 469.41 0.10 1423.44 476.62 1.00 1276.01 525.55 1.00 1523.91 578.01 1.00 1280.99 665.15 0.98 1527.55 710.38 1.00 1297.25 777.82 0.98 1456.78 694.29 0.99 1357.24 712.23 0.99 1443.10 874.97 0.91 1346.04 884.04 0.81 1451.49 1029.13 0.21 1350.43 1024.57 0.17
3080 1399.51 412.12 1585.67 825.98 0.8160
1501.98 468.58 0.19 1510.31 458.64 0.08 1493.89 456.64 0.22 1518.85 458.61 0.13 1477.97 453.79 0.50 1535.16 512.48 0.96 1445.36 499.63 0.99 1548.35 597.70 0.59 1419.74 584.27 0.73 1516.08 622.30 0.27 1436.98 616.57 0.31 1514.32 667.62 0.95 1457.01 662.80 0.97 1516.81 775.79 0.72 1449.32 776.27 0.83 1518.55 874.38 0.50 1448.35 875.65 0.60
3090 1486.39 516.03 1570.64 820.22 0.3880
1552.71 507.38 0.01 1551.78 498.48 0.01 1556.85 499.74 0.00 1546.54 496.83 0.07 1564.22 498.76 0.02 1539.29 529.35 0.68 1548.32 528.45 0.25 1507.33 574.09 0.79 1503.49 573.46 0.42 1524.45 651.94 0.75 1522.49 650.51 0.66 1555.57 648.51 0.60 1561.32 650.96 0.40 1551.84 745.61 0.34 1555.67 747.03 0.13 1549.26 824.27 0.14 1553.41 822.89 0.06
3110 1477.87 516.75 1569.76 820.35 0.6472
1566.30 498.01 0.01 1566.67 488.43 0.00 1566.85 489.84 0.01 1560.58 487.99 0.03 1563.61 492.00 0.05 1552.99 527.20 0.08 1541.80 528.33 0.83 1503.29 580.51 0.03 1494.69 575.22 0.96 1508.98 644.84 0.15 1511.50 648.54 0.96 1565.54 652.65 0.27 1554.92 655.92 0.80 1560.58 757.81 0.11 1550.06 758.55 0.60 1554.58 837.22 0.05 1543.58 835.20 0.26
3130 1476.51 513.25 1568.90 820.70 0.7077
1559.87 494.98 0.01 1560.04 485.39 0.00 1560.73 486.94 0.01 1555.00 485.50 0.03 1559.30 489.71 0.04 1548.58 526.08 0.13 1540.57 527.05 0.80 1498.17 581.01 0.08 1493.13 576.72 0.95 1508.19 649.41 0.24 1511.18 652.29 0.95 1563.33 655.65 0.32 1554.99 658.77 0.77 1557.13 762.21 0.13 1548.00 762.71 0.54 1552.04 844.89 0.05 1542.51 843.02 0.22
3140 1449.49 461.77 1571.86 817.02 0.5804
1512.76 477.25 0.08 1518.46 465.40 0.06 1510.86 465.34 0.02 1534.52 464.71 0.15 1523.87 462.78 0.04 1546.89 522.76 0.91 1543.68 521.81 0.31 1538.30 625.93 0.98 1531.56 626.54 0.12 1482.27 698.00 0.97 1491.02 697.37 0.25 1545.33 708.89 0.72 1543.67 704.63 0.27 1528.20 817.64 0.20 1528.48 812.45 0.03 1538.78 902.55 0.04 1530.95 901.49 0.01
3150 1344.72 333.02 1646.25 820.04 0.6982
1407.46 436.16 0.98 1410.79 414.97 0.99 1395.40 424.66 0.40 1453.06 382.51 0.99 1411.94 407.79 0.00 1534.74 442.10 1.00 1454.95 470.54 0.97 1577.47 569.87 0.99 1454.10 585.28 0.86 1555.47 686.41 1.00 1446.45 678.74 0.97 1556.69 709.49 0.98 1493.26 716.11 0.96 1561.06 891.21 0.81 1480.07 893.79 0.79 1590.87 1064.41 0.26 1491.85 1061.37 0.32
3160 1397.03 291.29 1752.59 1308.26 0.3661
1454.09 413.27 0.15 1448.63 399.12 0.12 1464.39 388.40 0.01 1462.21 376.80 0.83 1521.54 354.52 0.11 1560.38 431.85 1.00 1594.26 393.95 0.88 1585.04 595.16 0.99 1596.01 565.60 0.14 1542.36 719.45 0.99 1542.22 700.93 0.13 1630.25 714.20 0.96 1662.63 697.94 0.79 1617.00 940.73 0.92 1639.50 938.59 0.69 1622.69 1205.74 0.78 1632.99 1185.29 0.71
3170 1401.93 290.56 1750.23 1257.24 0.4236
1451.26 408.10 0.17 1447.02 395.44 0.14 1463.08 383.78 0.01 1462.50 378.62 0.88 1524.95 353.58 0.13 1557.96 434.15 1.00 1602.02 391.90 0.90 1589.07 586.64 0.99 1606.83 550.99 0.11 1532.73 703.58 0.99 1537.78 677.24 0.12 1630.47 695.50 0.96 1672.09 676.83 0.80 1617.79 911.24 0.92 1646.73 909.52 0.75 1624.43 1160.20 0.76 1640.19 1139.30 0.72
3190 1427.40 285.16 1747.93 826.21 0.4023
1475.26 402.14 0.03 1464.40 385.51 0.05 1478.57 382.39 0.00 1474.35 367.46 0.88 1546.60 355.29 0.31 1550.87 420.64 1.00 1610.86 400.98 0.75 1598.25 569.56 1.00 1618.86 549.86 0.03 1502.03 673.96 0.99 1532.91 660.83 0.07 1629.05 704.23 0.93 1667.12 689.60 0.68 1610.10 931.99 0.67 1654.51 929.23 0.38 1627.66 1102.96 0.15 1663.31 1089.76 0.09
3200 1448.88 258.94 1747.91 825.90 0.4859
1483.34 370.26 0.02 1472.74 354.73 0.03 1490.35 350.32 0.00 1477.78 352.67 0.93 1569.06 336.88 0.62 1555.42 424.51 1.00 1621.05 396.56 0.92 1597.50 571.90 1.00 1624.70 547.12 0.02 1502.28 672.78 0.99 1533.75 659.72 0.07 1624.96 695.21 0.94 1669.51 677.89 0.78 1606.25 923.81 0.80 1658.58 916.98 0.55 1627.15 1103.20 0.16 1663.61 1088.49 0.10
3210 1449.59 258.84 1751.39 825.05 0.4821
1484.14 370.55 0.03 1474.07 354.23 0.04 1490.96 350.38 0.00 1480.09 350.22 0.95 1569.69 335.66 0.59 1553.55 423.15 1.00 1623.12 397.24 0.91 1597.86 569.47 1.00 1624.34 548.26 0.02 1501.78 671.89 0.99 1531.26 660.59 0.06 1627.51 698.58 0.94 1673.32 682.14 0.76 1605.97 930.58 0.76 1657.35 923.45 0.47 1626.64 1102.56 0.12 1662.26 1087.69 0.07
3230 1349.15 280.60 1718.36 826.97 0.6863
1507.92 383.70 0.96 1513.82 359.05 0.98 1496.87 366.68 0.26 1557.03 333.05 0.92 1532.51 348.86 0.00 1591.00 413.31 0.99 1605.02 414.64 0.80 1529.92 494.26 0.96 1538.00 491.73 0.12 1429.83 504.47 0.89 1436.40 495.37 0.27 1603.89 702.81 0.96 1618.05 696.21 0.87 1587.18 903.54 0.77 1628.45 910.36 0.57 1611.39 1079.84 0.26 1641.36 1073.03 0.17
3240 1267.96 326.71 1652.67 830.65 0.8035
1379.53 419.29 0.03 1375.90 406.47 0.03 1393.71 397.51 0.01 1370.13 396.25 0.90 1447.91 372.66 0.49 1376.76 442.10 1.00 1518.72 397.12 0.99 1367.33 606.58 0.99 1654.97 474.92 0.67 1309.89 703.16 0.97 1606.49 450.50 0.05 1481.54 649.08 0.98 1595.88 628.32 0.95 1494.15 859.72 0.79 1580.09 843.81 0.52 1523.90 1035.58 0.10 1592.92 1022.78 0.06
3300 1425.39 436.78 1572.44 830.25 0.3238
1478.22 512.63 0.24 1483.26 498.40 0.19 1474.42 497.29 0.08 1494.65 492.51 0.21 1506.23 487.44 0.25 1484.36 546.69 0.94 1564.04 540.72 0.78 1451.49 656.12 0.45 1555.94 644.01 0.05 1448.15 665.84 0.22 1510.04 666.43 0.05 1489.21 736.26 0.93 1559.56 730.96 0.84 1475.38 876.01 0.41 1534.21 872.76 0.18 1484.42 976.09 0.05 1529.63 973.78 0.02
3310 1418.01 404.35 1573.71 827.95 0.5373
1494.96 461.57 0.67 1506.57 448.41 0.63 1489.82 448.08 0.34 1524.24 453.74 0.48 1505.85 451.65 0.25 1503.36 527.83 0.96 1541.17 526.00 0.73 1452.81 625.70 0.90 1484.85 624.32 0.08 1428.65 705.41 0.86 1433.50 697.88 0.20 1503.09 717.95 0.92 1538.28 715.49 0.81 1480.10 851.22 0.65 1522.68 854.52 0.40 1486.57 978.21 0.20 1517.66 982.36 0.12
3320 1370.91 409.13 1573.26 832.64 0.8472
1442.04 453.02 0.99 1451.96 442.20 0.99 1429.35 446.86 0.99 1476.00 454.49 0.94 1419.27 467.36 0.71 1521.11 519.49 1.00 1411.42 532.83 1.00 1553.46 594.65 0.87 1387.66 611.16 0.85 1538.14 607.41 0.52 1391.59 655.69 0.29 1511.56 681.17 0.99 1438.06 685.27 0.99 1517.99 797.80 0.85 1445.73 800.31 0.84 1521.20 916.94 0.49 1449.25 916.87 0.48
3330 1371.79 402.06 1572.65 835.25 0.6702
1473.78 456.43 0.99 1483.57 443.48 0.99 1458.85 447.74 0.99 1505.48 451.13 0.89 1442.14 461.99 0.82 1542.21 520.48 1.00 1422.70 524.14 1.00 1580.19 609.37 0.51 1390.49 619.46 0.95 1590.25 657.91 0.16 1407.99 700.20 0.74 1521.05 713.91 0.99 1441.54 714.63 0.99 1520.40 849.92 0.90 1440.75 845.97 0.94 1518.72 997.00 0.62 1430.59 992.33 0.71
3340 1178.04 300.04 1485.07 853.20 0.8282
1423.81 425.84 0.98 1433.39 404.89 0.64 1403.61 404.11 0.99 1415.75 388.37 0.02 1343.03 388.33 0.99 1347.72 444.39 0.88 1303.83 493.61 0.99 1357.31 614.56 0.26 1340.45 662.32 0.98 1418.11 770.02 0.20 1435.48 791.87 0.97 1286.85 737.38 0.81 1251.72 758.07 0.94 1287.99 941.84 0.20 1266.19 954.52 0.36 1265.49 1093.73 0.04 1241.62 1099.72 0.04
3350 1095.46 355.98 1345.76 840.35 0.8745
1319.69 410.21 0.97 1322.68 397.13 0.68 1297.43 398.51 0.99 1300.94 418.53 0.03 1249.25 427.22 0.97 1258.68 509.58 0.73 1238.75 523.27 1.00 1255.91 637.29 0.08 1219.47 658.84 0.99 1290.91 753.46 0.26 1300.02 780.78 0.97 1188.17 733.32 0.85 1167.54 743.72 0.98 1222.38 908.45 0.17 1208.98 915.29 0.55 1206.01 1049.14 0.01 1186.86 1059.88 0.04
3360 1149.49 19.10 1420.50 989.92 0.7867
1265.56 312.09 0.11 1273.20 303.31 0.05 1250.03 305.44 0.03 1293.68 314.65 0.14 1231.38 320.51 0.13 1358.01 378.24 0.98 1207.30 396.80 0.99 1426.18 342.90 0.95 1210.67 306.60 0.99 1389.17 228.60 0.88 1267.49 152.64 0.98 1342.38 617.51 0.99 1242.89 627.52 0.99 1329.43 814.11 0.95 1243.48 816.62 0.96 1320.46 1035.97 0.92 1248.02 1035.66 0.93
3370 1101.37 301.29 1429.74 826.41 0.6694
1224.77 326.55 0.11 1234.76 311.11 0.07 1209.33 312.62 0.16 1257.63 322.83 0.08 1186.05 328.55 0.29 1305.84 424.21 0.96 1174.15 428.01 0.99 1327.79 538.86 0.92 1135.73 482.03 0.98 1377.66 558.83 0.94 1152.75 376.25 0.97 1296.91 638.24 0.97 1204.50 639.47 0.98 1286.15 833.46 0.71 1191.48 829.40 0.78 1287.72 1004.28 0.15 1180.14 997.56 0.21
3380 1133.36 340.75 1379.71 983.65 0.4829
1238.35 374.73 0.55 1252.14 364.25 0.49 1224.83 367.64 0.38 1275.96 376.58 0.82 1209.97 381.60 0.63 1318.64 457.73 0.99 1184.60 454.10 0.99 1362.27 539.69 0.98 1165.58 529.94 0.98 1268.66 523.62 0.98 1209.57 579.99 0.98 1292.58 659.17 0.97 1213.89 657.33 0.98 1274.72 824.36 0.90 1217.91 822.32 0.92 1252.38 992.46 0.72 1217.22 993.91 0.78
3390 1101.14 284.38 1313.38 825.34 0.6452
1259.00 347.86 0.13 1253.96 332.89 0.01 1251.97 333.13 0.12 1215.49 338.77 0.15 1227.02 343.14 0.75 1218.09 434.44 0.96 1177.30 431.57 1.00 1259.62 564.01 0.15 1152.84 575.13 0.99 1291.39 651.22 0.17 1206.06 708.25 0.98 1223.64 678.18 0.88 1199.30 684.00 0.96 1237.01 851.65 0.55 1209.77 859.33 0.79 1227.84 1038.22 0.34 1203.45 1047.30 0.45
3400 1298.11 337.23 1464.10 827.16 0.3536
1369.33 405.09 0.13 1372.11 389.93 0.16 1369.75 389.81 0.03 1382.56 383.60 0.50 1393.47 381.30 0.13 1397.46 445.08 0.98 1410.05 443.25 0.77 1373.62 549.25 0.96 1377.23 547.16 0.07 1301.09 619.24 0.84 1312.16 610.70 0.06 1386.09 668.12 0.97 1397.49 663.60 0.89 1355.88 848.28 0.94 1404.51 849.81 0.75 1365.46 1027.58 0.69 1420.64 1018.82 0.44
3410 1377.39 452.32 1537.61 809.97 0.3874
1499.35 448.90 0.05 1508.23 437.67 0.04 1490.42 437.82 0.02 1524.35 437.01 0.13 1474.31 437.77 0.13 1545.31 499.22 0.90 1432.61 496.96 0.99 1561.75 603.14 0.39 1401.93 603.55 0.99 1575.26 691.63 0.44 1412.33 704.64 0.99 1521.96 679.27 0.91 1449.25 678.96 0.96 1510.78 815.95 0.39 1447.88 812.52 0.60 1501.21 951.65 0.10 1439.47 950.19 0.14
