60 1213.52 817.00 1597.04 1302.05 0.7907
1377.82 931.13 0.57 1404.98 935.12 0.52 1395.67 904.93 0.11 1469.02 970.32 0.81 1426.21 893.27 0.06 1533.88 1083.26 0.99 1397.01 914.87 0.98 1521.48 1231.35 0.94 1331.32 964.19 0.97 1434.43 1278.29 0.85 1246.36 987.33 0.96 1383.85 1208.79 0.66 1299.32 1111.00 0.70 1324.70 1212.48 0.08 1233.73 1125.20 0.08 1317.08 1274.70 0.03 1257.15 1223.36 0.04
70 1266.74 885.22 1756.72 1399.99 0.8361
1581.53 941.51 0.72 1605.74 951.72 0.73 1607.38 926.66 0.11 1632.43 1024.83 0.89 1635.86 954.44 0.02 1622.16 1171.77 0.96 1567.36 991.09 0.99 1538.43 1324.71 0.84 1432.89 1029.19 0.99 1415.38 1384.42 0.78 1293.64 1052.58 0.99 1422.36 1274.61 0.89 1377.55 1165.60 0.95 1325.51 1329.53 0.19 1297.83 1211.88 0.33 1332.72 1378.38 0.06 1334.69 1330.17 0.11
80 1244.79 877.24 1705.37 1390.48 0.8595
1494.51 968.35 0.40 1521.21 970.15 0.30 1511.05 949.26 0.07 1575.32 1012.35 0.71 1528.68 955.90 0.06 1623.91 1106.10 0.97 1467.84 1003.43 0.99 1667.80 1200.60 0.77 1375.53 1032.06 0.99 1574.54 1216.63 0.42 1267.73 1038.35 0.99 1464.96 1273.89 0.87 1370.80 1202.11 0.94 1391.39 1350.09 0.10 1315.43 1264.22 0.15 1382.80 1405.60 0.04 1335.56 1357.98 0.05
90 1219.29 843.37 1695.20 1348.89 0.8615
1513.34 948.02 0.96 1550.18 952.35 0.96 1527.24 919.66 0.67 1606.02 996.20 0.83 1532.75 912.71 0.04 1607.01 1116.85 0.93 1492.26 967.64 0.99 1595.10 1257.13 0.49 1384.31 1016.03 0.99 1489.99 1246.23 0.24 1260.01 1018.27 0.99 1441.28 1245.33 0.81 1367.37 1162.38 0.92 1375.91 1297.54 0.16 1321.27 1242.43 0.25 1379.44 1378.35 0.06 1338.39 1341.91 0.07
100 1244.37 860.62 1751.30 1457.88 0.4294
1587.55 926.33 0.88 1604.64 926.30 0.88 1612.07 926.19 0.13 1612.23 998.78 0.95 1669.89 983.83 0.02 1516.48 1120.93 0.98 1621.69 1092.55 0.97 1424.86 1181.63 0.86 1434.05 1015.82 0.93 1380.73 1120.98 0.75 1344.95 917.40 0.94 1362.70 1339.65 0.72 1422.46 1320.99 0.68 1288.21 1283.39 0.14 1342.32 1254.39 0.10 1269.21 1377.15 0.03 1316.86 1366.58 0.03
110 1153.75 599.09 1624.22 1484.28 0.9033
1480.98 787.20 0.61 1498.80 785.98 0.65 1496.08 773.20 0.10 1505.67 833.66 0.93 1515.72 792.68 0.04 1478.96 965.53 0.99 1443.92 831.33 0.99 1489.91 1144.43 0.98 1382.19 725.21 0.99 1340.30 1134.88 0.95 1358.94 619.19 0.98 1339.84 1158.93 0.99 1298.63 1096.90 0.99 1281.46 1302.46 0.94 1258.26 1221.91 0.92 1257.67 1433.77 0.88 1242.54 1311.82 0.90
120 1176.84 581.74 1698.69 1474.34 0.8502
1573.83 771.60 0.44 1585.38 767.07 0.42 1587.19 767.87 0.04 1579.45 818.97 0.96 1606.68 807.69 0.04 1543.79 962.89 0.99 1499.93 848.54 0.99 1526.00 1157.60 1.00 1402.56 722.40 0.99 1349.97 1111.97 0.99 1321.47 614.76 0.97 1342.39 1166.26 0.97 1298.08 1117.41 0.95 1272.98 1319.06 0.41 1246.11 1264.10 0.22 1229.04 1428.01 0.10 1229.84 1394.34 0.07
130 1202.65 775.90 1667.66 1477.71 0.8096
1484.24 876.32 0.58 1516.92 880.69 0.66 1501.20 857.05 0.08 1570.79 927.96 0.88 1524.84 862.42 0.02 1564.52 1050.87 0.99 1479.03 900.55 0.98 1541.81 1227.83 0.99 1398.30 848.15 0.94 1373.50 1192.08 0.98 1320.35 792.02 0.75 1389.72 1212.31 0.97 1337.49 1139.84 0.95 1333.50 1323.90 0.57 1293.43 1263.38 0.41 1291.18 1417.78 0.30 1281.70 1387.43 0.25
140 1230.14 791.73 1693.33 1472.66 0.4409
1481.52 910.42 0.08 1484.88 896.58 0.05 1507.35 887.77 0.01 1511.99 904.22 0.62 1594.09 875.12 0.24 1518.84 1030.71 0.97 1628.14 957.67 0.94 1473.54 1191.43 0.63 1525.00 1018.15 0.57 1426.73 1266.06 0.44 1419.79 1001.19 0.84 1494.96 1225.70 0.91 1585.52 1170.31 0.87 1395.53 1227.57 0.81 1464.85 1120.22 0.59 1351.66 1415.01 0.80 1442.34 1297.23 0.73
150 1241.92 719.23 1685.06 1469.42 0.8997
1515.64 816.57 0.99 1547.85 811.48 0.98 1517.80 789.68 0.87 1596.27 835.04 0.90 1512.07 778.17 0.06 1619.48 952.21 0.99 1492.36 829.19 0.99 1616.99 1092.33 0.99 1442.99 902.02 0.99 1500.78 1128.68 1.00 1352.80 922.13 0.99 1477.40 1109.43 0.99 1395.67 1041.81 0.97 1391.93 1237.01 0.97 1342.75 1176.69 0.79 1329.56 1392.85 0.86 1331.24 1330.97 0.53
160 1240.30 721.09 1685.39 1467.64 0.8690
1515.75 817.30 0.99 1548.74 811.67 0.98 1518.06 789.90 0.85 1597.91 835.75 0.91 1512.56 778.77 0.06 1623.74 950.26 0.99 1491.10 827.61 0.99 1618.03 1089.52 0.99 1441.46 901.95 0.99 1504.17 1128.18 1.00 1353.94 922.94 0.99 1478.87 1108.62 0.99 1395.60 1040.59 0.97 1392.21 1234.77 0.96 1342.54 1173.54 0.76 1329.84 1391.58 0.83 1330.53 1329.97 0.49
170 1240.92 718.51 1684.86 1468.88 0.9106
1513.57 820.31 0.99 1543.49 812.81 0.98 1513.65 794.48 0.87 1592.81 831.39 0.89 1508.77 782.81 0.06 1620.16 948.54 0.99 1491.72 828.32 0.99 1612.95 1090.17 0.99 1439.72 902.24 0.99 1500.19 1125.90 1.00 1353.82 922.31 0.99 1475.57 1108.45 0.99 1394.09 1042.77 0.97 1390.52 1239.41 0.97 1343.03 1180.18 0.79 1326.59 1395.97 0.86 1329.80 1335.89 0.52
180 1240.26 726.01 1682.77 1467.89 0.9062
1503.45 841.58 0.88 1528.83 837.31 0.84 1506.24 817.83 0.42 1583.84 847.39 0.87 1511.48 797.48 0.07 1625.67 948.38 0.99 1501.03 822.58 0.99 1612.28 1085.23 0.99 1444.01 898.99 0.99 1502.74 1120.52 1.00 1352.25 920.65 0.99 1478.88 1099.92 0.99 1399.09 1032.40 0.97 1393.22 1232.16 0.96 1343.70 1172.55 0.76 1326.21 1391.08 0.86 1329.83 1331.76 0.51
190 1240.84 717.17 1680.47 1471.27 0.9013
1465.57 827.95 0.23 1477.37 823.27 0.20 1480.25 808.58 0.01 1524.38 843.13 0.88 1521.39 805.00 0.04 1604.32 959.91 1.00 1505.08 861.47 0.99 1599.79 1100.90 0.99 1431.34 909.80 0.98 1474.26 1121.09 1.00 1332.01 921.64 0.99 1458.35 1129.65 0.99 1392.09 1068.02 0.97 1364.17 1255.10 0.94 1326.85 1193.94 0.57 1314.28 1393.97 0.73 1318.08 1323.68 0.30
200 1236.93 710.56 1677.37 1469.04 0.9001
1496.34 811.48 0.98 1527.54 801.93 0.97 1496.61 786.88 0.76 1580.11 821.81 0.90 1492.88 781.27 0.04 1600.60 947.12 0.99 1473.24 863.09 0.99 1614.47 1104.60 0.99 1399.35 916.42 0.99 1466.77 1134.89 1.00 1305.87 915.65 0.99 1450.66 1144.89 0.99 1375.42 1088.63 0.96 1357.26 1261.34 0.92 1323.60 1194.57 0.63 1309.90 1400.64 0.71 1313.35 1325.92 0.40
210 1147.03 710.66 1595.57 1433.11 0.9126
1367.19 814.74 0.27 1380.94 810.32 0.27 1383.67 795.44 0.01 1432.70 838.48 0.88 1428.25 798.99 0.02 1519.52 959.88 0.99 1411.53 864.44 0.99 1550.56 1112.64 0.92 1302.23 897.30 0.99 1452.66 1094.95 0.68 1213.35 872.49 0.97 1408.67 1126.44 0.99 1331.00 1066.29 0.99 1353.25 1231.53 0.97 1277.55 1155.99 0.97 1314.05 1345.70 0.97 1267.27 1269.31 0.98
220 1154.44 718.81 1620.97 1431.30 0.8746
1428.16 821.75 0.95 1459.00 821.54 0.96 1437.62 796.37 0.57 1512.46 856.54 0.88 1447.86 792.10 0.03 1545.42 969.36 0.98 1432.86 859.55 0.98 1548.36 1118.91 0.86 1343.75 898.79 0.98 1450.57 1081.80 0.65 1243.41 882.60 0.99 1430.53 1128.06 0.98 1350.03 1060.77 0.98 1369.46 1229.31 0.97 1284.82 1144.58 0.97 1316.52 1342.72 0.97 1270.78 1261.13 0.97
230 1227.84 712.64 1642.13 1426.68 0.8847
1452.91 825.83 0.92 1483.21 822.63 0.88 1458.28 798.55 0.59 1536.64 839.40 0.84 1459.06 778.10 0.08 1574.51 948.78 0.99 1436.19 815.35 0.98 1610.38 1100.04 0.99 1383.54 898.79 0.98 1455.56 1124.28 0.99 1296.97 933.33 0.98 1421.45 1097.58 0.97 1338.47 1023.56 0.92 1364.16 1214.26 0.93 1282.72 1146.34 0.57 1295.49 1345.42 0.71 1271.10 1298.93 0.26
240 1263.35 759.89 1661.38 1224.34 0.5371
1434.75 868.43 0.89 1454.46 865.58 0.73 1446.93 846.72 0.07 1512.36 896.05 0.93 1491.46 845.58 0.00 1593.80 1004.26 1.00 1474.94 882.51 0.99 1609.46 1151.17 0.99 1410.21 919.49 0.94 1470.24 1192.40 0.99 1314.55 952.29 0.96 1453.19 1132.60 0.98 1369.86 1056.91 0.99 1337.04 1207.89 0.41 1283.32 1140.57 0.68 1317.82 1291.83 0.04 1280.06 1262.46 0.09
250 1166.11 759.25 1664.84 1260.83 0.7514
1462.19 848.31 0.69 1486.31 849.06 0.60 1474.87 825.63 0.14 1535.77 880.52 0.84 1492.00 818.93 0.06 1595.53 1004.81 0.99 1472.24 850.06 0.99 1613.54 1147.72 0.99 1417.25 910.11 0.98 1479.76 1206.57 0.99 1330.18 961.10 0.99 1467.83 1117.72 0.93 1393.59 1029.03 0.94 1383.22 1166.36 0.56 1299.44 1088.62 0.65 1308.15 1242.33 0.33 1246.44 1195.76 0.48
260 1248.38 751.46 1668.11 1238.90 0.7304
1470.85 857.60 0.87 1499.06 856.17 0.79 1480.02 832.17 0.33 1553.41 882.88 0.85 1490.89 820.16 0.07 1598.50 999.08 0.99 1469.98 851.47 0.99 1608.82 1148.18 0.99 1416.96 915.99 0.99 1473.35 1204.75 0.98 1325.21 957.55 0.99 1461.44 1121.22 0.93 1381.31 1034.43 0.95 1376.30 1185.54 0.42 1301.24 1109.01 0.51 1325.01 1239.84 0.15 1270.57 1198.70 0.20
270 1254.91 748.22 1666.75 1234.15 0.8812
1475.09 852.11 0.92 1503.64 851.63 0.86 1484.67 826.72 0.46 1552.45 880.16 0.86 1493.15 815.27 0.08 1596.94 1000.87 0.99 1467.78 850.65 0.99 1610.54 1144.14 0.99 1415.53 915.10 0.99 1486.44 1201.49 0.98 1325.45 956.57 0.99 1472.62 1109.66 0.94 1390.03 1022.65 0.95 1409.62 1179.30 0.38 1334.69 1105.34 0.44 1374.66 1208.40 0.11 1334.34 1177.63 0.13
280 1222.04 691.10 1595.08 1389.38 0.8572
1392.98 825.53 0.89 1421.22 816.48 0.84 1387.81 800.17 0.57 1475.67 807.58 0.83 1384.12 765.92 0.13 1523.45 899.00 0.99 1365.06 795.35 0.99 1558.83 1072.48 0.99 1301.02 876.74 0.99 1437.96 1094.66 1.00 1255.62 948.49 0.99 1390.50 1107.05 0.99 1297.55 1051.15 0.98 1314.80 1266.86 0.94 1238.25 1216.90 0.82 1303.54 1365.66 0.66 1234.30 1332.03 0.39
290 1058.56 698.25 1465.46 1372.09 0.8690
1384.39 837.39 0.17 1390.33 822.71 0.04 1374.80 827.95 0.15 1375.17 811.55 0.08 1324.45 819.24 0.47 1368.13 849.20 0.96 1209.95 855.81 0.99 1388.91 893.80 0.68 1156.45 971.10 0.99 1391.29 895.63 0.66 1253.20 1009.53 0.96 1300.06 1075.88 0.98 1185.04 1071.30 0.98 1299.07 1180.21 0.98 1148.45 1171.27 0.96 1274.06 1282.27 0.99 1119.49 1271.33 0.98
300 1084.84 715.66 1865.37 1364.00 0.9388
1605.42 835.14 0.24 1589.36 813.77 0.02 1591.38 829.34 0.11 1529.94 810.99 0.10 1543.35 850.59 0.76 1530.72 856.60 1.00 1493.57 960.22 1.00 1666.60 915.24 0.99 1598.58 1075.47 0.99 1785.63 947.04 0.98 1711.28 1091.25 0.99 1417.00 1084.26 0.98 1370.07 1107.32 0.98 1343.29 1212.27 0.94 1280.00 1205.24 0.97 1285.15 1284.37 0.95 1146.88 1277.09 0.99
310 1075.14 751.04 1691.67 1349.19 0.8775
1605.89 889.80 0.24 1604.37 867.50 0.02 1591.36 882.03 0.22 1569.23 843.13 0.02 1534.07 874.23 0.61 1536.76 863.95 0.95 1430.23 918.09 0.98 1577.08 932.72 0.77 1392.64 1093.02 0.96 1640.98 957.46 0.59 1583.55 1134.81 0.97 1385.04 1081.88 0.97 1308.17 1091.40 0.97 1313.38 1201.71 0.94 1232.06 1190.28 0.95 1270.25 1279.02 0.98 1141.60 1281.16 0.98
410 1098.82 749.98 1653.56 1438.97 0.9263
1531.33 896.93 0.06 1509.75 861.78 0.01 1526.43 895.57 0.04 1430.04 825.20 0.45 1500.68 903.37 0.88 1333.60 869.45 1.00 1448.89 1044.50 1.00 1257.51 938.77 0.89 1542.83 1182.12 0.99 1328.71 981.43 0.28 1642.39 1175.91 0.93 1226.02 1130.55 0.99 1303.29 1206.53 0.98 1193.12 1212.15 0.91 1260.63 1291.95 0.86 1140.55 1310.05 0.96 1184.10 1383.08 0.93
420 1054.62 804.94 1681.22 1458.20 0.9059
1471.28 929.07 0.01 1454.91 904.31 0.01 1479.77 932.19 0.00 1401.04 899.83 0.86 1503.74 960.12 0.62 1302.52 971.35 1.00 1485.51 1110.02 1.00 1190.94 961.04 0.99 1560.89 1170.91 0.99 1263.71 874.14 0.92 1622.18 1040.83 0.98 1241.02 1207.70 0.99 1352.56 1273.86 0.98 1181.38 1251.26 0.95 1293.42 1332.50 0.87 1137.20 1364.83 0.92 1228.63 1399.95 0.84
430 1161.95 711.73 1683.02 1382.09 0.9029
1535.96 797.52 0.39 1546.51 784.55 0.43 1553.30 789.62 0.02 1573.94 812.86 0.94 1621.52 813.56 0.06 1495.54 927.61 0.99 1641.54 921.28 0.96 1428.97 1056.48 0.91 1586.12 1024.63 0.17 1378.97 1031.73 0.75 1474.47 1027.64 0.10 1412.24 1131.20 0.99 1509.25 1130.81 0.98 1307.65 1206.21 0.99 1398.99 1210.15 0.95 1239.54 1339.77 0.99 1381.85 1309.99 0.98
440 1146.98 727.56 1688.33 1388.13 0.9245
1565.18 826.44 0.01 1557.71 805.47 0.01 1578.71 822.08 0.01 1536.55 810.65 0.91 1631.51 842.99 0.68 1442.14 894.50 1.00 1634.94 967.24 1.00 1320.04 972.81 0.99 1639.43 1118.30 0.94 1275.82 922.41 0.97 1575.76 1065.99 0.42 1358.57 1136.69 0.99 1468.36 1171.34 0.99 1277.68 1210.36 0.97 1383.14 1280.17 0.91 1206.95 1311.02 0.97 1328.56 1363.97 0.91
450 1140.16 751.80 1623.77 1469.87 0.8815
1490.04 858.83 0.02 1488.03 839.33 0.01 1505.74 854.45 0.00 1482.98 844.64 0.73 1564.82 873.76 0.43 1407.70 910.62 0.99 1568.39 998.43 1.00 1274.15 990.48 0.92 1570.54 1149.23 0.95 1261.20 987.52 0.42 1496.65 1111.81 0.42 1301.70 1147.36 0.99 1413.29 1191.56 0.99 1235.44 1223.22 0.97 1354.13 1304.49 0.97 1178.45 1341.13 0.98 1292.62 1409.15 0.97
580 1010.22 827.08 1510.62 1437.91 0.3501
1377.73 924.08 0.03 1368.33 897.55 0.02 1391.09 938.63 0.02 1338.83 894.18 0.73 1442.25 979.08 0.70 1238.41 917.53 0.99 1415.02 1111.90 0.99 1165.77 946.22 0.84 1402.38 1227.57 0.62 1232.77 895.58 0.16 1294.98 1210.65 0.29 1174.63 1153.75 0.93 1286.17 1249.56 0.91 1123.52 1134.71 0.63 1214.57 1245.09 0.65 1065.57 1267.19 0.75 1150.84 1358.32 0.80
590 866.79 757.29 1332.47 1409.11 0.8029
1276.80 907.02 0.53 1283.26 881.03 0.07 1269.95 890.12 0.51 1245.85 857.71 0.04 1219.87 871.74 0.79 1179.20 903.00 0.95 1122.66 913.65 0.98 1244.14 1081.37 0.78 1151.28 1079.15 0.67 1282.12 1212.61 0.73 1235.17 1196.60 0.43 1047.84 1098.94 0.82 1040.72 1107.67 0.89 1002.08 1154.46 0.86 1034.24 1181.51 0.95 923.13 1282.23 0.93 964.08 1333.26 0.97
600 782.14 681.77 1190.78 1385.84 0.8995
1144.66 810.61 0.08 1121.96 777.72 0.01 1140.99 803.97 0.07 1036.86 745.37 0.30 1110.87 806.98 0.79 938.93 795.55 0.99 1072.26 919.63 1.00 878.34 892.29 0.38 1121.63 1052.48 0.91 957.47 958.38 0.07 1156.19 1052.73 0.86 868.24 1035.57 0.95 973.87 1089.24 0.97 894.40 1131.26 0.94 989.22 1170.90 0.97 857.53 1284.68 0.99 967.83 1344.02 0.99
610 814.13 788.16 1376.39 1388.21 0.8375
1300.48 907.63 0.04 1286.94 870.54 0.01 1301.18 909.36 0.03 1222.53 826.94 0.34 1282.81 911.76 0.69 1091.73 824.46 0.97 1207.83 1005.77 0.99 960.54 900.57 0.37 1192.15 1153.21 0.74 1001.70 977.95 0.04 1183.13 1160.45 0.38 934.93 1028.14 0.96 1026.52 1110.11 0.97 914.97 1118.94 0.94 1006.39 1187.81 0.98 871.41 1282.21 0.99 965.01 1343.06 1.00
620 814.60 787.64 1387.48 1387.61 0.8346
1318.67 907.57 0.03 1304.33 870.61 0.01 1316.68 909.74 0.03 1236.59 826.37 0.32 1292.69 911.84 0.72 1106.51 825.04 0.98 1217.52 991.76 0.99 962.18 881.98 0.58 1192.44 1123.63 0.70 1014.28 946.30 0.06 1150.62 1166.67 0.35 952.34 1032.09 0.97 1045.71 1107.12 0.98 921.37 1120.99 0.95 1010.73 1183.95 0.98 875.39 1289.02 0.99 968.57 1343.55 1.00
630 814.75 787.81 1394.55 1388.67 0.8677
1320.20 906.33 0.01 1303.93 868.59 0.00 1319.19 907.88 0.02 1238.82 827.20 0.48 1306.70 914.12 0.83 1108.70 832.98 0.99 1248.05 1012.03 0.99 961.94 891.94 0.76 1230.81 1135.82 0.88 1012.59 951.29 0.13 1204.19 1204.36 0.60 954.21 1027.09 0.97 1055.39 1106.38 0.98 918.58 1135.02 0.96 1010.71 1191.19 0.98 870.94 1288.17 0.99 963.96 1341.61 1.00
710 798.56 756.03 1280.42 1396.63 0.8477
1154.44 910.42 0.25 1165.56 897.72 0.08 1154.75 898.12 0.26 1150.82 875.65 0.26 1118.44 866.50 0.58 1120.50 916.13 0.95 999.73 840.64 0.99 1051.91 1076.48 0.72 905.84 923.92 0.98 1000.60 1185.20 0.43 830.98 1038.61 0.94 1028.70 1076.10 0.96 944.81 1047.95 0.98 995.22 1181.33 0.97 914.31 1189.02 0.98 989.98 1259.70 0.99 860.71 1314.28 0.99
720 792.11 764.01 1184.31 1392.49 0.8693
1105.32 918.04 0.19 1093.58 891.40 0.03 1095.63 926.11 0.16 1037.86 850.66 0.19 1043.86 929.01 0.77 986.29 793.18 0.95 950.53 1012.12 0.99 1110.22 745.17 0.64 921.41 1162.21 0.91 1159.62 812.35 0.53 916.42 1239.85 0.89 958.23 1032.74 0.85 934.92 1124.28 0.90 944.27 1120.18 0.72 912.59 1205.69 0.92 891.75 1221.30 0.83 863.05 1328.65 0.95
730 798.29 767.08 1175.80 1393.13 0.8849
1110.47 907.63 0.29 1097.79 881.13 0.02 1101.29 911.06 0.30 1035.04 848.41 0.07 1043.56 916.41 0.91 983.25 814.28 0.96 943.41 1011.70 1.00 1047.26 870.96 0.54 905.03 1157.20 0.96 1080.34 927.02 0.33 914.27 1236.91 0.95 954.34 1064.67 0.87 929.12 1148.44 0.94 945.09 1166.53 0.63 916.63 1244.30 0.89 881.01 1259.34 0.72 866.29 1342.44 0.90
740 792.00 762.95 1204.18 1393.79 0.8526
1119.08 903.99 0.19 1106.79 876.89 0.02 1108.30 909.82 0.22 1045.95 843.70 0.08 1054.31 917.07 0.87 990.35 792.24 0.93 943.76 978.27 0.99 1090.34 814.58 0.36 953.34 1128.73 0.66 1120.41 846.99 0.15 1001.03 1182.21 0.68 965.15 999.23 0.83 937.98 1084.99 0.92 980.76 1083.21 0.66 925.90 1167.85 0.95 924.05 1206.75 0.90 858.83 1318.92 0.98
750 790.07 625.05 1254.92 1394.61 0.8658
1189.56 861.18 0.06 1170.39 826.99 0.01 1179.53 870.45 0.03 1105.72 788.34 0.45 1151.06 886.42 0.70 1025.21 778.94 0.99 1074.14 992.02 1.00 1083.31 743.82 0.89 1056.00 1104.32 0.78 1139.87 668.27 0.81 1050.76 1107.64 0.62 915.87 988.54 0.97 947.92 1080.91 0.98 940.27 1079.22 0.86 923.40 1172.52 0.98 892.19 1190.96 0.95 854.89 1307.43 0.99
760 749.40 705.76 1110.06 1388.86 0.8254
1044.35 849.44 0.17 1037.12 827.10 0.02 1034.87 852.51 0.19 989.78 796.39 0.07 982.12 849.84 0.80 965.30 772.02 0.96 860.92 872.03 0.99 978.83 875.99 0.72 826.14 1006.99 0.91 981.52 966.34 0.56 821.90 1118.58 0.72 927.48 1001.02 0.98 863.31 1039.69 0.97 904.86 1149.77 0.96 858.63 1158.57 0.95 860.53 1276.22 0.96 835.44 1286.50 0.95
770 743.22 671.92 1095.86 1392.92 0.8791
1031.95 802.50 0.10 1013.52 778.46 0.01 1024.07 805.40 0.08 945.65 758.13 0.08 971.27 821.08 0.82 920.20 766.95 0.98 868.43 918.81 1.00 951.49 810.12 0.93 814.66 1053.26 0.97 1021.02 856.26 0.97 819.40 1143.69 0.93 908.73 1028.60 0.98 876.51 1088.85 0.99 890.00 1177.63 0.96 873.35 1205.14 0.95 838.47 1276.31 0.94 842.90 1307.69 0.95
780 768.79 762.80 1284.89 1396.44 0.8960
1206.42 901.21 0.09 1193.02 863.39 0.02 1205.07 901.96 0.09 1121.55 812.07 0.30 1171.45 895.48 0.79 1002.21 799.91 0.97 1082.11 963.74 1.00 941.66 915.38 0.28 1099.22 1097.41 0.79 998.39 991.53 0.05 1100.06 1115.17 0.59 877.17 1039.80 0.94 962.79 1115.36 0.97 880.44 1132.51 0.89 965.42 1194.90 0.97 837.55 1270.83 0.97 935.49 1357.68 0.99
790 850.84 741.65 1311.45 1401.79 0.9006
1228.40 884.23 0.15 1217.92 852.79 0.01 1227.67 879.78 0.16 1150.67 814.47 0.11 1196.57 872.54 0.84 1050.27 819.00 0.98 1125.43 959.33 0.99 977.95 937.88 0.71 1131.13 1137.97 0.97 1040.09 993.95 0.19 1197.15 1142.63 0.97 971.01 1076.62 0.97 1036.60 1135.57 0.97 959.69 1183.21 0.90 1001.10 1235.20 0.94 903.41 1295.07 0.96 942.78 1354.75 0.97
800 886.33 695.56 1300.21 1398.94 0.9293
1235.38 847.69 0.04 1213.50 817.34 0.01 1233.56 846.00 0.05 1142.99 784.84 0.18 1210.23 852.40 0.83 1070.64 817.42 0.99 1190.20 979.96 0.99 1015.27 928.21 0.91 1172.21 1140.23 0.99 1088.68 970.91 0.27 1245.77 1133.39 0.98 1013.38 1059.17 0.98 1097.73 1127.47 0.98 984.66 1147.51 0.98 1058.21 1230.93 0.98 942.83 1259.33 0.99 991.92 1347.53 0.98
810 885.03 720.26 1332.70 1399.23 0.9277
1265.87 851.48 0.08 1247.37 821.38 0.02 1263.50 848.55 0.09 1174.04 788.76 0.22 1233.90 852.84 0.78 1081.95 816.00 0.99 1196.04 982.01 1.00 1020.66 925.57 0.79 1180.07 1148.59 0.99 1096.16 973.01 0.17 1260.29 1134.27 0.98 1008.22 1062.64 0.98 1090.86 1135.42 0.98 986.37 1147.47 0.98 1060.85 1233.23 0.98 944.70 1262.97 0.99 994.17 1354.21 0.99
820 886.14 721.68 1335.17 1400.00 0.9297
1271.22 854.22 0.09 1252.02 823.12 0.01 1269.53 849.43 0.10 1173.66 789.51 0.20 1237.92 851.86 0.82 1081.10 820.06 0.99 1196.09 986.45 1.00 1026.73 922.53 0.72 1177.67 1151.18 0.99 1097.91 973.44 0.15 1253.89 1137.78 0.98 1006.95 1072.87 0.98 1090.92 1145.57 0.98 984.73 1156.86 0.97 1057.79 1239.76 0.97 939.84 1264.89 0.99 994.12 1354.84 0.98
830 886.44 716.84 1336.81 1399.70 0.9265
1276.31 850.02 0.07 1253.46 819.68 0.01 1273.21 848.48 0.08 1169.90 790.82 0.22 1240.37 860.14 0.84 1086.60 819.33 0.99 1197.03 996.22 1.00 1037.26 913.11 0.66 1179.22 1154.44 0.99 1113.42 980.53 0.17 1258.42 1139.18 0.99 1011.66 1065.51 0.98 1095.74 1141.39 0.99 985.99 1155.15 0.97 1061.28 1236.84 0.97 944.31 1263.78 0.99 998.30 1354.26 0.98
840 886.17 736.74 1362.03 1399.10 0.8504
1290.96 886.69 0.04 1274.69 852.57 0.01 1291.25 884.30 0.05 1206.22 811.12 0.44 1272.84 880.91 0.85 1108.79 844.24 0.99 1228.50 995.83 1.00 1056.03 962.65 0.56 1239.34 1155.03 0.96 1123.94 1037.29 0.13 1290.04 1135.86 0.89 1034.38 1082.87 0.97 1121.50 1148.22 0.98 1009.34 1152.57 0.88 1078.91 1236.43 0.91 936.74 1263.79 0.96 1010.88 1358.69 0.95
850 1123.93 732.51 1639.67 1415.24 0.9265
1514.19 828.56 0.01 1509.43 806.22 0.01 1530.73 826.12 0.00 1495.21 815.37 0.85 1589.99 852.84 0.66 1403.29 888.75 1.00 1580.50 975.02 0.99 1264.24 982.32 0.98 1555.67 1114.94 0.89 1313.69 915.22 0.56 1505.81 1059.47 0.41 1307.11 1133.20 0.99 1421.38 1176.42 0.99 1236.70 1215.93 0.98 1359.09 1271.13 0.96 1180.57 1318.39 0.99 1307.05 1359.11 0.98
860 1129.66 769.54 1703.41 1417.28 0.8877
1536.72 870.57 0.05 1536.59 853.53 0.04 1560.36 866.17 0.01 1547.67 877.44 0.85 1648.74 896.48 0.39 1476.11 958.58 0.99 1663.41 1009.51 0.99 1360.44 1079.64 0.87 1634.71 1155.75 0.58 1316.67 1132.95 0.24 1559.72 1118.77 0.10 1380.08 1174.51 0.99 1499.58 1204.17 0.98 1277.31 1222.73 0.97 1393.89 1292.60 0.94 1213.00 1343.41 0.99 1305.28 1379.70 0.98
870 713.61 986.38 1176.10 1492.45 0.5049
885.14 1175.57 0.10 901.86 1155.53 0.07 873.41 1155.76 0.02 956.88 1124.36 0.38 883.22 1126.80 0.09 1058.78 1141.75 0.97 881.49 1175.12 0.94 1128.60 1285.72 0.94 846.10 1346.97 0.41 1073.32 1428.98 0.96 871.60 1443.01 0.15 1009.92 1455.22 0.75 879.11 1459.39 0.64 1007.16 1457.86 0.05 841.88 1479.36 0.03 996.29 1482.83 0.03 867.51 1476.53 0.03
920 1040.59 818.43 1473.84 1459.28 0.8923
1394.14 948.81 0.01 1378.33 915.38 0.00 1403.04 946.55 0.01 1319.46 892.08 0.87 1417.94 959.08 0.90 1196.45 966.57 1.00 1397.52 1119.42 1.00 1079.40 1064.96 0.94 1386.17 1279.33 0.96 1166.90 1031.60 0.13 1354.37 1203.98 0.19 1130.66 1216.09 0.97 1261.23 1282.67 0.97 1116.92 1284.31 0.86 1231.15 1369.11 0.75 1097.38 1384.35 0.74 1170.43 1433.68 0.61
930 1072.00 757.58 1665.29 1425.76 0.9476
1556.09 881.01 0.01 1542.13 856.52 0.01 1566.24 880.13 0.01 1504.74 853.13 0.74 1601.03 903.67 0.63 1403.87 908.57 1.00 1582.66 1009.03 1.00 1253.10 962.08 0.99 1563.56 1160.29 0.95 1234.96 880.17 0.94 1506.97 1048.34 0.48 1296.26 1133.43 0.99 1409.57 1178.18 0.99 1230.42 1210.28 0.98 1361.67 1258.56 0.96 1152.61 1356.15 0.99 1311.22 1369.60 0.99
940 1073.41 775.26 1623.18 1428.45 0.9423
1488.69 852.30 0.06 1486.26 833.60 0.05 1504.42 855.68 0.01 1472.25 854.09 0.90 1563.15 895.62 0.50 1373.48 924.55 1.00 1545.56 1016.89 0.99 1222.24 966.58 0.99 1532.24 1150.40 0.86 1212.34 879.31 0.97 1469.83 1034.76 0.44 1283.02 1162.15 0.99 1390.33 1204.24 0.99 1221.36 1205.77 0.98 1353.68 1259.52 0.96 1156.46 1358.30 0.99 1312.42 1373.21 0.99
950 1090.94 682.07 1526.93 1421.16 0.9135
1450.63 799.57 0.03 1445.20 777.85 0.02 1458.20 801.62 0.01 1425.74 764.11 0.63 1488.02 815.06 0.46 1343.70 777.84 1.00 1478.25 904.70 0.99 1204.29 753.77 0.98 1434.71 1010.96 0.86 1158.22 694.48 0.90 1363.22 1043.33 0.65 1252.41 994.75 1.00 1348.67 1051.44 1.00 1192.82 1096.29 0.99 1319.00 1183.26 0.99 1138.57 1242.10 0.99 1306.52 1339.74 0.99
960 1092.77 677.67 1552.14 1422.45 0.9284
1482.28 784.69 0.06 1476.38 759.14 0.04 1490.37 786.05 0.03 1448.50 744.89 0.78 1512.22 801.59 0.60 1350.23 769.74 1.00 1475.07 900.60 0.99 1221.05 764.39 0.98 1415.09 1015.35 0.86 1164.09 707.58 0.91 1353.27 1038.13 0.63 1249.14 989.33 1.00 1343.57 1049.25 0.99 1189.16 1092.31 0.99 1309.10 1174.38 0.99 1134.20 1245.68 0.99 1299.52 1339.26 0.99
970 1097.68 731.35 1676.19 1421.37 0.9262
1586.30 839.83 0.01 1574.28 814.90 0.01 1591.68 834.80 0.01 1541.58 805.71 0.84 1621.75 850.12 0.81 1473.45 868.24 0.99 1615.64 966.16 0.99 1363.32 977.42 0.81 1581.80 1108.51 0.79 1301.66 1065.51 0.34 1531.03 1118.18 0.46 1353.34 1078.83 0.99 1451.06 1128.44 0.99 1259.10 1151.23 0.98 1364.43 1242.08 0.97 1159.44 1255.01 0.99 1293.97 1361.66 0.98
980 789.44 942.89 1220.05 1488.21 0.4528
935.22 1093.92 0.10 945.96 1074.04 0.03 958.07 1068.61 0.01 982.27 1083.34 0.55 1059.85 1062.36 0.29 999.60 1215.96 0.98 1120.30 1180.88 0.97 904.43 1385.68 0.70 1160.66 1343.79 0.25 845.82 1436.61 0.29 1134.29 1437.64 0.12 991.61 1492.53 0.22 1102.86 1477.11 0.23 909.18 1446.59 0.02 1038.08 1472.85 0.02 926.94 1496.00 0.01 1035.47 1496.00 0.02
1020 899.01 757.68 1325.19 1461.11 0.6611
1269.63 892.90 0.02 1247.17 857.24 0.01 1273.65 887.18 0.02 1167.17 827.84 0.60 1264.69 896.59 0.83 1056.72 913.58 1.00 1238.21 1054.40 1.00 935.70 1027.12 0.96 1236.36 1223.42 0.92 1011.08 929.96 0.41 1233.80 1254.51 0.59 1012.86 1179.77 0.96 1137.45 1248.31 0.96 1002.99 1255.29 0.78 1106.45 1317.46 0.84 969.31 1351.50 0.81 1053.17 1405.22 0.88
1030 1007.67 621.03 1530.72 1387.13 0.9192
1472.09 733.86 0.02 1458.30 705.37 0.01 1477.24 727.49 0.02 1407.03 686.87 0.52 1481.59 733.60 0.66 1320.27 776.97 1.00 1445.90 841.93 0.99 1195.81 885.16 0.98 1410.39 978.30 0.88 1181.61 749.94 0.70 1359.22 961.24 0.39 1225.56 1023.31 1.00 1314.63 1046.72 0.99 1138.68 1166.16 0.97 1241.80 1146.68 0.88 1101.75 1338.04 0.97 1217.41 1260.58 0.95
1040 1009.54 686.61 1487.98 1384.44 0.9061
1416.60 762.08 0.01 1408.18 740.40 0.01 1426.06 755.85 0.01 1384.68 728.42 0.61 1458.57 758.72 0.72 1326.85 792.38 1.00 1457.44 841.15 0.99 1211.12 890.15 0.94 1428.18 957.03 0.59 1220.30 883.39 0.28 1364.95 941.82 0.11 1251.20 1025.23 0.99 1345.73 1040.26 0.99 1161.28 1157.67 0.97 1286.87 1124.93 0.94 1105.40 1325.67 0.97 1271.75 1237.16 0.98
1050 941.14 705.99 1462.93 1403.41 0.9389
1345.99 813.76 0.01 1335.10 796.32 0.01 1365.98 806.08 0.01 1311.38 812.62 0.87 1425.09 828.78 0.62 1237.43 907.65 0.99 1418.52 924.75 0.99 1086.66 943.71 0.99 1422.39 1078.54 0.95 990.11 863.09 0.97 1391.43 1000.52 0.59 1163.76 1102.88 0.99 1266.61 1107.06 0.99 1097.73 1208.92 0.98 1202.85 1212.52 0.96 1062.72 1344.21 0.98 1173.09 1304.07 0.98
1060 959.85 768.30 1406.30 1471.17 0.9027
1284.36 879.45 0.01 1278.87 858.67 0.01 1301.42 873.05 0.00 1264.04 866.17 0.71 1356.99 892.12 0.47 1177.07 956.10 1.00 1365.68 1005.07 0.97 1033.67 1048.45 0.99 1308.51 1118.02 0.20 1028.07 944.46 0.97 1197.54 1030.43 0.05 1117.95 1254.99 0.99 1244.43 1272.79 0.95 1035.69 1352.16 0.75 1149.83 1357.10 0.40 1044.47 1390.22 0.29 1107.96 1393.13 0.21
1070 935.96 720.30 1427.15 1411.60 0.9391
1232.10 835.83 0.12 1232.57 820.91 0.15 1251.48 817.14 0.01 1253.09 828.89 0.90 1333.63 816.14 0.19 1227.60 939.77 0.99 1392.81 913.33 0.99 1101.52 1033.68 0.98 1399.59 1069.49 0.75 1009.01 953.08 0.98 1309.19 1092.88 0.20 1221.50 1195.72 0.98 1325.23 1187.48 0.97 1124.31 1257.31 0.95 1223.60 1280.10 0.77 1058.95 1367.06 0.95 1169.14 1376.16 0.83
1080 938.78 714.32 1422.33 1409.50 0.9350
1220.90 828.71 0.11 1222.20 813.75 0.13 1241.02 809.90 0.01 1246.44 821.01 0.89 1326.30 807.45 0.21 1226.18 931.33 0.99 1387.89 902.56 0.98 1099.31 1036.96 0.99 1387.77 1046.79 0.61 1001.67 967.51 0.99 1294.13 1087.06 0.20 1222.10 1186.93 0.98 1327.61 1176.38 0.97 1122.89 1262.43 0.95 1229.75 1275.22 0.80 1057.52 1366.73 0.94 1173.41 1367.26 0.85
1090 694.23 952.52 1186.27 1490.89 0.3649
943.09 1136.95 0.19 958.94 1127.41 0.11 935.31 1111.98 0.04 1016.99 1098.79 0.49 952.45 1064.76 0.16 1115.54 1139.06 0.97 993.09 1041.55 0.91 1136.70 1351.86 0.81 954.28 1095.59 0.61 1030.90 1419.32 0.59 851.64 1132.22 0.82 1080.99 1327.74 0.82 982.62 1266.79 0.86 1032.03 1415.65 0.61 826.44 1375.75 0.70 1021.69 1428.81 0.19 800.21 1394.94 0.26
1170 816.19 790.53 1257.91 1484.43 0.4653
1205.63 941.27 0.05 1181.89 909.38 0.01 1205.40 931.46 0.06 1092.78 882.04 0.40 1184.47 935.37 0.87 987.76 965.35 0.99 1185.40 1078.91 0.99 877.82 1064.50 0.83 1223.19 1235.23 0.87 933.16 1119.22 0.21 1214.66 1201.84 0.21 945.60 1234.82 0.97 1084.29 1284.56 0.95 932.30 1314.69 0.85 1094.00 1389.63 0.65 901.88 1413.81 0.57 1047.81 1456.86 0.32
1180 974.62 851.40 1491.37 1485.03 0.9072
1292.34 950.33 0.01 1280.82 932.81 0.01 1301.70 940.07 0.01 1244.45 933.53 0.81 1339.09 948.22 0.82 1180.24 1019.25 1.00 1376.79 1052.97 1.00 1086.39 1067.22 0.87 1454.86 1224.79 0.95 1078.02 1071.73 0.34 1415.89 1228.19 0.28 1170.91 1303.63 0.99 1296.05 1325.19 0.97 1114.83 1308.77 0.93 1244.86 1394.44 0.48 1043.10 1428.16 0.89 1184.55 1465.56 0.28
1190 1125.27 844.32 1646.92 1477.97 0.3308
1490.93 953.35 0.01 1482.70 930.26 0.01 1506.91 948.88 0.00 1451.40 935.46 0.78 1564.53 971.06 0.71 1348.64 1015.78 1.00 1577.45 1104.10 0.97 1222.06 1152.97 0.95 1606.58 1231.30 0.18 1292.91 1155.10 0.14 1560.31 1142.08 0.02 1303.20 1328.82 0.68 1462.19 1370.75 0.37 1224.82 1268.95 0.07 1377.09 1305.01 0.02 1183.82 1394.42 0.03 1331.99 1405.77 0.02
1250 1192.96 585.54 1520.68 1040.70 0.6438
1250.71 644.26 0.10 1252.23 631.63 0.09 1248.32 635.02 0.03 1296.45 613.96 0.26 1273.82 621.13 0.02 1416.71 653.04 0.97 1277.90 642.75 0.79 1476.21 741.44 1.00 1252.94 716.65 0.46 1461.55 854.27 1.00 1228.28 798.36 0.47 1354.36 847.11 0.99 1275.79 830.50 0.99 1268.75 979.70 0.79 1228.52 953.06 0.75 1269.57 988.31 0.26 1234.47 983.48 0.32
1260 1057.46 912.46 1568.89 1481.66 0.7343
1295.69 1034.66 0.04 1298.46 1023.02 0.03 1324.74 1010.10 0.01 1322.97 1033.25 0.86 1428.46 994.27 0.53 1316.65 1151.25 0.99 1491.82 1068.85 0.98 1236.15 1290.99 0.71 1519.80 1188.13 0.30 1202.67 1357.73 0.37 1434.61 1227.99 0.08 1321.84 1354.41 0.77 1450.66 1315.09 0.61 1224.38 1265.76 0.71 1297.51 1256.94 0.22 1180.51 1439.03 0.60 1231.62 1408.49 0.17
1320 1013.05 1014.89 1558.66 1483.99 0.4062
1415.68 1108.68 0.41 1440.08 1096.08 0.22 1428.90 1094.44 0.14 1436.61 1114.00 0.66 1411.94 1093.00 0.19 1340.34 1187.49 0.93 1229.79 1123.84 0.98 1276.39 1324.05 0.62 1099.42 1176.33 0.91 1191.10 1402.34 0.15 1064.40 1301.10 0.71 1207.05 1421.94 0.54 1125.91 1398.87 0.60 1203.68 1429.34 0.06 1110.84 1410.11 0.07 1167.25 1454.49 0.03 1097.57 1430.66 0.03
1330 1253.51 628.59 1568.88 1119.87 0.8749
1431.01 680.24 0.17 1434.75 669.74 0.07 1448.49 670.47 0.01 1444.78 674.58 0.79 1503.02 672.13 0.13 1429.52 744.84 0.99 1519.60 735.17 1.00 1377.20 859.72 0.97 1540.57 808.13 0.55 1302.99 896.30 0.92 1492.16 799.50 0.16 1364.18 935.77 1.00 1422.00 931.61 1.00 1292.05 1028.76 0.94 1367.39 1039.64 0.92 1285.40 1088.64 0.54 1354.14 1098.87 0.52
1340 1083.48 584.84 1314.09 955.78 0.4170
1201.47 575.50 0.02 1206.19 565.04 0.01 1193.30 564.33 0.01 1221.42 562.99 0.01 1175.33 562.54 0.03 1262.30 604.24 0.92 1147.82 599.59 0.72 1296.23 704.89 0.98 1127.20 687.62 0.10 1274.51 794.57 0.98 1130.39 758.25 0.06 1228.22 797.15 0.99 1142.78 791.21 0.97 1217.17 919.55 0.79 1122.22 904.46 0.48 1212.75 988.81 0.32 1152.07 966.01 0.19
1360 1194.69 673.25 1481.23 1063.57 0.3250
1403.40 759.08 0.14 1409.33 751.50 0.05 1415.29 750.42 0.15 1387.22 743.62 0.31 1416.51 740.39 0.19 1361.46 766.27 0.74 1313.95 741.98 0.86 1276.19 862.49 0.63 1221.88 826.01 0.91 1254.65 951.42 0.66 1255.38 963.02 0.89 1292.42 859.40 0.93 1266.07 849.39 0.88 1278.27 964.43 0.75 1261.89 940.68 0.51 1258.48 1042.05 0.49 1248.93 1018.96 0.25
1390 1142.19 578.89 1512.52 1081.17 0.6398
1376.42 626.58 0.50 1386.02 623.14 0.36 1390.02 632.80 0.09 1405.59 657.29 0.68 1441.72 670.39 0.17 1351.75 692.84 0.99 1427.09 737.18 0.95 1198.43 681.75 0.97 1262.24 694.89 0.54 1143.56 674.11 0.91 1152.31 678.08 0.39 1287.75 875.99 0.98 1351.53 894.35 0.96 1245.91 949.77 0.82 1306.59 974.96 0.81 1243.02 1013.61 0.63 1282.21 1039.70 0.74
1410 1140.14 916.19 1525.99 1483.75 0.8744
1212.95 1042.19 0.01 1224.78 1051.35 0.01 1240.25 1003.21 0.00 1261.19 1064.70 0.70 1320.89 951.94 0.68 1321.31 1173.56 0.99 1418.80 977.52 0.98 1270.28 1279.31 0.91 1400.52 1086.37 0.34 1221.32 1210.01 0.83 1274.11 1135.06 0.10 1348.67 1322.20 0.94 1437.34 1214.31 0.93 1255.12 1423.80 0.73 1311.81 1349.35 0.67 1248.93 1421.25 0.27 1248.04 1399.52 0.23
1420 1138.78 909.88 1550.68 1484.64 0.8287
1249.55 1034.49 0.01 1263.37 1045.62 0.00 1281.93 995.19 0.00 1303.52 1063.53 0.76 1367.82 942.79 0.68 1364.87 1179.25 0.99 1451.17 958.43 0.98 1321.39 1294.56 0.85 1475.44 1070.03 0.49 1266.64 1286.21 0.38 1392.41 1141.61 0.11 1370.24 1289.60 0.93 1451.61 1169.46 0.93 1277.09 1399.86 0.88 1319.73 1315.03 0.83 1253.24 1435.68 0.57 1243.89 1390.06 0.44
1430 1139.01 927.70 1544.37 1484.80 0.8137
1295.65 1041.50 0.23 1308.84 1049.22 0.21 1324.19 1011.96 0.01 1367.60 1075.59 0.90 1423.48 984.12 0.15 1422.97 1201.37 0.99 1503.38 994.01 0.95 1352.56 1358.36 0.88 1394.05 1075.30 0.26 1256.81 1374.40 0.84 1301.40 1104.96 0.18 1352.32 1345.31 0.80 1417.29 1229.63 0.81 1285.57 1356.88 0.52 1306.17 1250.42 0.64 1260.84 1401.44 0.35 1262.74 1354.16 0.53
1440 1138.42 915.98 1559.42 1485.78 0.7819
1289.76 1038.36 0.27 1303.29 1042.84 0.28 1326.81 1018.33 0.01 1353.24 1093.09 0.93 1453.11 1024.67 0.05 1341.58 1222.23 0.98 1520.80 1074.49 0.97 1297.19 1372.27 0.64 1428.10 1022.03 0.73 1225.10 1388.54 0.39 1337.49 966.64 0.78 1305.26 1406.67 0.80 1412.89 1336.93 0.86 1239.59 1404.70 0.31 1284.97 1351.74 0.36 1224.28 1406.87 0.10 1240.63 1382.47 0.11
1500 878.49 837.30 1407.64 1319.13 0.8263
1290.65 1012.10 0.11 1288.72 987.78 0.03 1285.04 1021.46 0.09 1255.35 947.49 0.49 1249.62 1015.43 0.76 1199.88 880.87 0.98 1109.52 1025.92 1.00 1175.43 852.45 0.71 1005.43 1117.04 0.99 1175.12 873.43 0.41 1053.08 1238.23 0.98 1090.30 1067.85 0.98 1022.49 1121.66 0.98 1087.47 1216.57 0.90 1026.54 1254.48 0.95 981.69 1239.25 0.79 966.80 1343.91 0.84
1510 834.12 812.08 1385.46 1486.31 0.5362
1204.90 934.59 0.01 1185.41 912.12 0.00 1215.92 923.88 0.00 1118.92 912.31 0.66 1239.01 938.14 0.78 1016.08 1004.76 1.00 1274.50 1053.69 0.99 880.36 1119.55 0.94 1363.17 1136.70 0.89 970.71 1058.98 0.17 1321.55 1034.39 0.58 976.04 1244.86 0.97 1137.14 1266.02 0.96 935.00 1339.22 0.88 1100.33 1337.20 0.87 916.54 1453.15 0.70 1061.15 1437.41 0.76
1520 868.70 776.04 1413.89 1484.44 0.8847
1211.99 897.00 0.01 1207.24 886.94 0.01 1237.98 880.30 0.00 1203.76 914.32 0.87 1324.97 890.39 0.65 1170.65 1061.11 0.99 1358.14 978.00 0.99 1116.10 1217.41 0.80 1348.32 949.48 0.54 1055.89 1279.52 0.55 1266.10 898.77 0.18 1124.65 1276.44 0.98 1234.88 1247.67 0.96 1017.57 1337.30 0.95 1125.76 1334.31 0.71 978.03 1468.28 0.82 1066.94 1441.16 0.43
1530 869.14 766.76 1443.78 1485.44 0.9282
1213.29 898.54 0.01 1211.77 884.06 0.02 1237.96 879.69 0.00 1229.42 900.02 0.93 1331.59 882.93 0.41 1192.97 1035.86 1.00 1383.08 989.73 0.99 1125.45 1199.97 0.94 1415.31 1039.47 0.67 1041.75 1249.30 0.93 1323.07 1018.39 0.16 1131.13 1266.97 0.99 1243.18 1251.18 0.98 1030.24 1335.16 0.95 1141.43 1343.58 0.78 976.79 1460.96 0.89 1085.36 1449.47 0.69
1540 868.83 763.27 1430.58 1483.23 0.9277
1188.29 890.31 0.01 1184.25 876.93 0.01 1213.59 871.65 0.00 1196.70 893.54 0.94 1308.51 874.57 0.59 1172.80 1030.30 1.00 1358.01 978.16 1.00 1108.68 1188.90 0.93 1408.14 1022.52 0.87 1031.40 1248.63 0.89 1322.33 984.83 0.31 1129.84 1250.71 0.99 1244.42 1230.45 0.98 1027.08 1330.89 0.96 1162.93 1316.93 0.78 974.38 1457.84 0.92 1110.05 1415.58 0.73
1660 903.22 792.66 1404.75 1486.29 0.8775
1246.47 885.67 0.33 1249.56 877.18 0.27 1256.12 902.31 0.05 1239.08 911.10 0.89 1284.52 961.18 0.19 1145.47 900.93 0.99 1209.72 1075.97 0.98 1140.37 818.27 0.94 1119.49 1203.89 0.86 1163.27 802.89 0.74 1136.75 1268.93 0.87 1015.47 1149.98 0.98 1058.91 1230.40 0.96 977.23 1222.86 0.95 1014.80 1345.45 0.94 950.12 1322.42 0.92 975.81 1461.42 0.91
1670 907.78 812.25 1397.82 1483.51 0.8670
1199.85 883.43 0.88 1219.11 892.07 0.85 1219.38 889.62 0.14 1233.34 965.94 0.94 1269.10 950.20 0.05 1138.87 981.26 0.97 1239.22 1015.14 0.95 1108.84 857.75 0.95 1203.15 891.38 0.64 1191.25 833.56 0.88 1205.11 868.17 0.69 1035.60 1202.52 0.98 1083.78 1226.12 0.96 981.16 1263.74 0.93 1023.51 1328.66 0.91 986.90 1382.65 0.72 1062.34 1398.47 0.75
1680 898.87 819.89 1406.14 1475.04 0.8126
1292.56 990.89 0.08 1284.51 957.29 0.02 1284.77 999.95 0.08 1235.80 906.91 0.55 1257.65 999.10 0.86 1147.39 871.50 0.99 1161.57 1056.98 1.00 1091.56 867.49 0.74 1099.44 1171.87 0.94 1127.12 848.44 0.35 1160.71 1207.32 0.92 994.77 1108.83 0.96 1034.06 1189.36 0.96 973.03 1248.92 0.80 1017.58 1315.16 0.88 951.53 1372.59 0.77 972.09 1444.49 0.86
1710 465.70 1054.97 1003.94 1493.19 0.6580
823.85 1325.74 0.00 801.60 1317.44 0.00 829.26 1317.49 0.00 741.54 1331.55 0.01 830.04 1336.00 0.02 666.54 1426.55 0.00 858.66 1425.45 0.12 857.08 1385.30 0.01 943.91 1368.24 0.74 919.59 1211.17 0.03 942.87 1186.40 0.95 596.63 1459.86 0.01 790.16 1449.88 0.07 640.59 1445.22 0.05 870.97 1386.07 0.19 716.36 1443.48 0.02 881.23 1368.04 0.06
1720 517.29 1064.18 1052.24 1496.00 0.6108
847.77 1393.97 0.00 816.79 1388.66 0.00 851.55 1386.28 0.00 739.40 1395.63 0.02 851.53 1396.96 0.06 701.19 1456.11 0.01 876.93 1448.21 0.23 928.57 1369.30 0.02 980.62 1341.50 0.72 985.35 1205.60 0.11 992.75 1186.01 0.88 668.84 1468.44 0.01 823.77 1455.13 0.04 788.90 1420.38 0.01 931.39 1383.13 0.06 845.92 1397.95 0.01 931.28 1367.84 0.03
1730 531.06 1156.93 1161.80 1496.00 0.7905
853.16 1422.73 0.00 806.01 1416.42 0.00 860.89 1412.75 0.00 693.62 1424.47 0.02 859.76 1427.89 0.08 675.36 1469.25 0.01 908.75 1473.05 0.24 955.64 1428.01 0.02 1058.92 1398.72 0.70 1073.53 1280.47 0.09 1094.98 1253.74 0.87 730.33 1476.31 0.00 903.49 1466.02 0.02 927.75 1427.11 0.01 1016.42 1414.06 0.08 998.16 1390.10 0.01 1036.02 1370.45 0.03
1740 542.83 1156.18 1173.19 1496.00 0.7847
885.01 1419.62 0.00 841.75 1412.79 0.00 892.41 1410.16 0.00 739.56 1420.81 0.02 891.88 1425.58 0.08 723.71 1466.80 0.01 934.08 1474.19 0.24 984.29 1430.26 0.02 1069.29 1402.82 0.70 1090.44 1279.40 0.12 1104.25 1256.54 0.88 754.42 1475.57 0.00 915.55 1466.08 0.02 922.30 1439.82 0.01 1011.53 1425.87 0.06 980.19 1412.31 0.00 1021.28 1392.43 0.02
1750 548.63 1143.34 1142.15 1496.00 0.8324
863.48 1431.48 0.01 829.41 1427.18 0.00 867.21 1422.37 0.00 756.17 1438.55 0.02 869.12 1436.88 0.10 760.02 1478.88 0.02 912.29 1477.38 0.27 991.64 1423.67 0.03 1054.37 1398.31 0.72 1063.20 1267.59 0.13 1074.98 1246.98 0.88 794.53 1475.07 0.00 906.13 1462.55 0.02 973.94 1425.35 0.01 1009.11 1410.50 0.05 1002.44 1400.78 0.01 1009.49 1382.67 0.02
1760 601.61 1077.83 1043.64 1493.77 0.8765
864.93 1393.74 0.01 828.29 1393.76 0.00 876.07 1391.46 0.01 744.75 1417.06 0.03 891.50 1419.34 0.17 732.74 1467.20 0.02 918.35 1457.90 0.40 900.84 1365.38 0.03 984.81 1332.77 0.84 960.45 1211.18 0.11 981.88 1186.30 0.94 734.60 1451.64 0.00 879.69 1435.53 0.02 844.07 1405.34 0.00 929.57 1381.52 0.03 861.66 1394.15 0.00 922.15 1371.56 0.01
1770 596.06 1108.76 1074.92 1496.00 0.8557
857.52 1407.23 0.00 817.59 1404.23 0.00 864.69 1402.55 0.00 721.28 1421.02 0.03 875.02 1425.34 0.13 700.03 1466.03 0.02 911.85 1465.02 0.35 869.58 1392.77 0.02 1007.68 1358.24 0.80 968.60 1249.78 0.07 1010.70 1217.01 0.92 719.18 1461.65 0.00 880.86 1448.52 0.02 859.57 1408.82 0.01 958.89 1385.21 0.04 901.86 1395.49 0.00 957.00 1372.44 0.01
1780 588.01 1155.16 1076.01 1496.00 0.5715
864.42 1332.42 0.00 836.44 1320.98 0.00 873.72 1319.27 0.00 761.10 1323.20 0.02 873.82 1325.12 0.01 690.10 1395.53 0.02 897.12 1414.38 0.14 743.38 1428.00 0.00 976.16 1441.38 0.32 873.06 1377.79 0.02 974.14 1360.43 0.83 690.81 1444.53 0.02 871.53 1450.44 0.05 784.86 1422.63 0.02 949.42 1425.12 0.08 861.70 1422.77 0.03 983.62 1413.86 0.07
1830 929.26 815.48 1470.49 1469.41 0.6017
1362.55 950.38 0.18 1361.00 921.50 0.03 1365.06 953.11 0.20 1319.14 891.99 0.24 1340.83 949.43 0.81 1258.99 929.78 0.95 1175.47 936.41 0.99 1242.80 1107.58 0.73 1095.53 1016.45 0.60 1183.15 1236.23 0.64 1148.30 1095.67 0.27 1137.40 1145.76 0.97 1095.67 1158.70 0.98 1096.56 1242.99 0.94 1068.56 1246.62 0.95 1070.16 1342.21 0.89 1051.86 1352.21 0.89
1840 1415.86 662.84 1750.43 1133.54 0.8548
1595.06 766.82 0.55 1612.93 758.48 0.40 1602.90 748.32 0.05 1659.20 774.76 0.76 1628.94 746.32 0.01 1703.97 872.74 0.99 1598.36 801.15 0.98 1667.75 1046.43 1.00 1515.99 875.62 0.98 1507.24 1002.23 1.00 1460.99 940.61 0.98 1567.59 1084.58 0.92 1491.60 1037.66 0.91 1489.56 1189.55 0.07 1406.61 1135.81 0.07 1491.39 1241.42 0.00 1447.78 1213.14 0.00
1850 1351.56 656.93 1851.27 1288.62 0.9158
1679.47 751.24 0.85 1699.60 740.78 0.80 1687.89 734.17 0.06 1754.73 755.73 0.91 1717.12 734.93 0.00 1789.03 856.09 0.99 1693.86 813.34 0.94 1731.82 986.64 0.99 1614.00 897.43 0.43 1587.25 977.82 0.99 1558.68 962.06 0.45 1611.25 1070.80 0.99 1573.69 1038.15 0.92 1509.67 1128.31 0.91 1507.31 1123.24 0.46 1456.82 1255.99 0.83 1493.69 1235.29 0.51
1860 1453.03 676.54 1978.72 1226.97 0.9189
1830.37 763.85 0.99 1859.42 757.51 0.99 1831.22 741.40 0.86 1903.17 780.75 0.90 1825.51 738.73 0.04 1910.68 875.44 0.99 1785.45 811.08 0.97 1870.48 1019.44 0.98 1686.09 893.50 0.87 1742.43 935.19 0.99 1683.90 890.65 0.89 1730.09 1048.48 0.99 1656.73 1002.80 0.98 1620.79 1082.94 0.97 1514.81 1057.81 0.97 1536.87 1191.60 0.94 1578.42 1159.60 0.96
1870 1451.05 673.08 1970.27 1223.74 0.8656
1826.40 760.37 0.99 1855.14 754.17 0.99 1829.43 738.38 0.83 1900.64 774.72 0.94 1829.21 731.95 0.02 1908.24 871.27 0.99 1795.34 788.61 0.95 1862.91 1012.38 0.98 1708.53 864.39 0.56 1741.99 928.14 0.99 1635.99 946.56 0.51 1729.73 1037.50 0.98 1670.01 983.14 0.95 1624.26 1094.57 0.91 1554.78 1047.02 0.73 1550.32 1177.50 0.74 1526.62 1136.12 0.64
1880 1452.87 681.10 1981.16 1224.57 0.9084
1836.94 764.87 0.97 1865.22 762.16 0.96 1842.15 743.35 0.71 1908.37 783.92 0.89 1843.03 732.91 0.06 1918.71 885.28 0.99 1790.93 781.33 0.99 1860.81 1014.59 0.98 1691.67 857.18 0.99 1738.29 966.84 0.95 1634.28 966.89 0.99 1736.13 1034.10 0.98 1671.57 973.18 0.98 1638.67 1107.52 0.94 1577.67 1055.55 0.93 1552.74 1186.96 0.88 1526.68 1150.40 0.88
1890 1452.20 678.87 1980.01 1223.69 0.8670
1797.42 727.46 0.73 1814.77 727.06 0.65 1816.04 715.84 0.04 1852.80 774.39 0.93 1861.07 738.48 0.01 1906.25 895.94 0.99 1811.03 795.86 0.99 1848.90 1030.03 0.97 1699.74 853.78 0.98 1732.13 962.70 0.93 1638.43 965.42 0.98 1727.29 1045.94 0.96 1680.84 988.68 0.96 1623.01 1107.98 0.85 1599.19 1072.39 0.78 1550.22 1187.60 0.79 1545.32 1165.01 0.72
1900 1452.62 675.48 1972.42 1226.54 0.9105
1822.03 764.05 0.99 1850.44 757.02 0.99 1821.97 741.88 0.86 1895.77 776.28 0.92 1819.31 734.42 0.06 1911.50 881.82 0.99 1780.94 782.98 0.99 1859.91 1013.23 0.97 1686.69 859.51 0.99 1739.37 966.40 0.95 1628.83 969.49 0.99 1729.72 1031.44 0.98 1662.41 971.84 0.99 1633.59 1121.70 0.94 1573.21 1070.81 0.94 1555.77 1192.89 0.84 1518.77 1160.51 0.86
1910 1453.61 675.16 1968.77 1219.58 0.9340
1824.72 760.53 0.99 1853.52 754.00 0.99 1825.69 738.14 0.88 1898.78 775.66 0.93 1822.70 732.30 0.05 1911.97 879.24 0.99 1779.80 784.32 0.99 1863.59 1009.75 0.98 1684.03 861.33 0.99 1745.60 965.41 0.96 1612.60 968.57 0.99 1723.40 1038.87 0.99 1653.50 979.71 0.98 1630.68 1124.83 0.92 1547.24 1070.49 0.91 1542.04 1200.99 0.82 1515.17 1160.22 0.84
1920 1453.37 676.24 1975.60 1218.54 0.9170
1829.50 759.87 0.99 1859.60 754.69 0.99 1830.87 736.68 0.90 1903.83 779.23 0.93 1826.61 730.92 0.05 1915.92 883.15 0.99 1780.47 784.56 0.99 1861.02 1015.35 0.97 1685.90 862.97 0.99 1743.10 961.17 0.95 1615.43 971.08 0.99 1727.69 1037.67 0.98 1656.19 977.77 0.98 1638.35 1112.79 0.93 1549.54 1065.16 0.92 1542.66 1194.24 0.88 1515.64 1158.00 0.88
1930 1453.09 676.27 1974.99 1221.34 0.9397
1830.55 765.44 0.99 1858.44 758.17 0.99 1828.38 743.35 0.92 1902.11 778.16 0.93 1821.42 737.76 0.09 1914.34 883.33 0.99 1781.98 786.37 0.99 1862.21 1014.56 0.96 1685.67 862.59 0.98 1746.99 972.89 0.88 1616.64 970.38 0.99 1723.67 1036.31 0.98 1652.31 977.21 0.99 1636.42 1117.25 0.94 1547.98 1071.39 0.94 1547.56 1194.39 0.88 1516.30 1161.44 0.90
1940 1452.56 677.93 1974.77 1216.21 0.9359
1793.10 764.92 0.95 1820.00 761.69 0.94 1802.09 743.35 0.33 1875.79 783.66 0.93 1817.04 734.71 0.01 1911.47 884.58 0.99 1779.10 789.41 0.99 1865.12 1018.92 0.98 1685.08 864.81 0.99 1745.71 968.63 0.94 1614.79 975.67 0.99 1724.85 1033.39 0.98 1657.71 974.99 0.98 1644.25 1107.06 0.92 1558.25 1063.78 0.93 1552.96 1191.50 0.88 1517.13 1157.91 0.91
1950 1375.15 659.24 1856.35 1258.44 0.9127
1682.49 757.19 0.97 1709.02 748.68 0.95 1682.89 734.41 0.63 1759.29 760.78 0.91 1682.84 723.04 0.04 1803.66 851.68 0.99 1661.66 778.27 0.99 1798.23 995.11 0.99 1587.98 870.97 0.99 1669.11 1008.45 0.99 1529.31 977.55 0.99 1663.76 1044.95 0.98 1584.83 990.30 0.98 1555.06 1145.49 0.87 1492.32 1070.64 0.92 1473.40 1199.53 0.77 1446.82 1181.41 0.90
1960 1376.90 767.75 1782.36 1263.52 0.9072
1618.73 877.28 0.58 1640.31 874.06 0.40 1622.86 856.58 0.23 1681.97 882.23 0.57 1628.27 834.85 0.16 1723.66 941.36 0.98 1610.95 820.93 0.97 1701.90 1071.57 0.95 1568.02 847.44 0.76 1630.15 1174.01 0.89 1539.69 883.35 0.65 1632.49 1023.51 0.98 1563.71 953.54 0.98 1554.46 1115.96 0.97 1505.46 1051.92 0.98 1472.47 1192.62 0.97 1474.49 1131.18 0.98
1970 1372.97 636.85 1809.72 1266.31 0.9231
1699.06 680.80 0.98 1724.53 671.91 0.96 1689.19 658.18 0.94 1748.00 688.45 0.82 1660.94 652.92 0.58 1765.45 781.35 0.99 1607.48 717.42 0.99 1749.90 912.43 0.99 1537.66 805.40 0.99 1689.30 957.01 0.99 1487.56 909.08 1.00 1631.30 979.09 0.99 1543.12 935.50 0.99 1544.93 1098.28 0.99 1480.77 1042.35 0.98 1447.28 1185.83 0.98 1471.35 1133.58 0.98
1980 1300.65 636.90 2048.00 1282.97 0.9434
1665.57 738.64 0.93 1683.78 723.04 0.76 1650.94 721.62 0.85 1701.16 725.78 0.39 1615.61 718.19 0.69 1734.85 794.26 0.99 1546.42 782.52 0.99 1855.80 822.03 0.99 1552.40 926.64 0.99 1968.53 843.54 0.98 1680.50 1007.68 0.98 1618.98 1015.48 0.99 1510.50 994.95 0.99 1525.84 1138.55 0.98 1426.90 1097.60 0.99 1442.68 1207.85 0.97 1357.32 1179.92 0.98
1990 1299.28 652.31 2048.00 1285.40 0.9425
1631.37 766.15 0.85 1653.78 753.17 0.73 1623.28 746.67 0.66 1682.67 754.42 0.62 1599.69 735.73 0.46 1723.44 800.88 0.99 1536.97 803.49 0.99 1864.05 838.46 0.99 1537.58 959.74 0.99 1976.78 893.16 0.98 1687.53 987.18 0.99 1593.42 1033.78 0.99 1483.81 1016.79 0.99 1510.04 1141.81 0.98 1409.00 1105.10 0.97 1444.79 1202.89 0.95 1368.42 1167.03 0.96
2000 1296.42 657.10 1759.32 1284.53 0.8858
1640.42 745.22 0.08 1639.83 727.28 0.06 1656.45 740.89 0.03 1636.18 731.25 0.82 1714.98 753.06 0.68 1559.46 786.99 0.99 1725.47 829.30 0.98 1443.37 882.51 0.95 1680.68 941.23 0.68 1488.24 846.51 0.63 1615.57 965.24 0.35 1484.07 1001.94 0.99 1575.69 1022.81 0.99 1417.96 1087.03 0.97 1489.81 1122.66 0.96 1380.87 1183.70 0.97 1423.30 1202.06 0.96
2010 1296.12 659.48 1760.00 1285.56 0.9013
1641.78 752.94 0.11 1641.88 734.29 0.08 1656.60 747.60 0.04 1638.94 737.69 0.82 1709.70 759.59 0.61 1558.14 785.38 1.00 1720.62 840.97 0.98 1437.60 879.13 0.97 1683.97 963.79 0.87 1494.12 892.05 0.65 1627.79 1040.58 0.73 1475.45 997.86 0.99 1568.97 1024.66 0.99 1408.90 1085.23 0.98 1502.56 1131.27 0.97 1361.54 1193.07 0.98 1439.98 1215.43 0.98
2020 1296.62 680.24 1743.94 1308.68 0.9302
1621.24 761.92 0.02 1617.01 743.94 0.01 1638.41 760.25 0.01 1609.02 752.96 0.78 1699.84 780.68 0.53 1540.05 817.65 1.00 1698.32 870.77 0.98 1428.79 892.42 0.98 1671.29 955.43 0.59 1480.49 810.48 0.72 1624.26 890.88 0.22 1457.84 1021.51 1.00 1555.44 1047.12 0.99 1398.91 1101.54 0.99 1486.40 1149.21 0.98 1355.00 1206.08 0.98 1427.45 1240.25 0.98
2140 1158.58 832.25 1678.34 1476.58 0.8035
1620.79 976.91 0.02 1599.53 937.22 0.01 1622.56 976.95 0.03 1514.46 897.59 0.68 1609.89 985.60 0.93 1403.11 952.81 0.99 1570.41 1132.13 1.00 1331.66 1063.19 0.34 1564.38 1242.28 0.76 1330.44 1138.39 0.09 1577.98 1090.89 0.23 1296.76 1262.94 0.94 1408.12 1335.73 0.94 1258.52 1373.03 0.28 1340.74 1451.18 0.25 1228.57 1433.72 0.09 1294.99 1476.05 0.10
2160 1155.69 271.53 1500.83 991.73 0.8281
1423.36 527.64 0.05 1423.37 513.75 0.02 1435.05 527.70 0.01 1417.43 517.33 0.58 1470.99 545.90 0.17 1365.28 544.77 0.99 1453.61 653.28 0.99 1280.86 464.09 0.98 1431.43 770.29 0.97 1292.20 335.16 0.97 1365.78 850.47 0.97 1243.93 766.31 0.99 1306.99 811.25 0.99 1196.64 880.53 0.82 1246.37 955.22 0.81 1203.19 914.16 0.55 1224.09 1001.77 0.51
2170 1109.51 290.23 1412.01 959.06 0.5323
1357.91 454.09 0.71 1375.89 451.55 0.49 1353.77 445.19 0.31 1388.20 478.84 0.34 1330.03 458.61 0.10 1372.52 557.44 0.84 1265.21 513.39 0.98 1353.13 575.04 0.18 1185.05 453.63 0.99 1317.39 491.85 0.14 1141.21 340.47 0.99 1284.56 743.42 0.85 1220.45 725.68 0.92 1244.50 864.63 0.58 1226.29 858.12 0.50 1231.08 980.77 0.70 1216.30 978.18 0.49
2180 1093.11 297.68 1425.46 973.54 0.6335
1329.91 459.25 0.72 1349.11 457.21 0.59 1333.57 450.39 0.14 1371.77 485.04 0.68 1332.08 461.90 0.03 1367.64 557.76 0.91 1272.75 507.53 0.98 1291.11 582.33 0.38 1188.66 462.73 0.99 1243.07 514.16 0.36 1131.47 360.24 0.99 1271.41 742.62 0.88 1210.07 718.66 0.91 1238.89 876.06 0.69 1215.05 859.00 0.50 1224.28 996.66 0.74 1207.32 977.72 0.48
2190 1094.37 296.57 1433.28 963.84 0.6529
1334.49 478.55 0.62 1345.03 468.18 0.51 1339.28 469.62 0.06 1364.32 479.83 0.81 1366.70 477.21 0.03 1368.89 545.46 0.96 1344.64 535.89 0.97 1218.39 511.77 0.62 1198.17 473.05 0.95 1157.79 405.37 0.51 1138.28 358.51 0.98 1294.76 751.58 0.84 1281.47 742.42 0.83 1242.37 851.83 0.67 1243.06 851.71 0.44 1226.16 979.14 0.68 1225.72 973.06 0.45
2210 1112.45 342.38 1436.41 1077.58 0.8814
1337.09 548.03 0.19 1352.78 540.34 0.13 1341.41 533.20 0.05 1370.36 555.24 0.46 1340.64 532.38 0.08 1379.29 641.67 0.98 1295.71 573.86 0.96 1313.06 790.76 0.99 1200.60 518.71 0.97 1193.67 864.70 1.00 1153.18 403.58 0.98 1249.10 826.25 0.98 1196.68 789.50 0.97 1196.46 991.42 0.71 1179.07 947.29 0.59 1168.09 1107.01 0.30 1170.12 1066.12 0.30
2220 987.85 293.61 1285.57 1040.38 0.6169
1195.14 439.87 0.87 1217.17 443.12 0.84 1201.04 427.48 0.26 1232.94 476.05 0.84 1202.12 432.45 0.04 1213.17 545.00 0.97 1155.07 474.42 0.97 1150.71 593.59 0.77 1107.96 438.15 0.99 1084.90 471.18 0.72 1078.41 348.58 0.99 1171.91 694.15 0.90 1126.32 668.77 0.86 1170.85 829.99 0.86 1152.06 811.51 0.62 1155.45 968.57 0.92 1152.68 952.71 0.71
2230 1062.24 275.15 1318.50 978.06 0.8842
1234.25 448.89 0.97 1254.46 442.10 0.95 1221.39 434.80 0.95 1271.37 465.86 0.78 1196.48 444.26 0.77 1281.63 568.48 0.99 1161.12 492.08 0.99 1271.49 696.24 0.90 1107.93 450.18 0.98 1206.84 758.89 0.81 1087.05 346.00 0.99 1210.58 723.22 0.98 1129.97 693.62 0.96 1184.02 823.00 0.93 1127.16 791.85 0.55 1158.06 951.28 0.80 1124.89 877.79 0.32
2240 1069.54 274.27 1321.28 977.10 0.8857
1246.15 435.41 0.96 1269.10 433.25 0.93 1244.93 423.15 0.66 1288.43 466.24 0.69 1232.34 435.78 0.08 1288.00 563.85 0.99 1183.47 499.37 0.98 1282.82 692.55 0.96 1106.37 455.63 0.98 1248.34 803.28 0.97 1098.68 337.39 0.99 1199.71 731.43 0.97 1143.87 706.27 0.95 1176.82 833.90 0.90 1151.07 811.19 0.68 1154.89 955.57 0.80 1149.31 918.36 0.56
2250 1069.76 270.06 1313.38 977.16 0.8422
1225.06 430.48 0.90 1245.39 432.01 0.85 1229.44 423.14 0.22 1261.08 477.42 0.78 1234.50 449.92 0.02 1264.95 562.83 0.98 1196.02 517.58 0.97 1268.53 697.16 0.95 1105.44 461.13 0.96 1229.59 817.05 0.98 1099.98 339.96 0.97 1191.35 770.22 0.96 1147.52 750.37 0.91 1170.00 864.26 0.71 1147.60 841.51 0.38 1150.98 947.59 0.53 1144.37 922.36 0.31
2260 1067.56 271.01 1319.49 975.29 0.8769
1170.66 488.39 0.36 1182.70 479.97 0.41 1181.11 471.86 0.02 1213.42 495.09 0.88 1217.60 470.32 0.02 1257.13 584.62 0.99 1209.45 523.57 0.97 1273.68 714.80 0.98 1113.40 462.30 0.96 1225.17 817.31 0.98 1101.47 339.41 0.98 1193.58 774.04 0.96 1160.71 747.10 0.92 1165.57 868.78 0.74 1148.99 839.78 0.47 1152.06 950.03 0.59 1143.24 918.39 0.43
2270 1068.29 268.18 1324.41 976.65 0.7747
1201.86 461.56 0.27 1205.92 452.04 0.19 1212.05 457.11 0.04 1216.83 462.51 0.78 1263.32 468.98 0.26 1213.82 505.66 0.99 1271.56 547.92 0.95 1129.85 458.05 0.98 1145.49 535.39 0.51 1127.26 363.94 0.99 1104.29 422.77 0.54 1179.43 741.26 0.97 1202.98 747.00 0.92 1161.24 836.37 0.86 1173.54 833.72 0.75 1150.06 923.69 0.68 1166.87 923.05 0.69
2280 1065.37 273.58 1323.86 978.63 0.7774
1197.59 464.03 0.26 1208.46 459.89 0.23 1207.67 453.34 0.05 1227.67 488.18 0.60 1238.21 466.64 0.08 1268.59 583.44 0.98 1212.87 529.59 0.95 1275.31 716.02 0.97 1107.82 463.77 0.95 1227.04 816.95 0.98 1100.34 344.48 0.96 1198.64 762.14 0.95 1159.84 737.58 0.91 1174.62 849.63 0.81 1156.95 830.99 0.56 1153.58 940.08 0.71 1148.67 918.68 0.53
2290 1069.69 271.56 1321.08 982.94 0.8515
1211.97 468.58 0.35 1219.65 459.49 0.35 1215.93 458.87 0.06 1234.44 471.96 0.85 1239.34 464.18 0.10 1273.13 565.62 0.99 1205.34 512.86 0.97 1274.30 718.32 0.98 1103.12 459.80 0.95 1226.89 812.34 0.99 1100.11 340.40 0.96 1202.94 748.26 0.97 1153.33 724.37 0.93 1177.18 856.12 0.90 1148.69 828.44 0.66 1157.00 950.54 0.80 1147.03 920.57 0.58
2300 1087.07 314.80 1329.29 978.20 0.7679
1261.67 469.72 0.06 1261.24 456.97 0.04 1270.12 471.10 0.01 1256.86 463.04 0.71 1308.69 491.03 0.36 1224.05 505.22 0.99 1299.35 584.00 0.98 1116.67 467.10 0.97 1267.98 713.05 0.83 1102.53 375.65 0.95 1222.41 807.26 0.84 1142.13 708.27 0.95 1196.59 736.89 0.97 1148.22 802.53 0.68 1190.24 840.62 0.91 1137.15 909.03 0.63 1163.80 946.80 0.91
2310 1248.81 494.26 1588.82 1053.78 0.6122
1509.63 574.57 0.02 1504.54 559.82 0.02 1519.51 569.09 0.01 1496.09 551.37 0.66 1554.31 569.70 0.30 1464.46 591.32 0.93 1555.95 639.59 0.99 1461.51 687.35 0.19 1553.90 748.95 0.95 1501.52 750.42 0.08 1550.29 807.38 0.88 1346.68 769.12 0.98 1416.82 792.35 0.99 1318.19 854.65 0.85 1367.94 883.82 0.88 1289.43 959.64 0.88 1303.96 981.01 0.87
2330 570.12 857.10 1059.77 1489.37 0.8324
730.20 1028.03 0.06 734.77 1017.82 0.03 757.81 995.08 0.01 773.76 1022.45 0.73 869.82 965.70 0.39 760.09 1187.67 1.00 979.14 1066.30 0.99 664.43 1327.25 0.61 872.86 1090.52 0.68 664.21 1206.54 0.19 739.45 1027.14 0.71 746.30 1467.26 0.74 903.95 1404.74 0.84 655.86 1386.60 0.03 776.05 1348.20 0.05 697.88 1447.61 0.01 779.23 1441.29 0.01
2340 123.82 905.98 776.46 1487.16 0.8895
426.67 1082.68 0.02 383.35 1066.64 0.00 431.28 1057.86 0.01 249.76 1090.77 0.34 425.83 1081.38 0.81 183.44 1271.66 0.97 544.04 1224.29 0.99 163.32 1427.13 0.07 659.53 1433.77 0.92 270.29 1349.57 0.01 726.98 1359.35 0.91 320.11 1490.41 0.02 555.15 1463.79 0.06 514.58 1358.18 0.01 677.59 1377.40 0.04 553.09 1459.28 0.00 669.75 1458.17 0.00
2360 550.98 603.26 921.70 1041.12 0.8183
608.18 767.53 0.82 623.23 756.06 0.84 598.21 749.46 0.15 681.73 725.37 0.93 601.69 715.34 0.00 794.51 723.13 0.99 605.63 732.38 0.99 892.04 829.50 0.99 598.55 848.19 0.98 813.77 954.17 0.99 593.16 972.58 0.94 798.29 933.12 0.97 678.35 930.37 0.98 799.12 1097.93 0.58 663.77 1085.45 0.70 803.71 1190.74 0.04 688.31 1170.80 0.09
2370 532.56 593.52 917.81 996.81 0.8276
600.41 754.97 0.55 607.21 743.68 0.56 593.99 739.35 0.03 658.80 716.96 0.96 611.79 712.75 0.00 801.09 727.85 1.00 605.96 744.07 0.99 891.10 833.97 0.99 621.34 865.77 0.90 820.43 961.45 0.99 624.40 971.85 0.54 797.69 967.86 0.97 668.69 968.15 0.98 788.99 1103.36 0.33 656.11 1097.51 0.42 799.36 1177.83 0.02 692.45 1162.36 0.03
2380 413.57 563.06 925.65 994.41 0.8689
623.02 695.77 0.32 625.91 688.83 0.23 633.23 679.33 0.01 671.82 688.40 0.87 675.62 669.11 0.03 819.85 722.85 0.99 663.67 714.45 0.99 898.25 838.35 0.99 590.16 813.04 0.98 820.46 945.87 0.99 497.92 861.94 0.95 779.15 953.71 0.95 674.98 932.10 0.96 769.15 1085.10 0.22 657.01 1062.45 0.25 771.95 1133.56 0.04 647.64 1123.89 0.07
2390 431.35 566.46 920.87 985.52 0.6021
649.89 720.16 0.18 654.39 711.38 0.13 649.74 705.22 0.02 696.53 690.38 0.78 668.04 678.43 0.10 817.18 718.09 0.99 667.47 695.98 0.99 898.76 830.54 0.99 607.34 771.17 0.98 821.77 929.77 0.99 521.11 810.34 0.97 786.21 929.34 0.96 685.77 907.69 0.96 786.60 1068.65 0.40 676.15 1044.93 0.37 804.96 1172.90 0.16 689.75 1147.03 0.20
2400 451.16 598.20 930.27 979.68 0.5525
630.94 748.28 0.14 645.47 740.75 0.09 623.56 728.76 0.01 704.32 720.12 0.84 635.27 693.08 0.02 821.30 736.57 0.99 630.34 675.72 0.99 897.26 826.64 0.99 551.26 674.09 0.99 816.03 925.22 0.98 491.93 708.49 0.96 820.78 913.42 0.94 693.90 883.45 0.98 797.25 1058.92 0.79 679.21 1036.43 0.87 805.01 1170.55 0.18 708.65 1156.21 0.21
2410 445.31 599.12 926.17 975.56 0.4126
615.87 759.36 0.56 628.63 753.02 0.46 610.31 742.14 0.10 684.60 728.59 0.86 618.31 705.51 0.10 802.79 721.17 0.99 629.54 678.74 0.99 904.50 821.87 0.99 541.04 688.83 0.98 812.17 931.03 0.99 489.15 721.19 0.99 804.91 922.91 0.93 691.70 899.92 0.97 801.67 1066.82 0.36 689.15 1044.49 0.72 808.46 1167.34 0.22 691.88 1138.43 0.63
2420 264.10 582.85 868.65 1291.42 0.9427
520.59 745.31 0.54 527.47 724.58 0.39 494.08 741.69 0.47 537.40 675.21 0.40 438.76 714.30 0.44 594.85 647.06 0.99 380.37 700.56 0.98 747.66 678.92 0.99 294.64 772.74 0.98 813.88 777.32 0.99 321.53 868.03 0.98 595.85 904.11 1.00 468.71 923.65 0.99 598.73 1050.34 0.99 450.19 1077.34 0.97 603.53 1169.92 0.98 435.82 1206.29 0.95
2430 314.42 635.66 728.07 1361.21 0.6435
587.98 775.05 0.25 598.44 753.00 0.06 567.80 760.01 0.15 595.29 720.58 0.05 512.09 734.60 0.36 596.71 713.00 0.82 432.25 756.20 0.97 666.68 774.45 0.48 345.15 878.75 0.94 660.07 837.62 0.42 407.07 958.36 0.92 570.94 937.26 0.97 534.88 961.83 0.98 570.96 1092.71 0.97 613.39 1122.38 0.99 512.27 1227.84 0.96 631.16 1295.03 0.99
2440 366.89 1193.57 825.06 1496.00 0.5878
650.34 1355.97 0.00 610.80 1345.79 0.00 661.98 1344.21 0.00 513.62 1356.58 0.04 668.14 1362.29 0.04 490.56 1403.89 0.01 676.05 1425.65 0.05 670.51 1448.44 0.00 756.72 1467.71 0.10 755.98 1357.05 0.09 755.51 1358.62 0.85 486.42 1461.51 0.00 644.12 1463.84 0.01 607.71 1379.50 0.01 726.88 1395.30 0.03 640.28 1417.59 0.01 732.12 1411.32 0.01
2450 607.81 1107.21 809.51 1496.00 0.8010
695.02 1254.24 0.00 691.56 1234.00 0.00 695.12 1237.08 0.00 691.74 1253.68 0.01 702.93 1261.28 0.02 710.53 1350.40 0.01 716.10 1361.98 0.02 736.71 1428.20 0.01 747.71 1437.52 0.06 694.10 1263.42 0.26 696.91 1257.93 0.55 702.46 1465.19 0.00 708.93 1466.64 0.00 724.42 1427.25 0.00 727.39 1440.17 0.00 707.30 1418.51 0.00 709.70 1402.75 0.00
2460 580.54 1087.62 811.31 1495.88 0.7564
706.55 1247.04 0.00 702.66 1227.51 0.00 708.15 1228.78 0.00 704.17 1248.34 0.01 714.65 1251.65 0.02 721.54 1346.43 0.00 724.19 1352.87 0.01 738.85 1421.60 0.01 744.49 1425.45 0.05 708.79 1234.31 0.20 708.98 1230.97 0.45 710.99 1450.68 0.00 716.13 1450.80 0.00 733.59 1412.08 0.02 740.23 1428.74 0.01 721.80 1381.99 0.01 723.61 1364.32 0.00
2470 597.63 1091.70 816.12 1496.00 0.7206
714.95 1268.11 0.00 709.42 1248.77 0.00 716.39 1249.62 0.00 712.38 1265.04 0.00 723.88 1266.97 0.01 732.93 1355.68 0.00 733.83 1360.70 0.01 746.49 1418.42 0.01 747.40 1430.67 0.10 714.57 1239.10 0.16 717.96 1234.03 0.64 726.04 1443.67 0.00 729.03 1440.83 0.00 735.17 1398.35 0.01 742.26 1412.88 0.02 718.14 1347.70 0.01 729.39 1325.07 0.01
2480 621.25 1105.31 827.43 1496.00 0.7332
731.43 1250.12 0.00 725.76 1228.83 0.00 732.02 1229.19 0.00 727.43 1245.62 0.00 737.56 1246.31 0.01 749.47 1344.91 0.00 746.60 1347.97 0.00 763.98 1427.34 0.00 763.83 1435.08 0.02 726.98 1249.45 0.12 728.08 1246.60 0.45 743.24 1432.72 0.00 741.99 1429.10 0.00 751.98 1407.80 0.02 760.47 1423.31 0.02 732.24 1331.09 0.02 743.33 1307.09 0.02
2500 304.69 1018.51 831.23 1496.00 0.4268
645.86 1300.26 0.00 627.86 1284.72 0.00 648.64 1278.88 0.00 592.97 1293.80 0.01 650.78 1286.84 0.03 557.45 1401.31 0.00 702.84 1389.82 0.07 704.28 1362.69 0.02 739.17 1333.61 0.33 697.43 1178.75 0.03 716.33 1150.79 0.36 512.47 1446.87 0.04 644.35 1422.47 0.13 586.95 1417.70 0.18 718.94 1347.36 0.48 588.68 1270.10 0.59 715.04 1140.79 0.88
2510 308.27 1023.22 825.00 1492.66 0.7601
637.57 1286.23 0.00 622.41 1271.51 0.00 639.88 1263.94 0.00 582.93 1280.45 0.01 637.97 1268.08 0.03 531.26 1399.91 0.00 693.21 1379.58 0.10 658.56 1386.70 0.01 723.50 1338.47 0.42 677.90 1220.37 0.01 716.60 1165.26 0.48 487.25 1462.87 0.06 641.90 1433.24 0.18 530.03 1439.91 0.25 706.84 1351.62 0.53 562.73 1336.26 0.63 728.24 1148.76 0.91
2520 296.43 1014.11 826.40 1493.66 0.4797
642.29 1320.12 0.00 621.58 1309.26 0.00 645.88 1302.95 0.00 584.18 1324.97 0.01 641.70 1318.05 0.02 560.01 1422.96 0.01 661.49 1419.74 0.05 721.48 1383.63 0.03 738.95 1363.57 0.34 726.70 1175.56 0.08 740.76 1145.33 0.46 544.53 1452.14 0.05 614.68 1445.68 0.09 704.75 1391.94 0.13 727.82 1372.22 0.23 714.43 1179.67 0.41 726.82 1151.82 0.51
2530 311.50 1029.51 838.03 1491.60 0.6524
687.98 1253.50 0.00 678.46 1238.03 0.00 693.93 1233.70 0.00 642.33 1253.84 0.00 691.75 1244.97 0.03 589.94 1391.74 0.00 695.14 1378.08 0.07 724.38 1398.46 0.01 748.29 1367.84 0.42 755.98 1192.39 0.05 764.51 1166.68 0.70 519.49 1467.91 0.02 623.74 1450.14 0.09 597.85 1445.27 0.03 723.44 1378.67 0.10 635.17 1309.72 0.09 761.84 1210.63 0.33
2540 311.98 1020.26 827.63 1490.45 0.5430
681.09 1278.23 0.00 669.48 1263.41 0.00 683.91 1259.35 0.00 651.81 1277.87 0.01 683.31 1272.83 0.01 631.49 1394.30 0.01 691.56 1391.44 0.03 732.90 1385.53 0.04 739.31 1371.07 0.29 719.01 1177.53 0.17 735.79 1152.34 0.50 594.06 1452.83 0.04 637.25 1444.99 0.07 701.21 1406.81 0.07 723.09 1382.52 0.16 703.69 1202.51 0.25 723.30 1174.54 0.45
2550 381.39 1244.90 820.12 1496.00 0.5307
679.61 1362.77 0.01 661.78 1350.64 0.00 685.07 1350.70 0.00 610.68 1353.38 0.02 677.89 1356.44 0.02 557.20 1396.69 0.02 683.92 1414.15 0.06 688.49 1452.99 0.00 759.97 1471.62 0.09 778.11 1409.20 0.09 779.46 1405.19 0.86 529.75 1443.00 0.01 651.48 1453.11 0.02 645.79 1385.48 0.03 733.31 1407.10 0.04 714.98 1425.04 0.02 774.91 1428.13 0.02
2580 551.92 812.00 921.25 1487.61 0.8913
693.76 953.94 0.01 688.94 949.64 0.01 716.93 932.15 0.00 666.22 984.85 0.85 793.44 938.52 0.68 648.84 1145.77 0.99 842.39 1033.74 0.99 622.34 1386.85 0.71 876.24 955.95 0.96 605.20 1450.13 0.06 867.17 885.04 0.97 696.78 1463.76 0.61 816.32 1419.85 0.74 658.13 1412.67 0.02 784.46 1386.18 0.03 672.65 1496.00 0.00 791.96 1485.35 0.01
