50 745.75 864.56 1240.45 1489.78 0.8978
1182.87 985.35 0.03 1159.32 951.50 0.00 1183.79 978.27 0.04 1074.31 920.27 0.43 1166.07 984.47 0.96 968.63 965.47 0.99 1132.79 1122.38 1.00 851.66 1051.48 0.69 1168.58 1276.53 0.97 906.21 1103.55 0.07 1214.69 1202.59 0.90 842.54 1260.57 0.97 958.54 1335.86 0.97 837.86 1344.77 0.53 959.58 1451.76 0.43 795.53 1450.17 0.14 912.65 1495.10 0.09
90 969.43 862.37 1449.87 1486.32 0.8129
1243.29 990.72 0.03 1241.55 975.83 0.04 1272.60 979.76 0.00 1251.25 1008.52 0.96 1378.77 1008.25 0.30 1185.81 1116.09 0.99 1407.79 1152.69 0.95 1101.14 1103.56 0.97 1417.43 1205.93 0.09 1193.74 1009.48 0.94 1346.29 1114.89 0.02 1113.25 1397.10 0.76 1243.18 1411.48 0.48 1031.56 1430.82 0.08 1141.00 1449.94 0.04 1041.65 1470.69 0.01 1119.62 1476.41 0.01
100 953.82 892.30 1381.16 1487.90 0.7549
1114.11 1016.65 0.66 1126.95 996.95 0.53 1128.39 993.15 0.03 1189.26 1011.29 0.90 1203.53 998.23 0.03 1294.97 1138.75 0.98 1220.96 1107.74 0.87 1214.45 1359.93 0.41 1118.81 1281.15 0.04 1072.75 1418.21 0.13 1059.24 1350.50 0.04 1131.93 1470.29 0.57 1098.77 1433.84 0.51 1046.54 1443.87 0.02 1018.87 1441.52 0.03 1045.39 1485.41 0.01 1032.04 1467.88 0.01
200 764.43 842.78 1129.20 1490.23 0.9177
852.19 981.73 0.02 852.84 967.92 0.03 879.29 952.57 0.00 873.37 980.92 0.97 985.55 938.29 0.46 887.68 1172.75 1.00 1071.68 1061.60 1.00 874.03 1399.22 0.87 1091.03 1217.36 0.87 797.35 1471.68 0.27 1030.02 1304.68 0.26 918.09 1469.14 0.56 1042.11 1412.90 0.71 854.43 1425.78 0.01 955.64 1415.50 0.02 870.86 1494.04 0.00 964.68 1485.30 0.01
210 730.55 826.42 1110.66 1491.50 0.9331
840.94 966.47 0.03 839.44 950.63 0.05 864.10 936.28 0.00 859.00 955.98 0.97 962.44 918.21 0.49 885.90 1132.77 1.00 1052.29 1034.85 1.00 863.56 1382.25 0.97 1067.97 1200.55 0.82 761.60 1482.28 0.64 987.25 1281.75 0.18 919.44 1448.74 0.71 1026.77 1399.27 0.78 831.16 1435.24 0.01 923.60 1438.19 0.03 849.97 1496.00 0.00 930.90 1496.00 0.01
280 716.26 958.01 1131.94 1487.16 0.9558
804.91 1053.95 0.01 803.90 1046.03 0.02 824.27 1031.52 0.00 803.66 1058.04 0.94 898.33 1020.41 0.71 791.26 1152.65 1.00 990.46 1089.18 1.00 757.93 1301.02 0.92 1087.48 1195.76 0.97 805.86 1297.62 0.14 1102.97 1205.09 0.40 853.49 1417.01 0.96 1000.09 1391.54 0.97 802.26 1486.64 0.02 1004.37 1481.82 0.03 822.22 1496.00 0.00 991.32 1496.00 0.01
290 734.12 963.58 1118.10 1489.17 0.9449
827.22 1071.15 0.00 821.67 1063.31 0.01 845.76 1047.66 0.00 797.44 1073.77 0.94 903.00 1035.20 0.86 777.16 1173.35 0.99 992.37 1101.55 1.00 790.52 1338.89 0.84 1089.42 1256.78 0.98 825.78 1364.68 0.05 1020.07 1265.74 0.16 855.23 1439.61 0.90 1009.17 1406.74 0.96 817.05 1496.00 0.01 1014.46 1491.57 0.03 833.19 1496.00 0.00 997.19 1496.00 0.00
300 725.75 961.49 1113.82 1488.72 0.9332
816.40 1066.69 0.00 811.44 1058.76 0.01 835.27 1044.89 0.00 792.24 1071.70 0.97 898.03 1036.46 0.87 775.66 1167.05 0.99 985.33 1098.82 1.00 772.53 1339.64 0.88 1080.37 1253.74 0.97 811.81 1370.75 0.08 1015.06 1272.29 0.16 850.98 1438.54 0.92 1002.59 1405.72 0.96 812.86 1483.93 0.02 1018.62 1469.48 0.04 828.03 1496.00 0.00 1003.96 1496.00 0.01
310 731.92 955.16 1109.75 1488.14 0.8629
881.90 1058.29 0.00 874.00 1046.06 0.01 898.45 1042.11 0.01 846.82 1055.27 0.97 952.49 1042.57 0.92 805.95 1139.02 1.00 1017.88 1110.20 1.00 776.68 1307.22 0.93 1082.06 1272.20 0.96 817.35 1332.53 0.17 1010.82 1276.00 0.12 846.76 1427.84 0.94 1001.19 1415.71 0.96 799.06 1471.17 0.03 1021.83 1471.92 0.04 805.10 1496.00 0.00 1000.35 1496.00 0.01
320 732.57 955.56 1132.30 1488.19 0.9272
886.10 1056.46 0.00 878.09 1043.03 0.01 902.20 1041.87 0.00 858.57 1051.03 0.97 963.81 1043.70 0.91 819.84 1137.08 1.00 1030.79 1115.24 1.00 782.97 1310.03 0.94 1097.24 1278.51 0.94 820.78 1325.09 0.18 1020.54 1282.07 0.11 851.59 1429.00 0.92 1007.06 1421.85 0.93 800.58 1474.80 0.02 1017.38 1488.80 0.02 809.82 1496.00 0.00 995.79 1496.00 0.00
330 737.93 942.25 1197.04 1487.26 0.9177
973.78 1037.07 0.01 963.26 1022.11 0.01 983.92 1024.03 0.01 917.84 1027.69 0.93 1015.79 1029.44 0.93 858.75 1108.31 1.00 1066.15 1108.02 1.00 790.86 1266.48 0.93 1166.32 1242.14 0.98 836.64 1281.01 0.10 1093.56 1214.78 0.28 856.05 1406.68 0.93 1010.07 1405.57 0.96 822.25 1437.53 0.03 1047.91 1429.47 0.07 827.19 1492.75 0.00 1029.82 1494.04 0.01
340 714.50 972.31 1160.90 1488.60 0.8874
1057.42 1057.34 0.00 1046.03 1034.21 0.00 1067.03 1054.27 0.01 1006.35 1028.48 0.88 1098.54 1068.86 0.91 916.45 1087.30 1.00 1110.72 1151.50 0.99 788.66 1205.65 0.97 1114.95 1265.90 0.61 809.21 1184.84 0.26 1064.86 1244.50 0.04 847.17 1386.86 0.98 992.40 1416.42 0.95 782.01 1459.06 0.09 1005.02 1489.13 0.04 789.78 1496.00 0.01 972.56 1496.00 0.01
350 727.04 979.20 1204.43 1491.28 0.9168
1091.42 1080.49 0.01 1073.24 1055.55 0.01 1095.94 1073.50 0.01 1008.09 1041.01 0.84 1105.31 1081.79 0.95 915.34 1097.41 1.00 1121.87 1177.99 1.00 818.21 1216.75 0.97 1163.43 1354.83 0.97 869.52 1218.27 0.17 1176.78 1448.22 0.59 830.57 1400.93 0.92 969.55 1440.93 0.88 790.05 1448.79 0.03 998.93 1491.51 0.02 789.44 1496.00 0.01 972.38 1496.00 0.00
450 568.97 926.29 1096.44 1489.08 0.9051
919.55 1045.87 0.00 904.77 1022.54 0.00 932.55 1032.42 0.01 849.68 1030.85 0.92 975.86 1048.57 0.96 753.73 1179.58 1.00 1017.75 1199.59 0.99 648.92 1382.83 0.72 1036.54 1267.90 0.52 653.80 1467.30 0.04 983.86 1148.44 0.10 725.76 1456.69 0.24 897.86 1466.60 0.20 665.55 1395.71 0.02 854.85 1432.93 0.01 669.98 1484.50 0.01 820.14 1496.00 0.00
460 592.63 955.76 1085.19 1492.07 0.9203
952.28 1070.78 0.00 937.09 1046.56 0.01 963.09 1061.48 0.01 882.81 1045.36 0.94 996.24 1075.09 0.97 793.10 1141.94 1.00 1021.19 1181.13 0.99 689.23 1335.44 0.92 1044.19 1287.81 0.55 632.31 1473.53 0.26 980.47 1273.63 0.04 771.77 1450.24 0.66 926.22 1468.41 0.57 715.81 1410.74 0.02 918.98 1447.36 0.01 706.96 1491.58 0.01 883.86 1496.00 0.01
510 679.07 1028.69 1264.62 1483.79 0.8239
1040.36 1117.90 0.02 1019.99 1093.87 0.00 1041.45 1115.58 0.01 947.19 1083.57 0.57 1040.39 1134.88 0.91 862.43 1127.05 1.00 1015.73 1263.20 1.00 736.49 1189.95 0.89 1112.14 1351.47 0.99 765.10 1174.00 0.19 1196.46 1325.16 0.99 709.71 1351.52 0.84 805.26 1416.07 0.85 745.41 1374.04 0.06 856.81 1483.63 0.07 695.25 1423.57 0.01 812.33 1480.95 0.01
520 634.46 1192.33 1308.64 1496.00 0.8540
1250.06 1360.79 0.01 1232.87 1314.66 0.01 1246.21 1375.04 0.01 1193.56 1256.07 0.35 1232.69 1385.55 0.50 1072.23 1227.00 0.98 1098.41 1430.16 0.96 949.85 1239.76 0.51 1049.42 1496.00 0.16 940.96 1275.08 0.05 1127.75 1472.37 0.01 709.15 1334.82 0.85 754.53 1439.98 0.61 828.91 1380.43 0.03 913.62 1487.30 0.01 789.77 1438.59 0.01 846.21 1484.76 0.01
530 534.46 913.32 980.77 1490.79 0.9127
936.74 1025.69 0.02 923.76 995.13 0.00 941.57 1020.81 0.03 863.88 953.61 0.44 929.92 1007.66 0.90 765.06 964.85 0.97 880.42 1054.25 1.00 660.56 1072.22 0.54 879.87 1197.36 0.99 671.44 1176.92 0.11 895.55 1337.04 0.98 615.95 1203.72 0.98 689.80 1240.75 0.99 697.58 1414.84 0.88 777.46 1431.92 0.94 704.40 1487.47 0.09 758.70 1496.00 0.15
540 580.52 928.94 1078.64 1489.54 0.8253
892.81 1018.70 0.01 874.79 1001.22 0.00 900.33 1010.18 0.01 811.64 1001.48 0.79 918.10 1021.61 0.82 744.47 1080.87 0.99 938.00 1115.08 1.00 680.16 1234.34 0.65 1047.30 1201.14 0.92 702.52 1316.91 0.07 989.70 1096.56 0.38 688.88 1362.75 0.91 817.84 1381.90 0.94 712.99 1406.81 0.11 849.03 1467.03 0.15 684.86 1467.50 0.01 816.94 1496.00 0.02
620 653.89 841.75 1211.34 1490.29 0.9430
973.50 969.05 0.01 949.81 949.74 0.01 981.99 952.94 0.01 870.85 963.27 0.90 1006.97 971.24 0.95 801.00 1130.91 1.00 1063.63 1117.36 1.00 724.80 1307.97 0.97 1178.71 1190.75 0.97 691.74 1398.98 0.92 1139.48 1069.00 0.94 795.31 1412.46 0.88 954.99 1402.75 0.88 791.59 1433.89 0.03 952.44 1449.69 0.04 784.55 1481.56 0.01 919.78 1496.00 0.01
630 728.68 866.71 1146.94 1492.13 0.8693
892.08 1010.99 0.00 888.39 998.29 0.00 917.74 987.89 0.00 878.31 1014.72 0.84 999.47 983.57 0.75 850.97 1177.66 0.99 1068.93 1094.76 0.99 798.66 1377.39 0.79 1105.77 1235.03 0.67 761.57 1453.37 0.23 1029.75 1308.81 0.11 861.72 1456.87 0.69 1011.90 1413.80 0.77 823.20 1414.89 0.02 960.73 1415.57 0.04 823.64 1482.29 0.01 948.50 1483.51 0.01
700 867.01 1034.70 1299.79 1493.62 0.8753
903.46 1226.77 0.57 931.55 1232.89 0.79 942.72 1192.04 0.06 1021.31 1272.26 0.95 1082.70 1164.95 0.11 965.95 1411.12 0.94 1202.13 1199.96 0.98 895.80 1483.04 0.09 1262.52 1318.45 0.90 904.21 1405.88 0.04 1259.69 1232.93 0.94 978.31 1478.70 0.11 1148.44 1368.82 0.39 911.81 1340.93 0.02 1060.37 1228.61 0.10 988.96 1350.35 0.01 1067.60 1299.10 0.04
710 877.12 1049.49 1311.59 1492.23 0.8903
913.18 1222.02 0.93 946.27 1221.32 0.98 937.50 1185.33 0.18 1060.92 1256.66 0.99 1056.04 1161.67 0.03 1013.60 1438.99 0.95 1212.29 1184.50 0.97 925.12 1496.00 0.06 1293.19 1353.03 0.58 922.40 1460.89 0.03 1275.48 1381.07 0.15 1006.18 1496.00 0.07 1138.74 1379.20 0.20 914.26 1386.51 0.02 1033.47 1231.92 0.07 1005.32 1386.93 0.01 1053.55 1316.60 0.02
720 877.07 983.13 1294.20 1494.09 0.9072
998.62 1166.71 0.01 996.20 1165.04 0.01 1031.76 1145.71 0.00 992.87 1209.23 0.95 1146.14 1155.47 0.61 987.33 1380.77 0.95 1211.36 1237.20 1.00 938.63 1471.65 0.05 1247.27 1199.64 0.97 928.84 1427.59 0.01 1195.24 1088.54 0.92 994.23 1496.00 0.03 1137.28 1436.06 0.20 970.53 1404.74 0.01 1071.12 1344.70 0.03 1026.84 1446.50 0.00 1072.06 1408.40 0.01
730 876.26 1050.04 1271.81 1493.76 0.9262
910.65 1227.67 0.79 939.38 1224.95 0.93 940.42 1189.33 0.10 1051.62 1246.54 0.99 1062.05 1151.56 0.05 1018.64 1438.67 0.97 1191.30 1166.72 0.99 965.93 1496.00 0.03 1141.22 1291.03 0.50 935.86 1463.18 0.01 1073.87 1299.05 0.09 1016.84 1496.00 0.04 1133.25 1384.53 0.17 947.40 1419.53 0.00 1028.15 1289.71 0.03 1034.41 1444.31 0.00 1063.80 1374.94 0.01
740 885.96 1050.60 1268.53 1491.73 0.8819
945.46 1153.26 0.75 967.66 1157.51 0.87 988.40 1126.14 0.04 1052.58 1225.13 0.99 1131.99 1136.67 0.04 1038.35 1437.48 0.98 1213.10 1187.86 0.99 981.42 1496.00 0.03 1029.83 1168.83 0.40 927.57 1450.41 0.01 960.32 1133.61 0.25 995.18 1496.00 0.04 1108.00 1376.33 0.21 913.98 1378.47 0.01 972.98 1254.07 0.06 1007.10 1402.44 0.00 1007.95 1338.99 0.02
750 882.24 1049.94 1269.08 1491.68 0.9218
963.06 1222.10 0.73 988.60 1216.93 0.86 986.50 1188.52 0.07 1100.60 1232.43 0.98 1097.73 1156.25 0.06 1038.24 1418.73 0.98 1217.41 1194.01 0.99 985.31 1496.00 0.03 1086.61 1202.01 0.29 965.53 1445.51 0.01 994.93 1182.02 0.13 998.90 1496.00 0.04 1117.53 1395.50 0.12 942.73 1398.02 0.01 1011.11 1301.92 0.02 1023.57 1435.83 0.00 1041.76 1370.33 0.01
760 889.36 1019.32 1290.84 1492.55 0.9073
1040.68 1151.87 0.00 1033.84 1146.44 0.00 1069.81 1127.73 0.00 1012.69 1183.79 0.89 1162.51 1133.79 0.83 1012.49 1385.97 0.97 1232.28 1228.65 0.99 973.53 1496.00 0.05 1206.75 1322.74 0.40 963.26 1432.18 0.01 1113.21 1282.56 0.02 1023.56 1496.00 0.01 1168.92 1435.47 0.04 978.82 1382.31 0.00 1070.71 1313.13 0.01 1034.98 1459.37 0.00 1077.11 1413.66 0.01
770 936.97 915.89 1347.59 1486.64 0.8898
1037.89 1057.15 0.00 1032.36 1045.38 0.01 1057.77 1031.88 0.00 1011.08 1062.12 0.91 1122.32 1027.31 0.85 992.94 1193.45 0.99 1226.33 1138.18 1.00 997.06 1347.62 0.46 1311.24 1295.48 0.63 1046.62 1301.40 0.03 1271.76 1276.46 0.02 1073.68 1461.06 0.36 1240.27 1425.04 0.48 1057.61 1338.61 0.02 1240.92 1315.71 0.03 1081.53 1429.12 0.01 1245.51 1418.57 0.01
780 973.70 1068.23 1362.91 1488.88 0.5621
1088.71 1258.42 0.87 1112.08 1253.88 0.76 1100.05 1222.78 0.05 1211.99 1267.25 0.93 1191.84 1181.68 0.00 1258.77 1398.08 0.95 1273.63 1185.97 0.95 1175.75 1496.00 0.17 1171.25 1200.82 0.46 1094.25 1474.86 0.15 1092.84 1225.70 0.42 1203.32 1486.58 0.06 1219.45 1369.68 0.28 1058.88 1401.19 0.02 1081.31 1298.58 0.07 1068.09 1458.17 0.00 1075.50 1338.34 0.01
790 984.47 1008.52 1388.26 1489.89 0.8597
1128.12 1171.20 0.86 1157.28 1167.01 0.94 1144.34 1137.65 0.09 1270.31 1187.97 0.98 1230.01 1111.36 0.02 1236.55 1381.85 0.98 1327.52 1150.13 0.95 1150.65 1496.00 0.14 1181.02 1233.15 0.18 1087.53 1452.29 0.04 1123.36 1206.17 0.16 1132.19 1496.00 0.13 1183.38 1375.80 0.20 1070.72 1437.15 0.01 1073.48 1337.24 0.03 1110.03 1467.73 0.00 1094.18 1406.49 0.01
800 1074.45 1007.65 1501.02 1484.91 0.6038
1345.33 1097.88 0.90 1365.66 1093.87 0.86 1363.11 1085.22 0.06 1407.63 1141.85 0.85 1401.24 1112.74 0.00 1372.16 1240.65 0.92 1382.33 1200.00 0.89 1254.48 1279.58 0.86 1259.65 1260.16 0.78 1132.61 1260.29 0.69 1139.14 1263.83 0.76 1330.08 1430.86 0.45 1321.85 1405.88 0.52 1217.27 1468.69 0.06 1205.41 1462.04 0.09 1221.14 1482.20 0.01 1215.55 1472.14 0.02
810 1072.43 1009.72 1506.12 1341.08 0.3842
1322.28 1109.87 0.88 1342.08 1108.82 0.72 1339.79 1095.86 0.10 1403.14 1156.18 0.54 1383.74 1119.49 0.01 1435.43 1272.42 0.45 1356.32 1204.82 0.93 1363.98 1341.17 0.08 1255.12 1264.96 0.95 1222.78 1269.98 0.13 1153.03 1269.79 0.90 1405.49 1426.53 0.03 1335.01 1384.68 0.10 1305.34 1387.07 0.01 1244.19 1354.38 0.02 1275.96 1403.40 0.01 1240.87 1377.95 0.01
830 1142.02 793.25 1588.09 1257.77 0.8883
1434.29 896.89 0.75 1465.16 898.43 0.89 1441.87 873.36 0.39 1526.17 922.09 0.94 1447.84 857.80 0.10 1538.07 1029.04 0.96 1399.67 900.79 0.99 1495.62 1173.69 0.60 1307.63 989.94 0.99 1404.94 1206.69 0.30 1203.79 1022.07 0.99 1380.38 1207.47 0.93 1291.82 1140.14 0.98 1320.52 1307.42 0.13 1242.44 1253.23 0.25 1291.53 1354.08 0.02 1220.47 1314.12 0.03
840 1121.18 789.45 1591.03 1281.50 0.8021
1443.39 901.37 0.82 1477.19 899.99 0.93 1445.68 874.10 0.62 1536.11 915.51 0.95 1441.31 849.85 0.20 1536.63 1031.00 0.95 1396.91 901.39 0.99 1493.21 1180.93 0.44 1306.48 989.05 0.99 1404.62 1173.12 0.19 1195.72 1005.75 0.99 1371.96 1226.92 0.92 1282.32 1157.08 0.97 1304.08 1334.59 0.14 1226.34 1271.75 0.23 1268.57 1385.37 0.02 1204.25 1336.66 0.03
850 1046.80 828.44 1583.46 1409.09 0.8952
1391.95 924.42 0.83 1416.38 927.05 0.90 1409.83 905.06 0.08 1486.21 977.76 0.95 1447.09 918.79 0.00 1501.01 1110.97 0.94 1414.06 954.52 0.99 1406.76 1258.38 0.88 1276.37 968.34 0.99 1269.35 1207.73 0.92 1134.94 966.34 0.99 1344.60 1272.61 0.90 1285.89 1193.70 0.95 1251.26 1306.49 0.40 1225.00 1243.99 0.43 1239.95 1403.22 0.24 1231.38 1361.84 0.23
860 952.21 809.53 1517.41 1401.11 0.9015
1316.43 944.05 0.97 1344.08 936.46 0.99 1310.70 918.85 0.87 1411.42 933.66 0.96 1305.57 891.34 0.07 1439.43 994.62 0.95 1279.35 921.78 0.99 1505.82 1070.20 0.87 1150.07 932.97 0.99 1421.96 1070.14 0.72 1021.55 923.23 0.99 1371.52 1210.06 0.97 1271.49 1178.96 0.99 1331.44 1337.14 0.63 1232.09 1309.52 0.85 1307.98 1390.65 0.25 1215.32 1367.41 0.51
870 948.06 799.33 1530.12 1399.43 0.8904
1328.50 929.72 0.97 1359.64 927.33 0.99 1330.41 899.68 0.81 1429.81 940.92 0.96 1330.59 875.76 0.04 1485.92 1020.04 0.93 1295.03 921.71 0.99 1513.42 1138.54 0.61 1151.60 933.36 0.99 1415.40 1070.79 0.58 1019.88 920.20 0.99 1373.29 1232.94 0.97 1266.24 1182.10 0.99 1308.89 1344.81 0.67 1227.30 1296.67 0.81 1282.42 1401.87 0.33 1210.46 1362.23 0.49
880 947.09 799.21 1530.24 1403.69 0.8981
1329.49 930.18 0.97 1361.38 926.90 0.99 1330.51 899.92 0.82 1433.04 939.54 0.96 1329.60 875.38 0.05 1487.23 1025.07 0.93 1297.51 920.40 0.99 1513.82 1147.89 0.45 1152.18 932.98 0.99 1413.50 1085.34 0.28 1020.25 919.90 0.99 1374.84 1227.45 0.96 1267.00 1173.54 0.99 1310.59 1332.68 0.68 1226.06 1283.96 0.87 1280.58 1397.18 0.45 1209.02 1362.32 0.67
890 946.69 799.61 1529.57 1404.45 0.8896
1329.69 926.49 0.97 1361.92 924.03 0.99 1331.70 895.99 0.80 1430.01 939.99 0.96 1331.40 872.87 0.05 1486.60 1031.28 0.92 1299.89 917.93 0.99 1513.69 1162.48 0.33 1154.49 933.34 0.99 1404.27 1106.36 0.15 1019.70 917.91 0.99 1375.40 1220.34 0.94 1268.64 1161.90 0.99 1312.45 1316.85 0.69 1226.05 1269.85 0.87 1278.08 1393.09 0.52 1209.11 1359.15 0.69
900 942.75 798.13 1532.28 1407.04 0.9001
1321.51 920.02 0.98 1353.03 916.04 1.00 1321.86 892.49 0.83 1427.02 932.38 0.97 1321.39 875.80 0.03 1473.66 1014.29 0.93 1292.34 923.29 0.99 1532.08 1097.83 0.52 1151.39 932.59 0.99 1419.55 1040.66 0.26 1018.95 919.13 0.99 1375.61 1218.63 0.96 1269.93 1170.46 0.99 1313.88 1328.49 0.71 1228.12 1280.15 0.89 1284.42 1399.38 0.50 1213.15 1360.54 0.74
910 943.26 788.69 1530.73 1406.54 0.8952
1334.56 916.65 0.98 1369.61 907.13 1.00 1331.99 884.25 0.88 1439.16 920.38 0.98 1325.85 864.45 0.05 1486.16 1021.59 0.94 1292.86 925.18 0.99 1509.36 1143.27 0.51 1152.07 935.50 0.99 1414.02 1063.46 0.41 1019.80 920.04 0.99 1370.17 1246.69 0.97 1261.10 1194.41 0.99 1305.99 1365.88 0.56 1224.04 1308.53 0.78 1279.77 1415.34 0.21 1207.61 1369.15 0.41
920 942.40 818.41 1508.50 1410.58 0.9007
1267.48 907.49 0.64 1292.80 905.90 0.76 1277.17 886.57 0.14 1364.10 936.48 0.92 1298.04 886.69 0.04 1441.81 1042.31 0.97 1271.79 929.10 0.99 1424.89 1201.90 0.85 1139.94 930.49 0.99 1327.64 1240.29 0.62 1016.48 920.78 0.99 1341.30 1228.36 0.97 1246.93 1171.43 0.99 1291.32 1346.18 0.68 1218.66 1296.15 0.88 1274.59 1396.64 0.36 1210.44 1362.35 0.65
940 911.32 1025.78 1364.16 1491.19 0.8896
1029.10 1184.46 0.01 1028.07 1184.10 0.01 1064.89 1154.11 0.00 1023.87 1227.00 0.91 1174.17 1150.00 0.82 1018.32 1423.76 0.88 1252.06 1243.06 1.00 972.99 1494.90 0.03 1322.86 1322.21 0.87 1004.22 1418.95 0.02 1187.58 1254.05 0.11 1057.17 1496.00 0.01 1230.11 1442.43 0.07 1010.09 1416.19 0.00 1159.83 1342.17 0.02 1083.35 1441.97 0.00 1159.66 1404.62 0.01
950 1067.26 892.84 1648.75 1491.62 0.9311
1348.78 1016.38 0.09 1351.01 1001.15 0.09 1373.84 1004.44 0.00 1368.91 1029.00 0.97 1471.33 1028.32 0.20 1298.97 1170.33 1.00 1526.32 1176.76 1.00 1146.20 1146.98 0.98 1625.35 1283.96 0.86 1131.71 1009.67 0.95 1510.69 1217.03 0.12 1249.87 1453.02 0.51 1393.08 1452.26 0.47 1205.13 1435.08 0.01 1326.02 1467.28 0.01 1223.24 1490.71 0.00 1319.21 1496.00 0.01
960 1072.68 791.14 1608.51 1485.90 0.9379
1339.17 900.33 0.02 1335.42 891.03 0.02 1361.31 890.74 0.00 1335.77 912.64 0.96 1441.54 907.96 0.50 1271.45 986.65 1.00 1492.00 1015.25 1.00 1168.83 935.26 0.96 1575.46 1152.77 0.94 1127.48 858.54 0.90 1498.94 1084.57 0.23 1253.60 1216.73 0.98 1380.89 1235.61 0.98 1223.90 1251.38 0.94 1326.78 1364.00 0.91 1209.32 1345.73 0.88 1265.33 1471.69 0.70
970 1234.68 785.28 1692.25 1328.00 0.9299
1541.73 901.42 0.59 1568.77 903.29 0.52 1548.30 877.44 0.37 1620.03 912.17 0.70 1551.61 846.76 0.28 1648.30 979.36 0.98 1510.28 845.08 0.99 1615.36 1110.69 0.98 1399.89 884.70 1.00 1492.45 1181.61 0.91 1299.68 937.67 0.99 1487.02 1122.43 0.98 1405.31 1052.45 0.99 1388.48 1204.70 0.93 1340.60 1159.05 0.93 1349.37 1281.88 0.92 1356.06 1252.40 0.92
980 1238.23 615.70 1566.21 1280.15 0.7686
1390.30 653.86 0.26 1407.49 644.94 0.21 1397.16 638.31 0.04 1448.45 665.51 0.69 1418.72 643.86 0.05 1524.88 785.42 0.99 1371.71 720.59 0.94 1524.34 920.50 0.98 1303.54 804.89 0.77 1429.84 994.29 0.99 1284.39 840.97 0.79 1410.08 971.07 0.99 1317.62 928.19 0.96 1368.81 1101.69 0.97 1289.18 1052.96 0.70 1346.29 1184.45 0.90 1301.88 1154.86 0.59
990 1231.11 619.11 1564.97 1278.25 0.8853
1430.85 661.29 0.31 1454.47 651.34 0.20 1423.34 643.27 0.10 1487.28 664.15 0.58 1406.56 640.81 0.15 1520.98 771.42 0.99 1357.51 711.77 0.98 1522.27 916.20 0.99 1298.79 820.32 0.99 1427.17 989.53 0.99 1269.95 916.63 0.98 1408.91 968.01 0.99 1314.21 930.42 0.97 1369.44 1100.39 0.96 1286.96 1057.33 0.73 1342.96 1183.41 0.89 1296.76 1158.77 0.54
1000 1240.78 620.42 1569.15 1285.65 0.6001
1471.48 682.20 0.03 1458.64 664.63 0.01 1479.47 674.78 0.01 1426.13 657.08 0.39 1503.40 681.75 0.26 1410.11 720.28 0.96 1530.55 783.69 0.98 1375.28 796.15 0.62 1528.70 924.14 0.95 1383.94 752.91 0.26 1441.42 987.13 0.89 1343.24 954.49 0.97 1399.41 968.20 0.98 1311.05 1088.62 0.89 1339.98 1092.63 0.86 1332.58 1189.38 0.85 1355.42 1200.45 0.80
1010 1158.64 814.91 1659.77 1470.85 0.8900
1469.51 897.88 0.72 1499.43 906.30 0.80 1485.53 874.63 0.22 1561.28 949.46 0.92 1505.81 868.83 0.06 1606.25 1049.29 0.98 1459.40 888.63 0.99 1583.98 1195.88 0.94 1352.04 954.90 0.99 1441.93 1188.36 0.76 1231.43 989.84 0.99 1433.42 1222.71 0.97 1339.68 1133.90 0.97 1310.14 1372.75 0.81 1234.18 1307.23 0.62 1260.30 1453.38 0.22 1193.49 1408.52 0.08
1020 913.45 823.61 1372.77 1478.03 0.8926
1124.79 945.28 0.23 1142.74 942.21 0.17 1140.16 922.14 0.02 1201.73 961.06 0.79 1175.20 910.19 0.04 1296.12 1047.13 0.98 1149.97 939.80 0.99 1331.98 1192.00 0.89 1058.36 996.52 0.98 1204.25 1264.55 0.79 972.45 1030.82 0.96 1198.17 1235.20 0.97 1103.42 1163.12 0.96 1150.91 1373.95 0.79 1042.32 1276.86 0.53 1147.57 1431.29 0.34 1028.99 1362.90 0.15
1030 925.31 929.52 1515.56 1486.63 0.8994
1334.85 1023.39 0.90 1368.70 1039.52 0.93 1355.71 996.58 0.49 1430.03 1081.86 0.94 1372.23 974.82 0.07 1431.14 1172.91 0.99 1299.24 966.00 0.99 1370.30 1307.18 0.97 1139.61 992.73 1.00 1198.60 1275.61 0.86 1001.80 1008.90 0.99 1190.75 1310.72 0.98 1100.48 1198.10 0.98 1117.41 1429.43 0.57 991.00 1309.90 0.33 1113.42 1475.73 0.11 998.08 1372.41 0.06
1040 920.61 897.31 1507.02 1488.87 0.9096
1390.76 1001.68 0.99 1426.80 1004.68 0.99 1388.81 969.93 0.99 1451.91 1036.17 0.89 1358.00 949.84 0.81 1426.48 1127.25 0.98 1277.82 955.51 0.99 1371.62 1274.75 0.99 1135.02 985.91 1.00 1190.80 1262.09 0.99 1003.64 997.55 0.99 1199.19 1298.50 0.99 1097.75 1205.18 0.99 1134.22 1437.94 0.81 981.55 1327.44 0.49 1122.48 1485.62 0.15 974.14 1369.12 0.06
1050 796.78 805.65 1350.64 1458.43 0.8089
1157.46 929.40 0.91 1188.55 930.22 0.95 1166.98 900.69 0.37 1262.81 953.89 0.96 1180.22 880.02 0.02 1299.05 1056.23 0.97 1145.79 895.63 0.99 1296.96 1204.50 0.86 1013.41 909.15 0.99 1181.81 1187.93 0.67 887.77 908.50 0.99 1147.00 1263.92 0.98 1035.48 1178.46 0.99 1105.48 1398.01 0.72 945.10 1292.51 0.72 1073.56 1426.41 0.32 888.08 1342.07 0.37
1060 627.27 990.21 1099.73 1489.39 0.9015
806.25 1182.62 0.45 833.00 1182.76 0.68 821.58 1143.83 0.06 950.28 1170.39 0.97 897.43 1075.12 0.08 998.19 1316.72 0.99 946.59 1048.29 0.99 905.04 1480.84 0.76 751.03 1246.34 0.92 802.69 1485.33 0.16 687.22 1435.08 0.30 931.00 1445.89 0.45 904.83 1296.54 0.68 890.22 1443.66 0.04 836.51 1311.01 0.12 912.29 1470.95 0.02 851.10 1419.60 0.04
1070 691.77 844.37 1089.79 1488.18 0.9023
895.68 995.89 0.99 935.43 973.42 1.00 878.68 959.34 0.96 994.44 989.07 0.99 856.08 950.08 0.20 1009.98 1149.49 0.99 871.78 1013.93 0.97 1025.09 1369.14 0.96 841.57 1096.59 0.96 884.87 1482.26 0.79 750.37 1154.28 0.98 907.16 1406.36 0.84 814.27 1334.10 0.85 872.48 1435.58 0.04 767.02 1382.43 0.06 866.81 1479.87 0.01 818.66 1440.42 0.02
1080 659.72 888.41 1219.62 1489.91 0.9338
808.47 978.36 0.92 834.98 981.56 0.97 829.15 954.64 0.17 917.56 1033.82 0.99 874.67 964.89 0.01 1014.70 1145.84 0.99 838.83 992.18 0.99 1135.16 1332.07 0.95 782.19 1100.33 0.99 1169.16 1471.04 0.28 716.78 1200.23 0.97 913.10 1398.41 0.92 795.92 1323.67 0.97 884.00 1489.14 0.08 775.88 1449.84 0.24 885.99 1480.95 0.01 805.14 1472.87 0.03
1090 818.91 995.12 1368.81 1490.98 0.8986
1269.77 1144.99 0.01 1253.68 1109.48 0.00 1284.03 1140.41 0.01 1188.25 1101.18 0.79 1313.97 1165.74 0.90 1045.87 1209.40 1.00 1299.24 1350.64 0.99 864.81 1355.70 0.91 1310.37 1477.22 0.09 953.08 1236.44 0.10 1266.11 1367.92 0.00 968.10 1462.64 0.04 1162.54 1496.00 0.01 949.96 1326.34 0.01 1149.49 1414.29 0.00 948.36 1420.60 0.01 1097.68 1461.63 0.00
1100 1001.31 924.32 1619.08 1487.44 0.8800
1425.32 1043.03 0.37 1400.15 1020.95 0.01 1412.44 1039.72 0.34 1311.59 1032.07 0.03 1348.01 1083.87 0.84 1228.08 1074.73 0.97 1303.00 1218.84 0.99 1344.52 1138.01 0.98 1383.92 1364.21 0.99 1490.34 1139.30 0.98 1520.81 1210.87 0.97 1116.94 1370.18 0.65 1162.04 1439.06 0.68 1184.13 1393.45 0.02 1220.40 1470.75 0.03 1151.99 1432.17 0.01 1183.31 1464.29 0.01
1110 1042.90 833.71 1776.03 1489.16 0.9401
1564.76 962.94 0.05 1537.90 935.49 0.00 1562.92 955.78 0.04 1444.95 926.50 0.31 1533.80 977.55 0.95 1427.07 965.31 1.00 1477.63 1132.70 1.00 1588.94 1049.74 0.99 1595.36 1240.21 1.00 1730.06 1087.79 0.97 1725.51 1168.27 0.94 1308.42 1246.80 0.97 1326.48 1301.14 0.95 1213.66 1403.80 0.78 1235.35 1422.44 0.60 1136.93 1488.44 0.30 1155.12 1484.15 0.25
1120 1049.98 835.49 1777.76 1488.88 0.9394
1593.37 963.18 0.06 1568.83 934.74 0.00 1587.80 956.55 0.04 1481.95 922.66 0.24 1551.72 976.76 0.91 1452.16 963.41 1.00 1493.14 1121.99 1.00 1613.83 1044.54 0.99 1581.66 1237.28 1.00 1749.19 1085.97 0.97 1701.35 1195.71 0.97 1323.71 1232.01 0.97 1336.21 1282.45 0.96 1222.43 1385.87 0.82 1240.41 1400.52 0.65 1142.48 1484.17 0.49 1168.39 1475.09 0.42
1130 904.31 946.88 1374.76 1490.79 0.9284
1135.60 1104.06 0.44 1162.26 1100.15 0.29 1142.23 1080.42 0.17 1222.88 1102.16 0.64 1150.95 1051.20 0.19 1305.70 1130.28 0.97 1057.28 1050.87 0.99 1337.17 1232.80 0.97 961.01 1164.98 0.96 1264.38 1373.21 0.96 933.34 1265.17 0.85 1167.38 1390.85 0.94 1026.52 1343.25 0.96 1140.89 1458.80 0.14 1013.92 1414.13 0.27 1124.62 1466.77 0.11 1024.84 1453.65 0.22
1180 1179.11 879.90 1735.11 1485.84 0.8933
1618.33 1019.52 0.10 1598.08 986.99 0.00 1618.85 1013.71 0.07 1507.28 961.86 0.13 1584.31 1023.78 0.92 1413.23 982.57 0.98 1494.26 1174.10 1.00 1506.24 1069.75 0.94 1581.81 1273.04 0.98 1626.27 1104.30 0.95 1685.94 1170.04 0.97 1304.35 1249.05 0.91 1354.22 1338.20 0.91 1272.32 1351.98 0.53 1305.83 1440.81 0.36 1232.55 1409.90 0.15 1238.20 1460.23 0.09
1190 1164.22 941.94 1680.70 1490.06 0.9013
1580.38 1082.72 0.01 1563.93 1046.61 0.00 1594.12 1080.34 0.01 1499.51 1035.37 0.82 1624.57 1106.75 0.92 1354.16 1118.05 1.00 1585.82 1302.27 0.99 1234.79 1273.83 0.70 1579.39 1454.37 0.07 1224.24 1371.27 0.13 1520.34 1379.73 0.01 1281.51 1436.65 0.22 1450.53 1496.00 0.07 1264.29 1383.84 0.02 1440.42 1476.09 0.00 1247.44 1478.30 0.01 1390.10 1496.00 0.00
1260 1015.21 942.52 1641.05 1490.89 0.8553
1525.78 1030.65 0.01 1517.83 1005.23 0.01 1537.89 1035.74 0.01 1503.70 1005.12 0.92 1592.38 1068.69 0.87 1423.45 1046.52 0.99 1582.91 1198.90 0.99 1304.81 1175.41 0.96 1549.03 1311.60 0.69 1184.72 1301.26 0.88 1481.95 1360.02 0.37 1288.13 1331.29 0.93 1399.12 1399.22 0.89 1149.57 1395.82 0.28 1273.66 1479.70 0.12 1090.33 1451.36 0.07 1203.65 1496.00 0.05
1270 1039.00 914.25 1583.31 1491.01 0.5402
1519.37 1064.35 0.02 1492.03 1033.64 0.00 1517.73 1067.60 0.00 1414.45 1011.97 0.70 1509.05 1091.25 0.66 1318.10 1062.46 1.00 1459.24 1236.92 0.99 1324.51 953.22 0.96 1463.44 1362.20 0.67 1445.79 932.10 0.85 1416.64 1333.56 0.19 1198.81 1291.67 0.98 1301.03 1365.81 0.91 1133.35 1404.32 0.88 1255.55 1470.37 0.41 1095.90 1482.45 0.13 1206.55 1496.00 0.04
1280 1046.54 976.13 1680.13 1488.91 0.8767
1617.05 1076.48 0.01 1597.99 1047.79 0.01 1615.91 1075.71 0.01 1546.67 1024.57 0.83 1629.40 1087.84 0.90 1460.53 1059.24 0.99 1598.75 1184.43 0.99 1374.07 1139.08 0.62 1635.79 1289.34 0.23 1402.42 1174.02 0.04 1622.31 1253.95 0.02 1316.51 1231.19 0.98 1402.84 1286.03 0.93 1213.44 1308.90 0.84 1290.07 1334.05 0.38 1105.52 1481.06 0.69 1195.26 1462.96 0.38
1290 1160.03 964.36 1628.66 1488.19 0.8455
1518.17 1061.06 0.01 1501.46 1043.46 0.01 1522.25 1049.39 0.02 1433.66 1045.04 0.86 1534.13 1062.29 0.97 1356.38 1102.92 0.99 1551.86 1187.97 0.99 1314.71 1218.22 0.46 1597.71 1315.02 0.30 1383.45 1254.82 0.03 1546.41 1321.80 0.02 1256.60 1363.56 0.88 1367.50 1401.78 0.84 1233.78 1416.15 0.12 1335.42 1461.15 0.08 1206.36 1477.72 0.01 1295.34 1495.97 0.01
1300 1129.47 962.73 1634.17 1489.60 0.8477
1512.73 1051.68 0.01 1503.68 1031.64 0.01 1521.71 1048.82 0.00 1479.68 1032.51 0.91 1569.14 1067.89 0.92 1402.68 1078.31 0.99 1570.30 1170.26 0.98 1294.51 1161.61 0.85 1577.58 1269.67 0.22 1267.24 1212.05 0.23 1507.16 1298.20 0.03 1278.54 1283.42 0.97 1372.24 1322.77 0.92 1194.49 1401.63 0.62 1280.50 1432.60 0.24 1159.25 1479.38 0.11 1216.63 1483.35 0.05
1310 1144.18 896.82 1662.22 1485.77 0.9127
1593.37 1004.82 0.01 1579.55 973.00 0.01 1597.38 1001.30 0.01 1529.42 938.81 0.66 1603.24 1000.22 0.85 1434.91 970.38 0.99 1549.88 1084.76 1.00 1307.91 1076.85 0.84 1493.05 1238.32 0.98 1244.15 1181.23 0.46 1555.64 1248.65 0.96 1261.83 1180.80 0.99 1344.20 1232.07 0.99 1243.31 1293.55 0.82 1284.01 1358.50 0.91 1181.74 1408.59 0.85 1191.85 1458.32 0.91
1320 1105.29 977.56 1663.48 1489.47 0.9195
1624.77 1091.13 0.02 1603.44 1057.71 0.00 1622.83 1087.82 0.04 1536.82 1021.07 0.45 1608.06 1091.72 0.95 1441.17 1047.38 0.98 1547.46 1191.40 1.00 1294.81 1134.26 0.46 1486.22 1329.35 0.92 1240.06 1228.94 0.12 1476.99 1385.36 0.65 1203.66 1215.61 0.96 1278.13 1277.78 0.98 1229.08 1330.69 0.70 1272.43 1398.87 0.82 1184.73 1427.31 0.78 1196.67 1469.62 0.87
1330 1118.25 987.17 1704.86 1490.19 0.9149
1661.10 1100.26 0.02 1639.68 1066.74 0.00 1657.62 1097.19 0.03 1573.21 1027.20 0.37 1641.98 1099.65 0.95 1476.76 1049.10 0.99 1583.08 1199.96 1.00 1301.06 1136.74 0.62 1524.76 1335.89 0.85 1240.42 1221.58 0.15 1481.37 1382.42 0.37 1236.45 1226.38 0.96 1306.98 1290.29 0.97 1243.85 1314.44 0.62 1284.63 1390.77 0.76 1190.67 1424.92 0.78 1199.87 1475.47 0.88
1380 841.04 825.98 1224.34 1486.10 0.8228
1101.80 924.54 0.01 1084.75 909.50 0.01 1105.05 913.05 0.04 1020.50 916.43 0.80 1117.26 924.85 0.97 970.85 1003.20 1.00 1176.59 1010.09 0.98 895.98 1089.39 0.87 1198.86 1134.40 0.46 934.95 1028.63 0.19 1123.04 1114.73 0.04 1029.28 1314.52 0.99 1173.96 1302.48 0.96 946.60 1250.20 0.75 1147.87 1173.88 0.32 908.54 1438.16 0.68 1143.01 1360.87 0.47
1390 886.01 815.68 1285.85 1452.68 0.8780
964.31 913.74 0.65 977.86 899.58 0.84 982.93 895.63 0.04 1023.21 928.61 0.99 1076.67 907.89 0.04 1000.52 1062.38 1.00 1183.59 992.88 0.99 972.43 1246.37 0.92 1249.93 1132.52 0.93 934.86 1251.06 0.38 1193.43 1193.71 0.32 1099.64 1377.25 0.97 1235.12 1339.63 0.96 952.55 1180.32 0.42 1130.90 1133.39 0.16 942.01 1268.75 0.43 1103.21 1243.77 0.19
1460 603.72 869.60 978.52 1491.87 0.8603
837.40 979.41 0.01 824.09 961.76 0.01 850.55 964.10 0.01 768.49 973.73 0.84 884.10 976.26 0.92 704.72 1097.02 1.00 933.84 1091.43 0.98 657.08 1307.65 0.92 950.60 1225.55 0.20 655.46 1442.84 0.49 877.65 1198.30 0.02 756.52 1437.69 0.92 918.33 1426.88 0.87 731.91 1425.03 0.04 922.53 1397.97 0.04 743.96 1493.30 0.00 908.77 1488.57 0.01
1470 500.10 941.66 958.03 1489.29 0.8342
876.88 1073.58 0.02 850.51 1048.54 0.01 878.20 1061.99 0.04 748.05 1046.15 0.61 866.14 1080.45 0.93 635.82 1152.47 1.00 890.06 1216.33 0.98 540.15 1259.82 0.76 880.32 1378.69 0.24 632.91 1131.78 0.10 820.85 1380.11 0.02 598.29 1464.80 0.41 783.68 1492.54 0.32 643.56 1359.84 0.02 851.68 1396.53 0.02 624.73 1476.37 0.00 804.77 1489.76 0.01
1480 610.40 905.11 1066.91 1490.98 0.8879
879.38 1038.44 0.01 861.62 1020.19 0.01 889.77 1023.17 0.01 791.44 1033.17 0.82 916.36 1039.76 0.96 714.27 1155.67 1.00 972.46 1181.50 0.99 655.60 1281.92 0.83 1007.07 1323.14 0.53 722.09 1145.68 0.23 937.09 1156.68 0.08 718.24 1467.16 0.58 899.76 1471.99 0.59 709.62 1398.90 0.03 929.94 1394.00 0.05 711.56 1474.92 0.01 906.34 1485.71 0.02
1490 627.70 771.11 1057.20 1486.47 0.9312
881.99 855.37 0.03 869.27 841.46 0.01 888.74 848.83 0.02 816.15 853.14 0.82 910.55 868.03 0.87 742.96 933.78 1.00 938.03 959.27 1.00 652.23 931.25 0.97 1031.62 1026.67 0.96 676.26 868.59 0.95 958.43 926.82 0.83 747.52 1200.38 0.99 869.97 1218.10 0.99 725.08 1317.53 0.98 858.77 1403.06 0.91 692.36 1435.48 0.72 826.82 1494.52 0.28
1530 1093.19 957.14 1614.65 1486.38 0.9237
1519.68 1084.10 0.01 1504.94 1047.54 0.00 1529.77 1079.54 0.01 1449.61 1032.18 0.89 1561.02 1100.06 0.91 1312.03 1121.87 1.00 1541.81 1268.31 0.99 1161.20 1254.31 0.95 1541.81 1413.06 0.10 1197.57 1276.66 0.14 1472.29 1352.41 0.01 1190.04 1427.47 0.50 1355.53 1496.00 0.17 1160.17 1313.85 0.05 1311.93 1408.22 0.01 1156.67 1450.85 0.01 1259.12 1479.48 0.01
1540 1116.36 887.36 1687.94 1488.89 0.8770
1564.34 1003.26 0.01 1553.93 974.63 0.00 1577.26 996.66 0.00 1506.49 972.86 0.91 1619.35 1016.84 0.88 1386.50 1064.43 1.00 1616.09 1176.12 0.99 1237.28 1152.95 0.98 1623.78 1329.54 0.19 1297.74 1128.33 0.34 1543.68 1326.84 0.02 1312.67 1409.60 0.70 1467.70 1459.78 0.34 1223.47 1404.79 0.06 1384.88 1454.90 0.02 1191.54 1488.39 0.02 1333.75 1496.00 0.02
1550 1260.16 837.69 1690.12 1473.31 0.6652
1445.37 939.45 0.85 1463.60 926.79 0.79 1462.74 917.27 0.05 1522.02 961.85 0.94 1541.31 932.17 0.01 1570.22 1117.96 0.99 1581.89 1026.10 0.94 1503.39 1321.43 0.97 1570.88 1055.85 0.21 1340.53 1305.10 0.97 1584.17 1013.68 0.16 1420.00 1372.98 0.87 1438.61 1317.06 0.75 1305.38 1395.46 0.12 1315.10 1352.86 0.09 1323.99 1409.84 0.02 1334.67 1385.29 0.04
1560 1199.38 811.47 1709.99 1488.28 0.8925
1522.66 914.75 0.92 1556.06 911.71 0.96 1532.17 891.27 0.22 1634.55 940.14 0.96 1566.96 886.50 0.01 1593.37 1064.29 0.99 1595.82 968.51 0.88 1544.64 1268.11 0.99 1491.21 1074.57 0.07 1377.90 1215.51 0.99 1399.11 1140.87 0.06 1428.30 1296.72 0.97 1438.21 1237.67 0.91 1345.37 1388.49 0.85 1346.06 1326.27 0.72 1317.11 1483.51 0.43 1347.74 1414.24 0.55
1570 1200.87 811.35 1699.05 1487.48 0.9114
1509.49 915.30 0.96 1541.90 912.99 0.98 1519.76 890.19 0.25 1622.18 942.02 0.98 1558.42 882.71 0.01 1573.66 1083.63 0.99 1596.39 961.22 0.89 1518.06 1272.21 0.99 1519.38 1028.59 0.06 1365.70 1209.55 1.00 1454.98 1080.99 0.05 1432.18 1296.48 0.98 1445.10 1229.45 0.91 1348.75 1385.55 0.88 1347.15 1317.70 0.72 1316.54 1483.57 0.46 1338.31 1410.31 0.54
1580 1201.34 809.34 1701.10 1487.84 0.9090
1511.60 908.89 0.95 1544.68 907.58 0.98 1523.51 885.76 0.23 1625.44 943.01 0.98 1566.79 885.24 0.01 1566.14 1076.29 0.99 1605.43 963.94 0.89 1525.20 1267.37 0.99 1537.36 1035.14 0.07 1365.49 1210.66 1.00 1475.14 1080.47 0.05 1424.54 1301.55 0.98 1446.20 1240.14 0.92 1343.14 1394.08 0.84 1346.31 1331.40 0.67 1316.69 1484.75 0.38 1333.64 1423.07 0.47
1590 1243.42 770.57 1731.78 1468.43 0.9274
1524.89 875.30 0.05 1524.39 859.37 0.11 1545.75 857.64 0.00 1545.12 877.40 0.97 1636.72 866.03 0.21 1527.90 1038.54 1.00 1686.31 970.89 0.97 1456.92 1214.56 0.99 1666.05 1076.34 0.24 1346.17 1145.60 0.99 1552.76 1077.87 0.09 1482.63 1278.80 0.98 1568.95 1239.18 0.94 1318.34 1271.35 0.92 1371.34 1230.34 0.62 1335.35 1415.01 0.74 1381.66 1354.17 0.55
1600 1352.95 654.86 1791.76 1252.95 0.9188
1596.53 764.31 0.91 1609.85 750.97 0.96 1604.47 742.86 0.07 1676.06 750.17 0.99 1671.16 727.14 0.01 1662.70 877.51 1.00 1746.91 792.55 0.94 1623.55 1026.05 0.99 1687.15 850.55 0.18 1508.12 1021.78 1.00 1595.67 852.22 0.20 1574.34 1087.46 0.98 1617.81 1043.05 0.93 1475.06 1149.16 0.94 1494.52 1108.86 0.80 1448.95 1236.01 0.79 1455.88 1204.40 0.73
1610 1498.86 637.45 1913.20 1247.03 0.8844
1771.08 735.84 0.99 1798.31 727.15 0.99 1768.75 710.10 0.93 1849.82 731.50 0.95 1767.58 687.36 0.07 1855.74 836.47 0.99 1747.98 738.18 0.98 1764.85 969.85 0.99 1678.94 806.34 0.99 1650.79 1042.13 0.99 1638.50 902.40 0.99 1710.01 1011.19 0.99 1647.70 955.50 0.98 1617.03 1133.49 0.94 1570.46 1074.40 0.80 1553.38 1241.16 0.78 1529.60 1164.76 0.60
1620 1510.65 658.01 1951.54 1248.15 0.5220
1817.42 746.83 0.99 1845.85 739.42 1.00 1818.07 722.27 0.91 1896.50 753.31 0.98 1818.36 707.93 0.05 1888.10 863.22 0.99 1781.99 762.96 0.98 1780.71 989.73 0.98 1706.97 831.40 0.95 1656.46 1055.18 0.99 1648.72 911.51 0.95 1702.05 1039.26 0.99 1647.31 981.22 0.98 1606.25 1162.72 0.92 1569.37 1110.59 0.75 1544.17 1248.66 0.55 1526.88 1188.05 0.37
1630 1532.63 679.90 1941.61 1245.17 0.5587
1790.15 778.72 0.95 1813.97 773.90 0.95 1792.03 755.45 0.56 1872.85 772.35 0.95 1799.20 725.55 0.05 1886.57 859.51 0.99 1782.77 746.42 0.98 1774.85 979.95 0.99 1705.52 810.34 0.98 1656.95 1043.01 0.99 1645.75 909.29 0.99 1717.54 1019.37 0.98 1662.83 960.34 0.97 1622.73 1146.18 0.86 1590.00 1106.66 0.74 1559.33 1235.50 0.54 1546.18 1204.32 0.41
1640 1556.55 677.84 1903.37 1214.78 0.8313
1761.89 774.12 0.99 1791.31 768.12 1.00 1761.69 747.28 0.93 1844.26 776.74 0.97 1759.87 723.61 0.09 1844.26 879.78 0.99 1728.33 770.04 0.99 1733.09 1012.67 0.99 1652.13 842.02 0.99 1617.39 1102.82 0.99 1609.58 953.88 0.99 1683.56 1046.31 0.98 1622.83 988.83 0.98 1576.46 1194.57 0.77 1537.78 1158.90 0.67 1525.36 1285.89 0.12 1497.67 1260.68 0.09
1650 1543.50 692.77 1893.86 1221.09 0.8703
1730.70 781.43 0.99 1759.43 780.33 1.00 1737.17 756.23 0.82 1820.81 797.30 0.98 1749.30 736.30 0.02 1824.69 900.57 0.99 1721.18 773.84 0.98 1719.26 1033.65 0.99 1638.78 850.97 0.99 1605.93 1128.21 0.99 1605.04 981.07 0.99 1659.87 1066.21 0.97 1604.81 1003.29 0.97 1560.11 1216.90 0.64 1530.54 1179.17 0.54 1530.79 1301.55 0.08 1506.38 1279.03 0.07
1660 1410.69 720.40 1802.88 1301.68 0.9010
1631.86 825.78 0.98 1659.89 821.90 0.99 1634.62 799.58 0.79 1722.02 828.59 0.98 1642.24 771.81 0.07 1740.80 926.26 0.98 1613.70 801.30 0.99 1660.23 1075.49 0.99 1535.70 898.06 0.99 1525.00 1169.99 0.99 1530.93 1017.77 0.99 1605.97 1080.21 0.99 1530.75 1007.07 0.99 1493.47 1229.76 0.91 1462.56 1134.97 0.93 1428.32 1308.38 0.49 1435.37 1227.63 0.64
1670 1432.23 735.75 1829.91 1331.82 0.8963
1679.11 834.49 1.00 1710.28 831.05 1.00 1681.52 805.79 0.95 1766.09 845.39 0.96 1682.60 781.75 0.08 1771.02 948.55 0.98 1644.11 818.78 0.99 1656.71 1091.68 0.99 1557.08 904.91 0.99 1511.27 1178.59 0.99 1531.35 1025.18 0.99 1608.83 1115.64 0.99 1534.09 1048.73 0.98 1481.63 1267.65 0.86 1443.45 1223.55 0.69 1434.10 1336.27 0.19 1418.27 1300.15 0.09
1680 1435.50 737.40 1831.93 1331.29 0.8999
1679.13 832.32 1.00 1710.94 830.58 1.00 1684.18 803.15 0.95 1765.32 850.32 0.96 1687.05 781.16 0.07 1769.90 955.19 0.98 1644.62 819.74 0.98 1650.13 1096.12 0.99 1556.39 905.23 0.99 1511.55 1181.75 0.99 1530.43 1026.40 0.99 1604.96 1117.24 0.98 1531.81 1048.67 0.98 1475.68 1274.22 0.82 1441.81 1237.35 0.66 1433.41 1342.54 0.12 1417.26 1315.63 0.06
1690 1393.50 750.95 1827.88 1331.32 0.9160
1635.60 858.39 0.98 1659.62 854.45 0.98 1639.37 833.97 0.66 1723.51 860.70 0.96 1654.56 809.29 0.03 1756.56 955.66 0.99 1632.32 830.10 0.99 1641.05 1098.75 0.99 1546.74 923.85 0.99 1492.41 1166.53 1.00 1552.44 1052.44 0.99 1614.17 1103.42 0.99 1537.20 1039.58 0.99 1514.53 1244.73 0.94 1462.11 1200.43 0.86 1440.14 1321.62 0.48 1427.70 1278.30 0.34
1700 1393.39 745.18 1833.93 1330.95 0.9243
1671.31 844.62 0.99 1701.44 843.68 0.99 1675.47 816.99 0.88 1759.60 859.24 0.94 1680.85 792.18 0.08 1764.27 959.65 0.99 1648.80 822.50 0.99 1637.68 1097.52 0.99 1549.43 908.30 1.00 1493.44 1167.15 0.99 1548.65 1043.30 0.99 1615.54 1107.83 0.99 1541.84 1037.58 0.99 1524.82 1244.98 0.94 1467.50 1187.81 0.85 1448.45 1315.19 0.61 1433.70 1256.67 0.41
1710 1392.30 744.83 1832.97 1331.17 0.9249
1669.30 844.31 0.99 1699.98 843.87 0.99 1675.41 816.50 0.85 1760.24 858.78 0.96 1683.01 790.07 0.07 1766.96 954.33 0.99 1646.00 823.80 0.99 1642.80 1096.72 0.99 1551.16 912.42 0.99 1495.84 1167.46 0.99 1548.60 1044.41 0.99 1617.51 1106.45 0.99 1541.15 1038.59 0.99 1529.04 1241.91 0.95 1468.87 1184.81 0.88 1449.76 1310.44 0.66 1434.05 1255.39 0.50
1720 1392.46 746.62 1833.55 1330.33 0.9202
1665.78 848.00 0.98 1694.86 846.62 0.98 1670.14 821.04 0.82 1754.70 859.96 0.95 1677.80 795.68 0.07 1764.08 956.07 0.99 1649.65 822.27 0.99 1638.87 1097.53 0.99 1549.57 905.16 1.00 1492.86 1166.75 0.99 1547.97 1041.51 0.99 1615.06 1108.03 0.99 1541.12 1039.38 0.99 1522.06 1248.29 0.93 1464.80 1194.50 0.84 1441.40 1322.07 0.50 1428.26 1270.00 0.32
1730 1415.07 739.69 1828.62 1329.53 0.9073
1665.50 840.00 0.99 1695.83 834.47 1.00 1666.24 812.33 0.93 1754.16 846.54 0.97 1667.70 790.15 0.06 1761.56 953.55 0.99 1637.39 826.09 0.99 1646.24 1096.55 0.99 1557.96 901.79 0.99 1499.46 1173.27 0.99 1527.66 1008.05 0.99 1591.02 1123.37 0.99 1515.69 1057.07 0.98 1473.63 1269.90 0.84 1432.52 1224.27 0.64 1424.20 1350.70 0.17 1409.02 1314.71 0.08
1740 1413.15 736.07 1828.45 1331.57 0.9100
1661.80 834.53 0.99 1693.26 832.47 1.00 1667.09 806.01 0.90 1752.22 849.87 0.97 1671.89 783.68 0.05 1763.16 952.04 0.99 1634.52 828.19 0.99 1650.26 1094.17 0.99 1558.39 904.75 0.99 1502.13 1173.77 0.99 1528.96 1010.61 0.99 1595.88 1119.01 0.99 1519.55 1053.36 0.98 1478.43 1262.93 0.86 1436.65 1217.29 0.65 1419.84 1352.32 0.20 1410.33 1313.89 0.10
1750 1435.86 736.56 1827.58 1292.41 0.9078
1668.78 837.18 0.99 1700.12 832.23 0.99 1670.92 809.13 0.91 1758.66 844.53 0.97 1673.02 785.88 0.08 1767.68 942.00 0.98 1633.60 828.80 0.98 1674.72 1084.81 0.98 1545.67 902.23 0.98 1524.09 1171.03 0.97 1486.06 980.67 0.98 1616.45 1108.18 0.99 1533.64 1045.85 0.98 1492.66 1253.25 0.83 1438.59 1215.12 0.67 1440.79 1324.18 0.11 1420.83 1294.46 0.06
1760 1440.14 733.54 1827.47 1289.10 0.9137
1667.80 828.66 0.99 1700.18 826.25 0.99 1673.17 800.15 0.87 1759.83 844.61 0.97 1678.54 778.71 0.06 1767.61 948.83 0.99 1635.87 825.34 0.98 1673.15 1090.09 0.99 1548.91 899.08 0.97 1529.55 1173.41 0.98 1488.86 984.01 0.95 1599.35 1121.22 0.98 1519.16 1052.87 0.98 1479.63 1265.65 0.68 1423.76 1219.81 0.45 1444.93 1326.75 0.07 1417.63 1298.05 0.04
1770 1356.84 702.70 1810.56 1248.67 0.9178
1677.91 795.02 0.98 1709.79 793.13 0.99 1681.78 768.77 0.90 1755.27 811.85 0.96 1676.56 749.28 0.19 1763.64 907.21 0.98 1614.29 798.46 0.99 1706.85 1057.43 0.98 1506.54 880.86 0.99 1637.07 1182.11 0.98 1409.54 970.19 0.99 1611.77 1081.23 0.99 1521.96 1023.79 0.99 1540.12 1227.33 0.82 1466.16 1178.47 0.87 1514.66 1305.89 0.17 1439.70 1279.62 0.23
1780 1362.26 703.14 1813.88 1206.10 0.9071
1684.93 799.04 0.99 1716.39 794.18 0.99 1685.01 772.81 0.94 1761.10 810.52 0.97 1676.27 755.05 0.25 1767.20 904.51 0.98 1614.44 802.03 0.99 1724.03 1042.56 0.89 1510.68 885.86 0.99 1648.85 1132.78 0.76 1420.21 968.25 0.99 1612.63 1070.97 0.99 1522.81 1016.27 0.99 1545.48 1204.14 0.89 1465.69 1157.77 0.90 1518.64 1305.37 0.26 1432.59 1267.63 0.29
1790 1359.57 700.93 1813.15 1199.42 0.8779
1690.77 788.82 0.83 1722.31 787.35 0.90 1691.25 766.03 0.65 1761.57 804.82 0.91 1678.51 749.03 0.35 1766.63 892.43 0.98 1610.93 800.27 0.99 1736.31 1012.95 0.82 1506.56 886.14 0.99 1662.90 1025.95 0.58 1408.50 973.05 0.98 1610.47 1072.28 0.99 1523.39 1021.62 0.99 1543.71 1206.39 0.88 1465.68 1163.09 0.87 1510.44 1317.97 0.30 1425.72 1278.18 0.28
1800 1240.63 653.85 1698.07 1186.80 0.8960
1579.07 755.29 0.99 1610.49 750.60 0.99 1579.57 727.53 0.96 1648.08 758.45 0.91 1566.17 698.91 0.53 1645.09 846.71 0.99 1496.19 748.65 0.99 1610.45 985.16 1.00 1404.33 826.67 0.99 1544.39 1097.02 1.00 1319.74 889.49 0.99 1481.53 1035.64 0.99 1398.18 983.80 0.99 1416.08 1175.22 0.90 1337.02 1124.31 0.80 1375.27 1292.21 0.27 1310.52 1243.76 0.22
1810 1243.41 646.01 1697.24 1161.97 0.8967
1580.54 745.22 0.99 1610.89 738.36 0.99 1577.13 718.45 0.98 1645.39 749.65 0.93 1561.67 698.12 0.62 1643.45 839.47 0.99 1492.97 751.49 0.99 1608.82 980.70 0.99 1402.70 838.72 0.98 1541.72 1097.02 0.99 1306.51 907.14 0.98 1480.41 1032.10 0.99 1392.74 982.20 0.98 1410.15 1175.37 0.81 1326.53 1127.98 0.71 1374.11 1281.96 0.15 1299.19 1239.47 0.12
1820 1238.78 708.14 1695.74 1173.28 0.8348
1547.04 813.07 0.31 1568.70 816.04 0.16 1558.17 793.27 0.10 1615.58 821.66 0.52 1571.05 762.37 0.22 1656.41 877.46 0.98 1511.38 751.64 0.99 1604.94 1013.34 0.97 1404.46 835.67 0.99 1541.77 1117.78 0.95 1300.01 901.06 0.98 1492.81 1028.11 0.98 1411.58 960.86 0.98 1426.52 1156.94 0.72 1355.60 1104.10 0.60 1389.10 1253.43 0.17 1321.52 1204.26 0.11
1830 1209.54 751.14 1685.36 1228.61 0.7147
1502.99 847.34 0.80 1524.77 851.49 0.70 1517.28 826.19 0.22 1577.48 872.96 0.85 1538.34 809.36 0.08 1643.53 930.12 0.99 1485.78 812.73 0.99 1617.42 1064.73 0.98 1377.16 878.57 0.99 1539.81 1155.92 0.97 1270.06 930.05 0.99 1477.66 1092.42 0.97 1386.51 1025.85 0.98 1411.36 1219.68 0.73 1337.57 1165.55 0.62 1352.31 1330.26 0.41 1307.10 1290.40 0.29
1840 1128.86 718.92 1658.04 1395.56 0.8411
1482.34 814.03 0.64 1508.19 814.16 0.56 1492.18 792.00 0.19 1568.06 832.58 0.80 1507.58 775.39 0.10 1612.51 913.02 0.99 1462.64 797.60 0.98 1590.54 1059.30 0.99 1354.01 875.91 0.97 1474.87 1109.37 0.99 1221.36 891.02 0.97 1452.99 1102.48 0.99 1360.01 1038.96 0.96 1387.26 1227.82 0.94 1293.42 1170.78 0.56 1333.69 1340.31 0.79 1272.89 1297.11 0.30
1850 1098.63 723.58 1651.63 1393.76 0.8867
1486.24 805.17 0.69 1513.44 806.37 0.69 1496.58 784.40 0.22 1572.64 832.35 0.83 1511.91 774.60 0.07 1610.02 914.88 0.99 1458.86 796.70 0.98 1579.02 1060.59 0.99 1328.55 868.32 0.97 1455.03 1110.44 0.99 1188.26 891.45 0.97 1454.84 1097.52 0.99 1358.38 1032.76 0.98 1388.41 1220.95 0.97 1288.81 1169.04 0.78 1330.95 1338.22 0.89 1266.48 1289.74 0.49
1860 1097.13 716.16 1653.08 1393.18 0.9088
1520.25 826.61 0.98 1553.22 823.21 0.98 1520.81 797.99 0.93 1601.10 831.55 0.90 1513.47 767.47 0.32 1609.34 913.59 0.99 1450.56 800.48 0.99 1581.42 1056.85 0.99 1317.73 877.88 0.98 1456.11 1104.15 0.99 1170.69 890.27 0.98 1455.35 1090.45 0.99 1354.14 1028.81 0.98 1388.02 1226.91 0.98 1276.45 1164.09 0.83 1337.67 1333.22 0.87 1253.91 1280.08 0.46
1870 1098.17 713.12 1655.82 1393.83 0.9086
1520.63 819.23 0.99 1556.10 817.54 0.99 1523.48 788.60 0.96 1603.85 832.11 0.91 1516.27 759.19 0.29 1610.11 914.93 0.99 1450.85 798.22 0.99 1581.44 1057.62 0.99 1316.93 876.23 0.98 1459.42 1103.56 0.99 1173.64 890.27 0.98 1457.83 1089.43 0.99 1357.67 1025.90 0.98 1387.90 1228.35 0.98 1277.53 1165.43 0.85 1337.60 1334.49 0.86 1254.57 1281.57 0.45
1880 1101.58 707.11 1650.90 1393.76 0.9197
1484.42 825.81 0.92 1513.27 823.71 0.94 1489.25 799.26 0.53 1581.37 832.09 0.91 1500.34 771.28 0.06 1611.50 911.01 0.99 1463.51 795.61 0.98 1580.52 1063.23 0.99 1321.47 862.83 0.97 1451.49 1109.82 0.99 1182.48 891.18 0.97 1459.12 1097.15 0.99 1366.19 1033.70 0.98 1388.43 1225.15 0.97 1289.44 1167.22 0.81 1334.13 1338.08 0.85 1270.28 1283.17 0.45
1890 1100.07 696.68 1651.01 1393.92 0.9273
1520.01 809.81 0.99 1552.72 802.45 0.99 1516.74 780.57 0.96 1600.26 810.35 0.92 1506.48 754.32 0.33 1610.62 903.24 0.99 1453.92 795.45 0.99 1580.36 1054.45 0.99 1314.09 866.75 0.98 1455.16 1103.13 0.99 1176.61 890.98 0.98 1465.38 1085.45 0.99 1366.46 1025.88 0.99 1391.10 1224.92 0.98 1280.58 1161.92 0.88 1339.87 1331.00 0.84 1253.52 1278.99 0.48
1900 1099.10 691.85 1650.76 1394.30 0.9261
1519.61 801.86 0.99 1552.00 795.09 0.99 1517.38 772.96 0.96 1599.60 805.52 0.94 1508.31 748.85 0.28 1609.92 902.53 0.99 1451.23 795.09 0.99 1578.51 1050.82 0.99 1310.16 867.22 0.98 1455.55 1098.03 0.99 1172.85 891.03 0.98 1465.44 1085.52 0.99 1364.91 1026.98 0.99 1390.42 1225.84 0.98 1279.86 1164.47 0.86 1341.56 1331.15 0.84 1256.59 1281.33 0.46
1910 1063.41 648.27 1613.42 1396.20 0.8819
1493.34 760.29 0.99 1522.43 749.74 0.99 1485.88 732.96 0.96 1561.88 752.46 0.91 1471.75 708.91 0.42 1577.72 848.45 0.99 1428.38 756.63 0.98 1557.91 986.68 0.99 1294.75 834.24 0.96 1455.92 1027.73 1.00 1157.51 874.57 0.98 1440.27 1038.23 0.99 1345.74 987.67 0.98 1381.68 1197.24 0.99 1270.07 1139.91 0.86 1340.41 1327.37 0.91 1245.26 1269.65 0.49
1920 1292.67 661.39 1738.87 1368.62 0.9287
1581.89 752.60 0.60 1589.70 734.45 0.76 1594.20 737.10 0.02 1636.38 740.87 0.99 1671.50 740.17 0.02 1601.40 865.86 1.00 1717.28 850.06 0.97 1530.42 998.97 0.97 1671.72 945.09 0.19 1458.41 941.71 0.95 1570.13 932.22 0.10 1523.72 1107.91 0.99 1599.41 1096.53 0.97 1440.75 1205.05 0.98 1487.45 1187.36 0.86 1402.18 1332.16 0.95 1427.06 1266.05 0.88
1930 1214.37 885.88 1696.28 1400.98 0.9201
1350.42 1039.03 0.18 1360.73 1047.10 0.17 1367.88 1011.62 0.01 1400.41 1061.64 0.93 1442.80 977.46 0.24 1466.73 1130.57 1.00 1546.54 947.68 0.99 1400.16 1243.45 0.98 1672.01 913.88 0.87 1284.83 1310.06 0.97 1557.17 947.35 0.52 1555.32 1201.50 0.95 1612.28 1120.56 0.94 1413.12 1258.48 0.93 1458.54 1208.02 0.75 1378.51 1354.34 0.87 1391.89 1318.25 0.67
1940 1214.70 673.20 1726.50 1288.88 0.9105
1566.76 744.89 0.67 1578.42 735.33 0.79 1577.56 729.88 0.03 1620.80 765.52 0.98 1627.77 747.25 0.02 1645.76 882.24 0.99 1638.70 819.89 0.98 1566.96 1020.27 0.97 1543.55 807.04 0.93 1475.77 970.71 0.97 1471.38 799.38 0.92 1517.82 1076.89 0.98 1541.38 1053.09 0.99 1377.71 1102.32 0.98 1466.05 1148.86 0.98 1309.55 1182.72 0.96 1441.81 1246.57 0.97
1950 974.75 584.39 1365.32 1111.36 0.8993
1149.02 623.21 0.58 1158.60 611.42 0.61 1151.19 608.76 0.04 1211.78 607.37 0.93 1179.10 598.65 0.01 1280.40 688.86 0.98 1197.58 636.27 0.99 1224.53 825.67 0.97 1121.29 675.17 0.98 1102.24 885.07 0.97 1044.71 699.27 0.98 1280.72 852.52 0.97 1233.82 821.44 0.98 1208.26 967.18 0.99 1192.82 916.08 0.98 1213.64 1078.30 0.98 1176.95 1009.84 0.98
1960 944.31 585.57 1340.13 1127.69 0.9019
1109.02 647.68 0.80 1117.76 635.69 0.82 1108.30 630.16 0.07 1170.47 620.48 0.93 1135.37 606.52 0.01 1227.76 701.52 0.98 1173.16 631.31 0.98 1160.02 849.46 0.96 1075.82 692.44 0.98 1058.28 926.94 0.95 983.56 715.07 0.98 1260.51 869.68 0.97 1218.93 834.76 0.97 1204.13 991.77 0.99 1182.23 931.24 0.98 1166.65 1091.58 0.98 1172.54 1018.18 0.99
1970 1116.86 624.66 1557.31 1168.29 0.8834
1473.56 630.90 0.09 1490.63 623.42 0.07 1470.96 619.44 0.01 1514.24 637.54 0.58 1462.15 621.19 0.05 1528.29 734.26 0.99 1403.15 662.01 0.97 1500.07 876.69 0.99 1299.24 714.70 0.91 1429.03 891.67 0.96 1281.71 775.56 0.66 1374.24 924.01 0.99 1289.96 876.88 0.99 1310.80 1033.48 0.97 1220.09 971.02 0.97 1284.17 1097.64 0.97 1193.39 1034.11 0.99
1980 1191.06 690.45 1573.04 1265.21 0.5404
1427.62 713.33 0.13 1435.16 699.34 0.03 1439.82 705.53 0.02 1465.03 699.95 0.27 1493.54 707.13 0.14 1460.53 764.58 0.98 1495.97 781.98 0.95 1304.33 841.13 0.81 1318.02 834.97 0.63 1272.65 843.82 0.67 1263.99 849.77 0.45 1362.80 1009.86 0.99 1358.60 1001.93 0.96 1332.44 1104.59 0.96 1281.90 1087.10 0.71 1277.43 1188.45 0.85 1242.02 1147.69 0.50
1990 1103.62 733.77 1648.25 1431.66 0.9133
1466.61 820.97 0.90 1483.95 815.20 0.95 1485.47 808.88 0.06 1540.01 861.06 0.98 1567.80 837.41 0.01 1490.09 981.35 1.00 1613.56 931.05 0.91 1307.91 972.91 0.97 1540.57 930.26 0.15 1192.27 891.36 0.86 1459.99 912.76 0.13 1398.59 1205.45 0.99 1463.40 1179.01 0.96 1299.44 1279.98 0.98 1334.81 1254.91 0.87 1224.67 1384.41 0.95 1283.28 1337.80 0.88
2000 1105.51 758.70 1682.53 1431.90 0.9476
1501.23 844.13 0.71 1514.91 835.36 0.83 1518.94 835.52 0.02 1562.60 879.92 0.99 1602.63 870.32 0.01 1495.98 1000.75 1.00 1639.69 968.85 0.95 1313.72 985.74 0.97 1601.70 1031.61 0.30 1195.17 893.19 0.79 1517.92 1009.16 0.15 1369.71 1235.79 0.99 1442.76 1214.51 0.95 1282.53 1299.73 0.96 1334.62 1287.17 0.78 1223.05 1397.17 0.90 1281.92 1362.50 0.77
2010 1109.33 744.58 1666.07 1432.76 0.9471
1486.54 835.32 0.69 1500.41 825.29 0.87 1505.10 825.16 0.03 1550.49 870.02 0.99 1589.29 859.99 0.01 1486.14 995.43 1.00 1624.97 960.31 0.93 1314.02 982.15 0.96 1578.40 994.43 0.20 1220.87 899.83 0.77 1499.12 962.99 0.11 1364.08 1235.54 0.99 1437.36 1217.92 0.96 1276.30 1303.51 0.96 1332.57 1294.20 0.73 1211.85 1397.44 0.89 1281.67 1365.46 0.66
2020 1112.89 733.26 1656.31 1432.78 0.9486
1478.78 818.79 0.88 1495.92 812.75 0.93 1500.13 810.08 0.05 1544.93 867.47 0.98 1583.71 850.67 0.01 1476.09 991.72 1.00 1616.95 959.03 0.92 1309.00 978.58 0.97 1577.97 985.76 0.17 1245.59 905.66 0.80 1508.55 955.94 0.10 1360.16 1230.49 0.99 1435.97 1214.12 0.96 1278.54 1296.59 0.97 1344.62 1289.61 0.75 1217.54 1395.53 0.91 1302.53 1361.81 0.72
2030 1111.49 759.35 1643.75 1432.49 0.9183
1497.31 814.74 0.82 1521.32 812.68 0.89 1512.08 809.86 0.09 1565.47 874.68 0.95 1568.56 856.97 0.02 1476.02 983.28 1.00 1593.25 961.87 0.92 1307.70 972.63 0.98 1560.30 971.87 0.27 1227.96 898.73 0.86 1514.85 929.58 0.15 1363.56 1223.27 0.99 1427.34 1211.51 0.96 1278.43 1295.00 0.97 1327.15 1287.86 0.74 1215.13 1391.96 0.92 1275.21 1360.72 0.76
2040 1146.24 713.41 1639.95 1376.23 0.9294
1464.94 804.80 0.52 1475.42 794.20 0.76 1482.35 791.83 0.02 1524.01 826.12 0.98 1565.60 813.08 0.02 1479.80 945.80 1.00 1611.39 907.34 0.94 1344.58 969.15 0.98 1537.63 924.73 0.22 1265.78 885.49 0.89 1443.45 905.23 0.15 1393.69 1162.24 1.00 1469.68 1148.92 0.98 1267.00 1221.57 0.99 1345.42 1246.00 0.94 1242.69 1341.63 0.94 1329.34 1334.01 0.81
2050 1180.56 604.30 1521.17 1272.66 0.5121
1288.26 719.23 0.15 1300.80 705.60 0.10 1297.74 698.72 0.02 1353.74 719.43 0.41 1348.48 697.75 0.05 1413.57 846.97 0.90 1402.19 774.44 0.86 1344.69 929.95 0.33 1365.26 863.46 0.59 1280.34 944.39 0.29 1290.98 923.14 0.86 1429.75 965.81 0.93 1413.26 918.74 0.95 1333.94 1084.42 0.98 1307.05 1009.16 0.98 1347.86 1205.62 0.98 1269.79 1094.12 0.99
2060 1154.37 677.50 1537.73 1192.67 0.5071
1259.32 773.15 0.10 1267.44 759.51 0.09 1275.70 754.34 0.01 1312.27 765.79 0.49 1353.31 747.79 0.14 1346.98 855.81 0.97 1426.27 817.67 0.82 1269.88 951.81 0.88 1326.86 920.94 0.14 1190.57 1016.62 0.93 1210.69 990.44 0.13 1412.00 1013.23 0.96 1486.88 998.04 0.94 1300.86 945.81 0.92 1343.31 997.75 0.90 1269.95 1051.73 0.95 1337.71 1121.25 0.94
2070 992.77 679.91 1437.23 1186.43 0.9309
1122.74 773.72 0.53 1128.17 769.44 0.36 1126.50 757.97 0.04 1173.59 770.44 0.75 1157.54 744.81 0.01 1314.26 808.36 0.96 1196.12 734.43 0.97 1291.90 957.06 0.90 1138.81 800.49 0.98 1190.59 1046.98 0.83 1046.58 857.38 0.98 1356.78 905.46 0.96 1266.88 858.11 0.98 1344.72 1032.53 0.97 1211.68 967.59 0.98 1322.50 1119.58 0.97 1188.36 1047.95 0.99
2080 1285.40 659.05 1723.48 1184.30 0.8970
1611.24 726.90 0.27 1630.86 719.05 0.17 1611.30 708.14 0.13 1658.38 719.66 0.55 1602.08 688.26 0.29 1684.03 800.75 0.99 1531.16 724.19 0.99 1665.91 927.09 0.99 1440.15 800.00 0.99 1600.51 1022.25 0.99 1383.58 896.62 0.98 1522.89 979.27 0.99 1437.17 927.61 0.98 1462.73 1059.41 0.96 1350.67 1004.68 0.75 1401.45 1116.60 0.89 1290.69 1051.41 0.56
2100 560.82 1142.68 1035.74 1492.74 0.7590
738.20 1355.98 0.44 753.94 1358.16 0.32 763.95 1335.93 0.13 807.57 1390.10 0.64 834.68 1327.90 0.25 897.14 1392.22 0.73 771.50 1273.09 0.88 827.91 1437.83 0.07 612.11 1377.47 0.39 771.09 1440.19 0.08 721.68 1427.06 0.21 929.58 1299.02 0.33 820.96 1238.39 0.49 870.92 1374.91 0.14 726.47 1305.96 0.22 873.02 1365.08 0.08 710.39 1350.58 0.10
2110 831.74 823.78 1420.42 1488.05 0.8714
1316.73 1133.30 0.01 1308.23 1092.40 0.01 1321.19 1154.99 0.00 1265.80 1070.76 0.84 1338.87 1196.58 0.29 1120.82 1104.25 0.99 1190.65 1288.58 0.85 1080.26 1040.53 0.98 1063.51 1272.57 0.05 1041.36 924.30 0.88 1024.86 1151.71 0.04 904.03 1405.73 0.70 966.61 1496.00 0.23 966.42 1365.94 0.02 1016.86 1475.75 0.01 938.06 1401.24 0.00 983.84 1450.48 0.00
2120 959.62 938.24 1503.81 1488.89 0.9475
1418.68 1010.84 0.03 1411.87 989.66 0.05 1425.28 1020.91 0.02 1393.34 985.92 0.93 1462.33 1052.04 0.66 1292.94 1007.28 1.00 1452.92 1156.10 1.00 1156.83 1015.58 0.99 1406.97 1288.29 0.96 1100.24 958.54 0.96 1378.33 1382.71 0.91 1184.68 1234.32 1.00 1295.25 1305.28 0.99 1092.69 1323.13 0.97 1222.76 1419.21 0.84 1026.33 1436.60 0.87 1140.81 1479.38 0.55
2130 954.12 803.93 1405.08 1489.64 0.9404
1284.54 917.66 0.14 1289.74 902.85 0.19 1293.03 925.37 0.02 1294.65 920.94 0.95 1345.72 965.50 0.34 1194.69 936.79 1.00 1359.56 1069.74 0.99 1041.42 914.35 1.00 1303.63 1166.00 0.56 1041.33 840.11 0.97 1203.38 1116.97 0.18 1112.66 1219.42 1.00 1235.21 1269.96 0.99 1039.82 1336.87 0.97 1174.53 1389.18 0.94 1003.89 1446.17 0.78 1131.28 1477.08 0.80
2140 958.97 855.49 1548.97 1489.30 0.9502
1461.71 967.67 0.01 1448.08 934.40 0.01 1468.49 970.45 0.01 1401.53 920.07 0.93 1493.95 996.04 0.87 1268.67 975.00 1.00 1447.14 1124.42 0.99 1149.82 1013.59 0.97 1389.06 1256.07 0.83 1200.15 944.73 0.32 1301.33 1286.36 0.32 1144.39 1215.03 0.99 1260.20 1288.54 0.98 1083.90 1302.92 0.98 1203.66 1394.04 0.92 1028.96 1436.67 0.94 1141.56 1481.03 0.84
2150 786.41 890.50 1294.97 1483.84 0.9075
1088.12 1046.68 0.25 1092.84 1028.45 0.08 1078.56 1037.61 0.12 1081.26 996.60 0.31 1037.45 1015.90 0.49 1104.07 995.38 0.99 910.97 1087.57 1.00 1182.46 932.93 0.89 830.54 1219.68 0.99 1255.61 912.26 0.75 840.91 1362.16 0.95 1031.14 1273.35 0.95 914.74 1300.49 0.96 990.01 1329.35 0.74 880.50 1345.04 0.84 951.30 1366.56 0.78 842.17 1413.03 0.85
2160 783.07 874.86 1298.56 1483.84 0.9302
1062.31 1045.43 0.26 1075.34 1027.72 0.13 1053.61 1035.68 0.09 1084.84 994.02 0.49 1021.91 1008.69 0.31 1108.01 980.55 0.99 901.85 1074.64 1.00 1179.15 922.25 0.94 826.58 1211.30 0.98 1248.27 915.06 0.84 835.78 1354.29 0.94 1032.27 1262.15 0.96 908.29 1289.35 0.96 987.79 1320.92 0.78 877.43 1336.22 0.88 947.87 1357.89 0.82 843.80 1406.75 0.90
2170 900.83 857.13 1369.17 1485.76 0.4190
1229.10 912.28 0.04 1226.48 893.76 0.01 1245.46 905.86 0.01 1206.77 903.31 0.15 1287.78 924.82 0.26 1132.96 980.45 0.96 1285.82 1061.31 0.98 1046.01 1105.49 0.60 1315.99 1141.43 0.82 1037.03 1173.06 0.24 1325.57 978.53 0.59 1092.20 1195.52 0.94 1190.07 1233.73 0.95 1037.11 1247.19 0.72 1120.44 1306.90 0.77 976.82 1398.06 0.78 1089.18 1453.59 0.80
2180 893.96 833.80 1294.33 1487.70 0.9290
1230.20 920.32 0.35 1193.98 899.47 0.01 1215.32 925.31 0.50 1081.72 912.21 0.04 1149.69 981.30 0.98 1020.72 961.42 0.98 1140.70 1125.31 1.00 1107.95 952.16 0.51 1247.96 1132.78 0.99 1183.28 936.16 0.39 1260.43 970.55 0.99 982.93 1208.92 0.98 1077.29 1272.90 0.99 969.60 1314.52 0.96 1089.61 1371.66 0.96 954.43 1421.85 0.97 1067.68 1473.85 0.95
2190 893.80 831.37 1293.64 1488.21 0.9158
1227.07 943.73 0.07 1191.20 917.91 0.01 1219.05 947.33 0.09 1084.04 909.81 0.25 1174.95 984.28 0.91 1025.25 962.61 0.99 1160.10 1121.90 1.00 1014.19 969.90 0.68 1248.62 1136.11 0.99 1102.47 944.33 0.24 1262.13 963.42 0.99 977.71 1214.57 0.99 1081.87 1278.46 0.99 960.90 1314.87 0.98 1089.46 1379.25 0.97 948.96 1414.02 0.98 1070.02 1473.39 0.97
2200 894.87 826.49 1290.43 1486.93 0.9223
1230.42 947.16 0.13 1196.42 920.29 0.01 1220.96 948.95 0.20 1087.79 911.29 0.19 1169.89 984.09 0.96 1024.06 958.27 0.99 1151.59 1126.83 1.00 1015.65 961.08 0.58 1247.37 1127.51 0.99 1095.52 956.83 0.19 1260.08 959.03 0.99 978.38 1208.88 0.98 1078.31 1275.83 0.99 964.47 1306.97 0.96 1089.08 1372.12 0.96 955.64 1413.79 0.98 1068.98 1471.45 0.97
2210 897.16 842.07 1293.89 1488.25 0.9151
1222.34 948.31 0.09 1187.30 926.38 0.01 1213.88 951.36 0.09 1084.17 924.49 0.20 1173.09 989.81 0.89 1030.93 978.01 0.99 1162.84 1122.68 1.00 1008.36 973.57 0.76 1249.03 1134.65 0.99 1098.47 934.93 0.31 1261.63 965.57 0.99 980.16 1218.41 0.98 1081.77 1277.20 0.99 965.81 1302.45 0.96 1091.37 1368.54 0.96 949.46 1410.43 0.98 1073.16 1470.14 0.97
2220 897.16 850.63 1292.00 1487.93 0.9233
1236.63 958.66 0.06 1200.42 930.49 0.00 1227.42 962.84 0.11 1090.08 916.23 0.22 1175.68 996.98 0.96 1024.24 962.53 1.00 1168.80 1128.49 1.00 994.68 994.88 0.81 1247.84 1139.21 0.98 1092.23 974.51 0.28 1259.35 984.98 0.98 978.49 1209.63 0.99 1084.35 1274.45 0.99 965.39 1305.85 0.97 1087.85 1372.75 0.97 951.43 1415.46 0.98 1067.71 1472.74 0.97
2230 900.05 830.10 1311.85 1488.38 0.9190
1247.58 924.18 0.03 1213.29 896.42 0.01 1246.01 930.98 0.02 1122.51 879.08 0.65 1227.60 961.76 0.77 1064.02 931.85 0.99 1190.27 1093.01 1.00 1055.06 960.40 0.70 1268.60 1130.24 0.99 1144.31 938.45 0.28 1278.13 969.29 0.98 997.26 1185.74 0.99 1100.15 1254.97 0.99 972.98 1284.24 0.98 1102.97 1352.86 0.97 959.74 1404.31 0.99 1074.88 1469.98 0.98
2240 899.52 829.71 1299.73 1486.94 0.9277
1227.76 958.97 0.49 1212.42 929.18 0.08 1209.46 952.59 0.66 1129.58 900.20 0.12 1129.11 958.92 0.94 1027.07 924.10 0.98 1136.25 1079.34 1.00 1084.79 934.28 0.38 1242.18 1119.28 0.99 1171.74 927.23 0.18 1265.83 949.39 0.99 977.37 1211.89 0.97 1077.72 1272.62 0.98 966.64 1306.26 0.94 1083.77 1371.43 0.95 953.05 1418.51 0.96 1078.98 1471.60 0.96
2250 899.40 837.74 1298.08 1489.13 0.9296
1151.29 1000.48 0.60 1160.01 971.97 0.43 1141.67 984.67 0.58 1136.93 937.06 0.60 1114.16 965.33 0.80 1028.24 954.74 0.98 1139.92 1099.44 1.00 1055.36 937.51 0.51 1246.32 1105.77 0.99 1138.76 911.23 0.17 1263.89 941.10 0.99 975.77 1227.51 0.97 1061.19 1286.60 0.98 970.88 1325.20 0.96 1078.74 1378.00 0.97 948.46 1422.06 0.97 1077.81 1477.95 0.97
2260 899.19 835.53 1296.80 1488.50 0.9304
1145.69 1001.70 0.75 1159.18 973.60 0.56 1133.49 983.61 0.75 1141.22 937.18 0.51 1100.15 959.19 0.81 1026.77 948.98 0.98 1132.34 1089.86 1.00 1072.74 933.63 0.47 1244.32 1103.83 0.99 1157.44 901.46 0.20 1262.06 934.24 0.99 979.80 1222.57 0.97 1062.10 1279.91 0.98 972.81 1313.38 0.96 1076.29 1371.92 0.97 950.89 1415.25 0.97 1077.03 1477.77 0.97
2270 899.45 833.25 1296.88 1488.62 0.9311
1138.32 1007.58 0.94 1164.54 978.31 0.91 1117.91 984.33 0.94 1167.91 939.39 0.54 1077.45 952.46 0.76 1030.87 938.33 0.96 1128.13 1083.23 1.00 1069.14 949.15 0.33 1243.74 1111.00 0.99 1142.62 928.18 0.14 1259.87 939.51 0.99 982.80 1218.51 0.96 1059.41 1277.11 0.98 976.45 1312.25 0.95 1075.11 1374.02 0.98 949.81 1417.26 0.96 1073.96 1483.38 0.97
2280 968.48 874.88 1522.32 1485.65 0.8656
1399.58 964.32 0.02 1390.07 942.57 0.01 1419.17 970.57 0.00 1359.80 955.36 0.75 1481.78 1011.25 0.48 1265.08 1007.41 0.99 1462.66 1144.39 0.97 1198.46 997.92 0.95 1360.97 1290.24 0.32 1252.97 914.99 0.88 1239.28 1309.03 0.11 1158.96 1255.47 0.93 1298.74 1322.41 0.88 1114.45 1272.12 0.57 1260.01 1377.87 0.46 1040.14 1408.42 0.22 1178.58 1471.31 0.22
2290 976.71 861.68 1543.20 1486.82 0.8469
1388.61 946.20 0.92 1417.43 946.59 0.89 1399.60 943.89 0.20 1440.86 1014.55 0.89 1424.02 996.21 0.03 1335.44 1074.92 0.98 1408.09 1090.18 0.92 1208.24 1009.44 0.98 1349.20 1022.60 0.72 1261.40 896.48 0.97 1351.29 930.12 0.80 1188.78 1286.37 0.94 1231.46 1287.99 0.85 1099.29 1366.89 0.68 1161.56 1373.83 0.50 1039.51 1449.72 0.21 1098.78 1446.37 0.21
2300 977.12 868.25 1557.64 1485.58 0.9113
1402.86 946.77 0.79 1418.44 943.57 0.83 1421.24 951.87 0.07 1430.50 1008.80 0.94 1478.60 1017.57 0.03 1305.76 1041.89 0.99 1489.90 1141.81 0.89 1229.66 983.71 0.99 1393.52 1076.38 0.25 1282.15 903.19 0.96 1368.97 959.84 0.32 1188.14 1260.65 0.97 1300.08 1306.56 0.86 1095.31 1340.55 0.88 1203.60 1405.31 0.64 1031.54 1432.39 0.35 1122.12 1474.69 0.25
2310 981.47 864.44 1543.04 1486.36 0.8867
1397.01 941.53 0.16 1396.41 933.02 0.15 1418.59 949.54 0.02 1381.99 987.90 0.87 1488.32 1015.58 0.21 1282.48 1047.31 0.99 1485.04 1134.82 0.92 1222.73 978.53 0.98 1438.35 1117.74 0.25 1281.87 895.11 0.94 1380.56 1007.10 0.17 1190.10 1256.59 0.97 1311.60 1301.42 0.90 1102.76 1316.50 0.88 1220.00 1386.84 0.67 1046.32 1418.94 0.57 1138.51 1469.76 0.43
2320 980.02 856.78 1536.24 1484.25 0.8934
1372.92 943.39 0.04 1369.60 932.83 0.06 1397.17 947.43 0.00 1363.43 980.58 0.93 1483.63 1004.19 0.27 1277.39 1046.83 0.99 1493.61 1119.42 0.94 1214.32 1003.99 0.96 1434.44 1144.69 0.18 1263.52 909.12 0.92 1355.66 1031.32 0.11 1203.40 1262.01 0.98 1332.44 1301.56 0.91 1108.64 1324.18 0.92 1232.60 1392.97 0.69 1047.27 1414.57 0.64 1149.85 1463.82 0.39
2330 1236.43 728.18 1713.63 1385.48 0.8763
1573.77 793.40 0.39 1584.73 776.91 0.35 1587.44 784.42 0.04 1599.14 804.50 0.93 1636.66 810.59 0.17 1541.78 933.97 0.99 1600.43 929.06 0.96 1387.17 1025.71 0.95 1428.47 1010.84 0.41 1323.26 918.20 0.90 1336.48 944.60 0.37 1377.81 1133.36 0.98 1452.93 1125.79 0.97 1311.40 1202.60 0.95 1404.83 1196.16 0.94 1286.95 1313.69 0.87 1377.29 1274.12 0.92
2350 980.73 575.56 1378.34 1142.74 0.9304
1105.18 609.91 0.52 1108.25 600.20 0.53 1114.85 594.42 0.02 1141.58 611.05 0.98 1165.49 595.37 0.02 1229.41 708.69 1.00 1200.21 645.83 0.99 1163.30 820.91 0.99 1123.63 714.05 0.96 1050.09 788.89 0.99 1037.42 756.16 0.97 1298.74 875.81 0.98 1256.90 844.02 0.98 1287.19 1002.22 0.98 1212.31 955.71 0.96 1282.84 1102.14 0.95 1197.04 1029.90 0.96
2360 1174.63 626.85 1633.80 1162.86 0.7361
1498.59 668.22 0.23 1510.76 656.64 0.19 1503.92 656.30 0.02 1542.99 669.54 0.74 1529.93 663.87 0.08 1569.96 759.05 0.99 1529.49 744.04 0.96 1573.50 911.95 0.97 1498.38 798.80 0.50 1501.51 1008.85 0.97 1444.43 858.51 0.34 1388.12 934.68 0.98 1405.64 926.79 0.98 1257.77 939.03 0.97 1388.12 1023.61 0.97 1199.98 1024.07 0.95 1362.37 1095.90 0.95
2370 1182.36 859.49 1686.62 1462.96 0.9182
1513.25 967.14 0.83 1547.54 965.54 0.82 1520.96 939.21 0.51 1609.78 987.59 0.89 1523.06 919.65 0.15 1619.71 1072.70 0.99 1476.88 931.84 0.98 1521.72 1231.82 0.99 1386.63 967.35 0.99 1350.54 1277.54 0.99 1295.06 1049.82 0.99 1422.72 1218.58 0.98 1333.77 1143.43 0.96 1378.73 1293.63 0.90 1223.18 1248.45 0.65 1307.39 1351.45 0.81 1295.01 1312.08 0.52
2400 1036.05 908.74 1590.49 1491.31 0.7513
1460.15 1031.29 0.11 1463.73 1003.39 0.05 1475.48 1025.78 0.03 1445.51 1011.14 0.80 1485.92 1044.69 0.20 1414.21 1148.83 0.97 1295.98 1099.51 0.99 1377.24 1312.59 0.83 1151.59 1172.35 0.96 1300.22 1255.89 0.22 1084.42 1281.63 0.66 1242.55 1407.60 0.72 1181.48 1386.73 0.78 1215.92 1444.45 0.04 1186.15 1427.63 0.06 1181.29 1474.13 0.01 1155.84 1458.43 0.02
2410 974.62 603.36 1532.59 1261.48 0.9170
1302.87 613.55 0.02 1301.99 600.94 0.00 1326.59 602.07 0.00 1321.80 607.00 0.17 1407.25 605.61 0.08 1303.84 674.35 0.98 1466.97 695.54 0.99 1175.21 707.64 0.98 1505.71 835.82 0.92 1056.29 694.06 0.98 1465.45 886.15 0.64 1315.98 916.73 1.00 1425.75 927.19 1.00 1252.66 1041.05 0.99 1397.69 1077.03 0.99 1204.34 1136.57 0.98 1385.42 1195.98 0.98
2420 1235.25 639.05 1711.41 1292.55 0.9089
1480.13 715.48 0.02 1478.54 700.97 0.03 1493.71 706.30 0.01 1485.70 707.90 0.93 1559.66 715.22 0.57 1460.59 799.90 0.99 1622.12 815.94 1.00 1389.62 907.93 0.75 1690.73 917.16 0.96 1333.88 914.22 0.27 1618.42 941.93 0.48 1418.36 1022.51 0.99 1522.58 1028.74 0.99 1345.64 1118.70 0.96 1472.43 1119.43 0.92 1312.06 1245.37 0.98 1431.66 1211.18 0.95
2430 1242.80 738.31 1743.98 1326.09 0.9285
1506.62 809.58 0.06 1503.81 795.56 0.10 1520.03 797.68 0.01 1515.68 800.40 0.96 1591.77 801.09 0.54 1487.32 879.02 1.00 1670.16 880.72 0.99 1419.68 997.15 0.98 1716.63 1005.70 0.75 1356.83 1060.32 0.96 1675.50 1048.19 0.16 1498.81 1104.68 0.99 1614.85 1111.87 0.97 1379.44 1171.14 0.98 1506.93 1203.33 0.66 1305.21 1258.29 0.96 1431.51 1284.23 0.58
2440 1241.73 724.43 1700.28 1409.00 0.9124
1563.00 797.77 0.02 1561.77 780.07 0.02 1579.75 794.48 0.00 1561.90 799.37 0.94 1650.21 824.35 0.54 1482.31 885.33 1.00 1660.69 948.89 0.99 1358.65 968.19 0.94 1633.57 1082.14 0.78 1351.66 969.63 0.38 1551.23 1076.40 0.25 1404.16 1125.48 0.99 1512.08 1158.84 0.98 1327.61 1198.66 0.93 1418.45 1268.44 0.84 1295.86 1286.38 0.93 1350.57 1355.86 0.84
2450 1155.88 806.57 1661.69 1480.42 0.9262
1495.82 916.20 0.99 1532.41 913.59 0.99 1503.11 888.39 0.55 1612.38 937.95 0.98 1528.83 873.59 0.01 1543.08 1072.80 1.00 1553.95 962.74 0.87 1445.64 1243.48 0.99 1451.19 1065.32 0.04 1314.39 1286.41 0.99 1375.13 1162.29 0.04 1382.30 1296.55 0.95 1410.89 1238.46 0.72 1296.13 1340.52 0.86 1333.41 1307.30 0.44 1264.96 1452.43 0.66 1322.15 1410.35 0.45
2460 1155.82 813.88 1653.78 1481.73 0.9123
1489.55 913.09 0.96 1524.76 910.34 0.98 1498.09 888.43 0.35 1605.45 938.96 0.98 1525.76 881.25 0.01 1551.84 1074.39 0.99 1535.00 969.76 0.87 1456.86 1245.22 0.98 1430.03 1084.67 0.06 1311.54 1296.59 0.99 1346.84 1199.74 0.05 1386.24 1287.70 0.95 1399.34 1230.47 0.75 1301.27 1343.48 0.88 1329.40 1303.52 0.54 1260.67 1452.10 0.72 1315.76 1404.38 0.57
2470 1155.10 814.88 1656.20 1481.23 0.9162
1487.72 916.26 0.99 1523.81 915.22 0.99 1497.10 889.24 0.55 1604.39 943.12 0.97 1521.91 876.82 0.01 1553.17 1072.23 0.99 1529.02 961.46 0.87 1454.61 1235.89 0.99 1422.68 1071.16 0.09 1307.43 1291.10 0.99 1349.15 1191.87 0.07 1393.34 1278.47 0.96 1401.86 1219.12 0.79 1308.27 1343.87 0.90 1340.19 1307.67 0.59 1260.83 1454.17 0.76 1319.88 1405.48 0.60
2480 1156.17 780.44 1662.11 1479.59 0.9168
1516.46 855.70 0.22 1518.64 843.37 0.31 1535.68 848.82 0.01 1527.45 885.72 0.98 1607.38 886.88 0.14 1493.94 1051.12 1.00 1582.30 994.79 0.90 1404.46 1221.85 0.99 1455.23 1091.00 0.04 1292.51 1268.10 0.99 1356.19 1151.49 0.04 1380.91 1270.48 0.98 1444.01 1240.57 0.84 1306.05 1333.33 0.90 1349.23 1314.85 0.57 1266.91 1442.66 0.68 1319.46 1406.21 0.51
2490 1207.68 730.62 1585.65 1401.12 0.8839
1530.82 811.46 0.01 1517.72 792.84 0.01 1531.15 805.96 0.02 1468.24 783.19 0.84 1536.93 813.09 0.94 1400.46 830.84 0.99 1540.91 894.15 0.99 1323.51 916.58 0.58 1546.21 998.25 0.78 1321.12 956.17 0.10 1528.83 1058.82 0.45 1312.61 1033.45 0.99 1407.62 1066.17 0.99 1281.76 1143.30 0.97 1359.47 1218.27 0.97 1241.45 1260.85 0.97 1294.94 1352.86 0.95
2500 1092.37 823.39 1590.66 1485.98 0.9062
1497.63 916.40 0.01 1486.80 890.58 0.01 1507.44 915.23 0.00 1455.90 887.88 0.82 1545.96 940.06 0.73 1358.04 959.20 1.00 1538.59 1080.38 0.99 1228.87 1073.20 0.98 1509.02 1241.75 0.76 1203.43 1132.45 0.82 1456.79 1273.39 0.24 1254.71 1214.96 0.99 1377.62 1266.79 0.97 1178.62 1321.71 0.92 1299.35 1384.69 0.69 1160.55 1444.56 0.73 1241.38 1474.52 0.45
2510 1164.05 928.51 1615.51 1490.46 0.8738
1393.90 1048.13 0.89 1424.65 1050.79 0.93 1415.44 1024.44 0.14 1513.52 1089.78 0.95 1497.63 1018.96 0.02 1435.26 1240.77 0.99 1578.88 1086.01 0.92 1340.89 1423.41 0.95 1487.08 1157.27 0.07 1213.37 1462.99 0.98 1385.30 1193.22 0.04 1330.21 1398.65 0.57 1426.69 1316.67 0.41 1264.26 1384.91 0.15 1305.83 1319.95 0.12 1251.12 1469.67 0.07 1263.45 1427.97 0.11
2520 1163.78 930.39 1615.47 1489.89 0.9125
1392.18 1058.95 0.95 1423.40 1059.15 0.98 1407.14 1035.20 0.22 1521.34 1088.93 0.97 1484.48 1025.05 0.01 1424.96 1244.59 0.99 1587.56 1090.08 0.94 1337.45 1420.86 0.96 1504.55 1170.17 0.09 1209.44 1454.10 0.99 1404.66 1212.31 0.05 1325.62 1406.20 0.61 1433.31 1324.81 0.45 1257.65 1404.98 0.12 1320.27 1336.62 0.08 1252.64 1474.11 0.05 1275.32 1432.00 0.06
2530 1163.33 894.06 1626.98 1488.88 0.9239
1445.50 998.45 0.03 1444.16 982.88 0.07 1471.49 986.14 0.00 1458.52 1016.27 0.98 1570.14 1011.04 0.23 1405.50 1224.96 0.99 1588.97 1122.69 0.96 1322.46 1413.24 0.97 1514.57 1201.45 0.09 1210.85 1431.40 0.98 1394.02 1210.30 0.04 1321.69 1421.64 0.64 1434.94 1365.76 0.46 1209.62 1423.67 0.11 1285.31 1380.15 0.07 1239.52 1468.35 0.03 1270.19 1450.93 0.04
2540 1165.14 909.75 1623.66 1489.91 0.9197
1416.91 1034.85 0.97 1451.13 1028.90 0.99 1427.80 1010.14 0.38 1543.02 1057.19 0.98 1491.48 1004.28 0.01 1438.48 1230.27 0.99 1590.76 1093.32 0.94 1338.61 1422.10 0.96 1482.62 1153.32 0.07 1205.07 1434.89 0.99 1379.86 1187.64 0.04 1320.72 1430.15 0.58 1418.40 1357.41 0.44 1215.06 1438.53 0.06 1272.73 1390.67 0.05 1225.78 1476.52 0.01 1253.21 1450.47 0.02
2550 1164.94 911.32 1630.51 1490.34 0.9229
1424.14 1032.11 0.98 1459.14 1029.48 0.99 1436.19 1007.73 0.42 1546.70 1062.75 0.98 1497.36 1003.08 0.01 1441.33 1233.81 0.99 1593.61 1092.56 0.93 1340.82 1419.97 0.97 1489.69 1148.17 0.07 1211.55 1433.89 0.99 1396.48 1176.56 0.06 1327.44 1421.79 0.61 1426.66 1345.29 0.45 1222.30 1433.00 0.07 1284.38 1377.85 0.06 1234.40 1473.08 0.01 1266.47 1444.18 0.03
2560 1166.55 892.12 1626.68 1489.58 0.9244
1437.78 1010.76 0.07 1435.87 996.78 0.18 1461.74 995.88 0.01 1457.22 1026.92 0.98 1560.77 1014.64 0.16 1435.38 1221.26 0.99 1588.76 1107.09 0.94 1339.43 1415.83 0.96 1504.02 1181.63 0.09 1217.50 1434.17 0.98 1387.16 1210.15 0.05 1327.99 1395.85 0.74 1420.18 1331.91 0.62 1228.97 1427.81 0.14 1283.42 1386.43 0.12 1225.27 1463.58 0.03 1252.93 1447.20 0.05
2570 1160.65 904.49 1625.99 1490.64 0.9310
1411.42 1034.48 0.98 1444.63 1026.82 0.99 1422.63 1010.24 0.38 1538.79 1052.49 0.99 1492.71 1004.39 0.01 1425.30 1222.64 0.99 1595.58 1094.81 0.96 1334.14 1410.97 0.97 1492.30 1133.14 0.11 1214.10 1428.91 0.99 1398.11 1146.40 0.06 1315.77 1438.09 0.58 1426.32 1374.09 0.45 1207.35 1434.57 0.05 1284.33 1396.33 0.05 1236.67 1482.82 0.01 1278.47 1460.49 0.02
2580 1162.82 881.22 1629.50 1489.52 0.9212
1438.47 997.21 0.06 1438.84 981.09 0.19 1462.83 984.82 0.00 1460.93 1013.32 0.99 1565.13 1009.25 0.21 1415.55 1207.70 1.00 1586.33 1110.54 0.96 1329.49 1395.74 0.97 1514.93 1176.26 0.09 1215.20 1421.11 0.98 1404.82 1182.32 0.05 1333.41 1423.96 0.69 1439.70 1373.49 0.50 1208.74 1428.16 0.10 1280.03 1391.73 0.07 1236.93 1470.16 0.02 1270.81 1456.40 0.02
2590 1107.38 970.33 1613.12 1487.71 0.7991
1394.53 1068.37 0.59 1414.41 1069.06 0.68 1423.30 1060.24 0.06 1460.88 1118.13 0.91 1517.80 1086.02 0.06 1346.60 1178.07 0.98 1576.15 1149.03 0.95 1230.43 1307.12 0.92 1485.76 1209.13 0.24 1205.73 1171.29 0.80 1364.12 1168.16 0.06 1251.66 1390.95 0.83 1398.67 1374.76 0.80 1158.27 1418.72 0.06 1278.42 1398.62 0.08 1194.70 1451.43 0.01 1256.65 1449.98 0.02
2630 1130.61 800.55 1656.68 1488.09 0.9097
1501.28 878.55 0.37 1512.52 868.27 0.68 1519.35 874.99 0.02 1540.90 917.16 0.99 1594.45 922.80 0.03 1464.83 1041.48 0.99 1598.12 1059.30 0.97 1386.28 1187.61 0.67 1572.55 1200.13 0.48 1339.94 1193.74 0.10 1503.90 1227.55 0.09 1325.55 1341.24 0.98 1410.59 1354.66 0.96 1181.12 1441.19 0.44 1270.71 1473.36 0.15 1182.87 1494.05 0.03 1253.47 1496.00 0.01
2660 826.09 848.49 1318.22 1494.25 0.5021
1191.37 1010.42 0.09 1195.77 996.43 0.05 1211.42 1010.50 0.01 1195.93 1026.37 0.64 1281.55 1048.08 0.10 1103.80 1113.17 0.96 1253.92 1183.10 0.87 997.49 979.98 0.98 1180.78 1082.24 0.44 1060.85 894.22 0.98 1139.32 1023.01 0.40 1016.41 1357.88 0.93 1148.62 1399.55 0.89 931.64 1436.06 0.34 1158.59 1487.98 0.33 903.03 1450.99 0.02 1140.57 1485.35 0.05
2670 896.49 838.05 1308.57 1486.76 0.8744
1103.82 942.28 0.02 1103.82 928.00 0.03 1128.42 930.43 0.00 1114.39 950.74 0.92 1221.46 946.50 0.44 1059.48 1058.29 1.00 1267.58 1053.73 0.95 1004.17 1151.93 0.91 1217.77 1105.95 0.12 984.68 1057.36 0.66 1100.82 1036.03 0.06 1083.44 1353.69 0.99 1241.78 1359.08 0.95 1004.24 1383.23 0.79 1220.96 1429.76 0.36 960.11 1419.08 0.37 1194.92 1471.41 0.11
2680 825.23 856.37 1313.26 1488.64 0.8471
1111.85 959.30 0.02 1110.04 942.82 0.04 1136.14 949.27 0.01 1113.41 969.73 0.95 1225.32 974.94 0.57 1049.06 1072.78 0.99 1268.63 1093.63 0.97 918.70 1158.28 0.88 1290.57 1213.58 0.69 961.62 1129.41 0.14 1272.57 1107.72 0.18 1078.25 1381.57 0.96 1229.38 1395.37 0.92 965.90 1324.87 0.80 1235.58 1336.71 0.49 903.89 1454.70 0.36 1211.83 1455.59 0.16
2690 849.68 784.41 1304.29 1487.63 0.9403
1104.39 878.16 0.03 1103.74 863.09 0.04 1124.58 866.58 0.01 1107.83 880.40 0.90 1197.58 881.30 0.43 1061.06 995.74 1.00 1254.54 990.46 0.99 933.29 1055.09 0.99 1275.96 1140.28 0.88 884.81 945.20 0.97 1225.39 1174.75 0.16 1113.67 1273.29 0.99 1238.11 1261.24 0.97 1024.19 1355.89 0.85 1156.78 1298.11 0.43 1018.72 1479.55 0.79 1141.91 1401.19 0.53
2700 865.64 829.24 1385.33 1487.57 0.9122
1191.35 929.85 0.01 1189.48 917.93 0.01 1213.23 916.99 0.00 1182.44 942.75 0.77 1285.34 933.43 0.69 1157.30 1051.45 1.00 1332.60 1028.31 0.96 982.55 1047.00 0.99 1334.18 1131.62 0.17 920.04 953.04 0.99 1275.29 1157.69 0.05 1212.71 1342.26 0.98 1340.74 1318.69 0.93 1097.69 1359.96 0.76 1287.70 1308.42 0.30 1093.65 1478.46 0.36 1275.23 1413.39 0.19
2710 1058.93 671.92 1545.07 1439.82 0.8934
1422.78 771.75 0.95 1440.79 778.60 0.95 1438.32 771.14 0.20 1434.85 849.54 0.96 1464.16 823.30 0.02 1334.81 916.96 1.00 1410.78 923.96 0.93 1203.47 801.26 0.97 1323.08 828.50 0.65 1197.08 661.80 0.83 1319.30 747.94 0.69 1227.28 1150.07 0.98 1263.63 1145.68 0.89 1168.93 1249.05 0.97 1189.36 1218.15 0.71 1159.84 1403.56 0.86 1192.95 1333.78 0.63
2720 1118.33 709.47 1477.95 1475.78 0.8102
1313.35 795.22 0.49 1328.07 785.47 0.48 1330.05 778.82 0.05 1375.88 821.03 0.86 1389.91 796.45 0.06 1393.40 956.01 0.99 1374.87 882.43 0.94 1398.74 1059.12 0.69 1339.26 907.48 0.21 1388.68 923.20 0.28 1316.85 856.47 0.10 1249.61 1157.99 0.98 1247.55 1129.27 0.96 1186.37 1262.00 0.87 1186.63 1265.70 0.88 1189.01 1373.01 0.66 1182.64 1406.05 0.69
2760 984.58 851.19 1463.17 1486.21 0.9038
1345.44 949.39 0.02 1342.22 924.61 0.02 1366.18 945.65 0.00 1322.71 942.76 0.85 1422.47 980.26 0.27 1195.13 1052.25 1.00 1396.62 1108.08 0.94 1049.84 1173.65 0.99 1310.93 1171.42 0.09 1037.83 1043.32 0.98 1214.89 1064.59 0.05 1059.89 1364.87 0.96 1196.86 1392.59 0.81 1029.64 1381.77 0.18 1124.79 1410.77 0.07 1057.17 1454.25 0.02 1105.57 1469.89 0.02
2770 993.49 736.93 1498.60 1434.27 0.9404
1305.19 833.18 0.20 1307.95 819.47 0.35 1321.60 817.64 0.02 1333.28 839.46 0.97 1399.57 829.50 0.21 1323.37 956.67 1.00 1465.41 933.97 0.93 1218.36 1073.92 0.99 1430.80 1052.58 0.12 1106.03 1061.12 0.98 1303.42 1075.88 0.09 1332.14 1204.25 0.99 1427.70 1188.25 0.95 1188.27 1306.80 0.98 1280.44 1283.44 0.81 1099.90 1399.60 0.96 1231.13 1369.28 0.83
2780 1081.91 776.68 1376.35 1224.57 0.7056
1175.94 880.92 0.63 1184.72 879.58 0.18 1187.51 859.30 0.03 1228.33 901.90 0.76 1246.55 845.88 0.02 1313.98 1002.90 1.00 1238.15 848.70 0.99 1320.28 1168.09 1.00 1192.26 875.90 0.58 1237.52 1184.10 0.99 1157.02 875.44 0.55 1207.43 1131.52 0.98 1153.40 1050.23 0.99 1124.80 1229.85 0.50 1087.30 1160.67 0.79 1136.52 1345.86 0.07 1105.13 1307.01 0.23
2790 1144.61 772.98 1449.77 1306.15 0.8248
1248.13 877.05 0.10 1247.94 870.92 0.27 1276.12 855.11 0.00 1277.48 903.26 0.99 1368.68 860.00 0.06 1377.72 1069.16 1.00 1353.36 906.41 0.97 1316.69 1251.73 0.99 1264.62 992.46 0.45 1215.79 1181.30 0.99 1203.96 1057.40 0.20 1207.35 1218.65 0.88 1191.43 1118.95 0.79 1099.01 1236.01 0.08 1065.72 1137.75 0.08 1118.95 1276.70 0.01 1120.98 1232.95 0.02
2800 967.83 677.98 1417.05 1414.36 0.9320
1215.08 783.74 0.12 1213.23 766.76 0.22 1230.38 764.29 0.01 1230.96 773.93 0.97 1309.61 764.55 0.23 1226.83 918.20 1.00 1375.63 870.62 0.99 1117.94 1029.13 0.99 1390.70 987.18 0.73 1022.97 1004.24 0.98 1328.03 1009.64 0.20 1219.09 1170.25 0.99 1309.77 1145.47 0.98 1138.47 1272.96 0.96 1221.18 1241.38 0.65 1114.05 1395.66 0.91 1194.85 1324.10 0.63
2810 922.51 938.51 1399.07 1485.33 0.8222
1116.48 1068.62 0.83 1137.35 1060.13 0.89 1136.78 1040.11 0.05 1237.89 1084.82 0.97 1209.92 1031.94 0.01 1321.06 1232.02 0.99 1235.10 1079.49 0.92 1311.23 1413.28 0.83 1108.21 1218.00 0.19 1187.41 1463.98 0.59 1025.65 1326.69 0.08 1161.11 1454.17 0.60 1106.04 1355.16 0.63 1101.55 1434.31 0.05 994.85 1353.46 0.16 1077.42 1438.92 0.01 1000.01 1401.57 0.05
2940 934.10 763.07 1327.49 1488.18 0.9387
1263.39 875.10 0.01 1245.12 846.05 0.00 1270.68 870.84 0.01 1176.86 834.24 0.83 1277.97 888.14 0.91 1070.42 926.02 1.00 1268.76 1041.50 1.00 955.05 961.65 0.98 1283.43 1183.49 0.98 1022.04 876.55 0.80 1275.98 1254.64 0.97 1034.76 1200.21 0.99 1151.32 1250.06 0.99 1014.70 1301.94 0.98 1114.58 1378.64 0.94 999.58 1417.27 0.91 1071.45 1466.40 0.79
2950 895.86 947.18 1497.49 1495.20 0.9003
1418.03 1120.41 0.02 1408.29 1085.19 0.01 1419.20 1128.20 0.02 1366.45 1039.17 0.72 1417.38 1131.47 0.83 1252.71 1020.62 0.99 1346.70 1211.40 0.99 1098.78 991.74 0.97 1292.49 1327.51 0.70 1042.94 983.50 0.79 1263.52 1363.87 0.39 1111.46 1213.59 0.99 1202.17 1311.82 0.98 1052.58 1287.05 0.92 1170.73 1397.45 0.94 991.83 1363.78 0.87 1141.81 1463.51 0.92
2960 857.62 920.49 1397.23 1490.02 0.8872
1347.06 1035.50 0.03 1336.03 1000.10 0.01 1349.04 1038.28 0.06 1275.14 955.83 0.38 1332.56 1037.88 0.94 1145.62 952.74 0.99 1264.58 1143.96 1.00 992.61 1060.59 0.73 1220.65 1252.31 0.52 988.24 1060.23 0.16 1167.40 1214.95 0.08 993.73 1178.91 0.93 1092.47 1273.27 0.95 968.03 1173.26 0.48 1046.47 1335.01 0.78 923.68 1285.27 0.81 1025.14 1472.76 0.92
2970 774.90 898.68 1373.63 1492.09 0.7525
1310.60 1035.08 0.05 1299.54 998.72 0.00 1315.59 1031.56 0.03 1232.80 958.66 0.12 1288.92 1022.90 0.74 1129.29 1001.35 0.95 1118.50 1081.74 0.98 963.37 1053.13 0.61 949.92 1078.63 0.68 916.09 1117.21 0.22 917.07 1120.82 0.39 1041.54 1283.74 0.95 1048.64 1330.25 0.95 1000.53 1393.16 0.51 979.74 1420.28 0.53 950.89 1455.12 0.15 924.74 1474.72 0.17
3050 870.73 853.62 1358.03 1489.28 0.8967
1294.35 979.50 0.16 1288.30 947.05 0.02 1298.44 973.45 0.25 1236.74 896.53 0.22 1278.15 952.33 0.96 1111.60 890.43 0.99 1214.18 1030.76 1.00 974.53 1030.28 0.55 1158.40 1183.09 0.97 953.11 1126.52 0.13 1147.82 1278.95 0.94 942.19 1169.34 0.97 1022.65 1236.80 0.99 950.52 1271.51 0.69 1002.39 1395.97 0.85 927.10 1320.29 0.57 967.43 1473.57 0.58
3060 722.38 987.89 1253.80 1486.51 0.9061
1197.18 1117.08 0.02 1180.37 1077.44 0.01 1200.99 1118.10 0.02 1118.36 1032.15 0.65 1195.13 1122.41 0.90 990.85 1051.33 1.00 1149.26 1241.66 0.99 827.17 1090.28 0.98 1090.28 1370.31 0.39 785.02 1113.77 0.92 1016.30 1365.56 0.06 840.45 1324.36 0.94 971.98 1422.07 0.87 831.16 1323.58 0.21 999.42 1461.93 0.08 794.53 1428.95 0.05 939.40 1491.43 0.03
3070 717.12 992.56 1276.81 1489.09 0.8978
1224.63 1114.90 0.02 1205.92 1076.68 0.01 1228.31 1115.70 0.03 1125.83 1039.17 0.65 1217.07 1125.28 0.95 989.54 1079.05 1.00 1154.00 1279.66 0.99 824.41 1168.30 0.90 1117.26 1424.91 0.50 766.69 1204.52 0.43 1073.58 1439.62 0.06 847.87 1364.49 0.77 977.49 1458.99 0.65 882.99 1383.12 0.03 1030.39 1494.95 0.02 853.11 1453.17 0.01 984.02 1496.00 0.01
3150 609.13 920.75 1129.99 1491.23 0.8728
1025.27 1075.76 0.09 1013.86 1037.12 0.01 1027.86 1079.05 0.08 934.44 981.58 0.18 988.52 1067.99 0.88 833.29 955.11 0.96 830.35 1147.80 1.00 805.60 996.33 0.40 806.92 1293.56 0.97 835.18 985.37 0.28 837.43 1387.62 0.92 735.79 1263.51 0.81 760.03 1359.02 0.90 802.93 1381.30 0.11 815.75 1452.46 0.21 748.58 1420.31 0.03 765.66 1469.44 0.06
3160 583.44 831.76 1079.04 1488.21 0.9538
1004.01 987.14 0.40 1004.94 962.78 0.03 1010.69 977.76 0.34 968.71 920.49 0.10 980.84 943.88 0.87 924.77 925.81 0.96 768.73 993.95 1.00 898.92 998.35 0.53 636.90 1101.45 0.99 924.01 1065.47 0.46 662.93 1243.99 0.97 808.98 1160.27 0.92 707.10 1200.40 0.97 790.45 1264.54 0.87 709.43 1341.46 0.96 772.05 1328.98 0.92 685.80 1450.68 0.94
3170 582.41 838.73 1070.80 1488.33 0.9330
998.13 999.63 0.38 995.33 972.64 0.04 1003.01 990.84 0.34 953.87 928.63 0.14 970.00 960.40 0.84 904.63 943.07 0.95 758.74 1001.03 1.00 869.70 1011.65 0.35 633.89 1104.44 0.99 904.35 1050.60 0.29 657.51 1228.42 0.99 799.57 1180.60 0.90 702.92 1219.70 0.96 787.65 1274.21 0.91 704.40 1343.10 0.96 768.59 1333.74 0.92 683.58 1447.08 0.91
3180 573.37 846.23 1101.06 1487.83 0.9333
994.60 995.79 0.09 983.00 968.67 0.01 990.56 999.26 0.06 929.72 935.25 0.21 947.90 997.43 0.76 894.23 922.90 0.97 740.58 1015.22 1.00 902.66 994.62 0.69 623.67 1112.57 0.98 954.33 1042.16 0.59 651.89 1224.84 0.97 797.72 1169.65 0.96 700.05 1219.45 0.98 785.48 1277.91 0.93 699.38 1336.76 0.96 758.65 1341.32 0.94 684.24 1441.91 0.95
3190 579.87 820.25 1044.83 1487.08 0.9404
970.38 985.57 0.47 972.55 963.24 0.03 971.54 972.91 0.38 939.38 918.72 0.05 929.04 933.63 0.79 887.28 932.21 0.96 747.39 987.69 1.00 885.06 1012.70 0.57 630.97 1116.68 0.99 949.50 1040.18 0.66 668.29 1239.62 0.98 796.62 1182.28 0.94 699.00 1216.89 0.97 789.44 1275.18 0.95 703.77 1338.24 0.96 760.90 1338.96 0.94 684.86 1438.11 0.91
3200 572.73 793.13 1009.67 1484.66 0.9393
907.66 968.28 0.98 937.42 948.79 0.87 892.67 940.16 0.98 965.48 903.27 0.15 848.22 880.75 0.88 908.90 923.38 0.90 734.08 978.21 1.00 871.17 999.70 0.57 628.08 1125.57 0.98 940.71 1035.24 0.82 671.42 1266.05 0.98 811.84 1193.09 0.93 700.13 1221.65 0.97 788.97 1288.76 0.89 703.47 1343.62 0.97 753.85 1345.24 0.83 686.59 1441.94 0.89
3210 572.61 792.27 1009.64 1485.46 0.9393
899.86 965.49 0.98 931.91 947.71 0.91 885.42 935.78 0.98 965.36 907.68 0.21 845.50 877.95 0.84 911.62 927.32 0.90 735.96 974.99 1.00 874.06 997.40 0.58 629.02 1122.32 0.98 940.45 1035.72 0.82 667.02 1255.48 0.97 811.18 1193.75 0.94 698.48 1218.52 0.98 789.10 1291.10 0.90 701.53 1344.65 0.97 754.85 1346.93 0.84 686.93 1447.99 0.90
3220 582.30 848.84 1086.10 1486.80 0.9272
992.26 999.53 0.09 979.41 973.71 0.01 984.89 1003.99 0.06 922.31 940.67 0.18 935.00 1003.48 0.73 886.58 929.69 0.97 740.73 1014.96 1.00 915.00 1006.97 0.72 632.31 1127.82 0.99 960.98 1036.69 0.63 669.89 1253.01 0.98 794.63 1185.06 0.95 703.06 1232.09 0.98 779.28 1290.43 0.87 703.00 1349.70 0.96 758.50 1336.65 0.86 682.69 1442.74 0.92
3230 590.83 821.77 1113.27 1488.67 0.9070
917.33 970.72 0.22 907.55 946.75 0.03 896.63 972.59 0.16 866.38 915.55 0.04 818.34 974.55 0.64 862.22 897.15 0.97 686.34 1005.56 0.99 959.30 959.07 0.98 664.81 1184.16 0.99 1043.98 1006.51 0.98 878.68 1201.73 0.99 830.63 1143.28 0.95 725.28 1200.02 0.98 859.50 1246.59 0.48 734.41 1351.02 0.93 776.32 1316.61 0.42 706.29 1446.09 0.85
3240 685.44 928.19 1130.91 1478.07 0.9051
1021.25 1154.02 0.29 1038.92 1143.31 0.13 1009.90 1140.16 0.28 1061.97 1104.74 0.25 973.44 1090.31 0.52 1076.05 1060.94 0.96 872.17 988.89 0.97 1055.03 1184.42 0.99 729.36 978.97 0.99 1077.90 1307.47 0.99 734.17 1150.12 0.99 937.97 1224.82 0.93 824.42 1195.66 0.97 867.43 1374.20 0.35 800.67 1386.81 0.75 835.19 1353.33 0.11 794.74 1410.18 0.27
3340 988.76 803.96 1267.62 1487.15 0.8697
1070.43 901.19 0.08 1067.00 883.36 0.21 1090.22 882.97 0.01 1083.09 897.33 0.99 1174.67 889.80 0.24 1127.99 1017.49 1.00 1206.20 977.86 0.96 1176.15 1228.49 0.99 1154.07 1046.03 0.52 1090.94 1396.06 0.97 1052.30 1059.14 0.78 1158.91 1335.15 0.96 1228.80 1310.85 0.90 1101.66 1442.14 0.28 1167.81 1422.17 0.19 1098.23 1458.66 0.03 1162.61 1459.08 0.04
3350 987.17 988.32 1381.39 1493.95 0.9052
1166.63 1101.06 0.09 1168.44 1085.99 0.09 1192.94 1079.95 0.01 1186.76 1111.81 0.84 1278.86 1085.96 0.10 1183.47 1280.02 0.99 1312.86 1182.20 0.93 1211.66 1481.02 0.73 1229.36 1187.31 0.67 1092.75 1450.32 0.21 1127.60 1180.24 0.92 1241.87 1496.00 0.29 1327.54 1446.78 0.27 1102.73 1375.96 0.21 1149.74 1344.38 0.16 1061.37 1444.74 0.10 1117.85 1441.88 0.07
3360 899.58 623.11 1430.96 1482.80 0.9066
1280.49 905.94 0.37 1286.82 894.95 0.47 1297.19 912.06 0.04 1285.22 944.28 0.94 1356.92 971.09 0.15 1155.17 1008.98 1.00 1350.69 1068.07 0.96 1036.31 855.95 1.00 1329.31 959.55 0.65 1052.77 692.78 0.99 1303.98 875.85 0.74 1092.04 1272.06 0.98 1196.86 1301.19 0.94 1033.56 1362.91 0.94 1141.24 1375.11 0.86 1010.21 1470.21 0.72 1105.81 1468.85 0.73
3370 1001.52 867.86 1442.00 1484.45 0.8414
1268.15 945.01 0.14 1276.90 930.37 0.20 1291.80 940.92 0.02 1283.94 972.01 0.97 1378.87 979.92 0.30 1179.18 1118.40 0.99 1396.74 1078.62 0.99 1081.90 1309.92 0.91 1347.84 1098.12 0.38 1041.69 1176.63 0.66 1270.49 1037.71 0.08 1103.42 1389.70 0.84 1233.45 1372.96 0.80 1042.85 1419.55 0.04 1121.32 1388.74 0.05 1075.12 1450.02 0.01 1110.82 1431.12 0.01
3380 988.09 1111.86 1454.30 1491.80 0.8043
1281.98 1179.31 0.10 1276.10 1170.55 0.06 1310.93 1183.65 0.01 1273.71 1212.95 0.66 1409.69 1232.67 0.27 1180.84 1298.75 0.98 1431.11 1342.97 0.73 1046.81 1254.26 0.99 1317.22 1258.94 0.23 1218.38 1203.52 0.98 1266.88 1182.98 0.30 1092.87 1404.27 0.35 1264.77 1440.33 0.17 1074.84 1257.68 0.11 1216.61 1347.53 0.06 1110.59 1345.80 0.03 1201.32 1403.49 0.03
3390 1027.68 929.16 1491.44 1490.12 0.8574
1287.47 1005.32 0.90 1316.76 1010.18 0.95 1309.03 992.90 0.08 1377.55 1089.43 0.98 1371.72 1037.49 0.01 1339.91 1235.65 0.98 1379.47 1106.45 0.95 1253.28 1403.91 0.53 1254.03 1071.04 0.47 1189.54 1422.26 0.09 1248.94 1054.46 0.27 1158.44 1471.18 0.84 1169.04 1409.35 0.88 1137.37 1479.42 0.02 1115.43 1466.76 0.07 1143.81 1496.00 0.00 1125.22 1495.74 0.01
3400 682.98 1119.35 1138.53 1492.29 0.5501
1019.13 1315.72 0.08 1028.58 1291.71 0.06 990.24 1313.17 0.05 1030.61 1249.33 0.09 923.84 1295.45 0.18 1017.40 1172.67 0.85 795.10 1272.57 0.87 1060.51 1281.65 0.86 710.05 1432.63 0.34 1091.60 1410.53 0.96 889.70 1428.32 0.08 1003.22 1314.40 0.65 849.17 1386.80 0.48 1080.79 1381.85 0.06 945.35 1450.34 0.02 1055.40 1400.08 0.03 958.57 1447.90 0.02
