0 542.47 2.39 688.83 393.89 0.4737
571.82 36.42 0.42 577.46 25.17 0.29 566.52 26.66 0.14 596.79 23.13 0.38 566.88 27.59 0.07 631.44 76.44 0.99 582.18 88.45 0.84 654.55 150.11 0.75 584.29 152.69 0.05 586.21 152.07 0.21 583.48 135.11 0.01 636.69 233.96 0.83 598.47 235.67 0.50 638.61 332.75 0.20 599.01 332.27 0.04 648.45 408.12 0.09 614.21 409.31 0.02
10 490.00 1.16 690.81 491.18 0.8464
568.47 44.33 0.34 568.84 33.94 0.23 566.33 35.38 0.02 582.89 29.30 0.64 586.25 32.64 0.04 627.48 71.57 0.99 598.07 79.60 0.95 662.43 145.88 0.94 581.16 153.52 0.74 621.93 196.70 0.75 522.69 166.34 0.75 634.59 239.33 0.96 617.89 239.17 0.87 628.49 348.96 0.89 632.44 344.20 0.69 639.40 445.74 0.70 644.91 434.74 0.44
20 436.19 33.23 701.17 495.58 0.9217
467.84 92.50 0.04 460.39 85.16 0.03 470.41 79.25 0.00 456.74 84.24 0.83 505.92 66.19 0.37 478.14 147.19 1.00 567.82 102.46 0.98 504.24 230.85 0.70 639.83 153.37 0.72 526.48 265.67 0.18 666.07 219.07 0.50 582.10 262.29 0.98 639.83 240.24 0.96 599.77 362.25 0.94 657.49 344.65 0.74 612.70 470.75 0.83 690.13 429.42 0.49
30 576.60 11.04 697.85 410.67 0.4946
611.58 84.51 0.97 619.61 69.27 0.97 600.91 73.77 0.89 646.94 59.63 0.78 595.99 71.71 0.04 681.17 121.14 0.84 620.11 130.25 0.88 694.44 216.63 0.57 605.49 206.20 0.21 643.74 247.59 0.74 595.45 228.26 0.16 686.81 256.84 0.39 645.43 256.87 0.38 654.69 301.80 0.20 632.34 305.02 0.12 666.75 413.19 0.15 656.04 413.67 0.11
40 491.42 114.73 736.22 692.49 0.6601
611.84 201.37 0.94 614.10 184.41 0.69 594.77 190.75 0.97 618.41 172.78 0.04 560.51 188.40 0.94 655.90 218.92 0.99 528.06 233.49 0.98 703.07 322.72 0.64 518.03 335.75 0.70 692.37 367.73 0.28 581.09 338.75 0.46 657.73 399.34 0.97 573.50 406.88 0.96 647.74 521.25 0.98 573.67 526.64 0.98 630.40 622.78 0.99 576.54 635.06 0.98
60 504.01 382.61 899.59 1078.11 0.8072
695.59 504.65 0.01 681.92 483.84 0.00 706.91 487.37 0.00 638.29 482.85 0.42 727.05 489.72 0.46 578.75 588.98 0.99 765.58 611.49 0.99 542.61 720.19 0.90 819.58 759.47 0.97 582.71 680.78 0.16 855.58 710.90 0.83 633.12 818.98 0.99 749.75 829.06 0.99 667.09 911.71 0.96 787.37 912.87 0.96 695.53 1040.78 0.98 808.34 1016.69 0.98
70 409.19 419.89 862.08 1133.44 0.9117
619.28 500.75 0.05 586.72 490.58 0.00 614.69 493.30 0.06 487.55 516.36 0.14 593.92 532.72 0.91 466.58 615.83 0.97 637.40 675.32 1.00 488.15 654.39 0.17 715.66 797.46 0.98 559.24 616.80 0.09 799.95 764.38 0.97 525.36 863.94 0.96 642.56 885.04 0.99 599.98 942.18 0.92 692.20 979.31 0.97 608.53 1056.29 0.97 706.55 1094.05 0.98
80 419.60 404.42 869.78 1133.95 0.9227
644.21 519.99 0.01 616.15 499.58 0.00 644.76 507.97 0.01 525.15 497.34 0.29 626.74 521.61 0.82 475.12 596.22 0.99 653.51 663.59 1.00 449.74 698.86 0.83 736.72 778.50 0.98 503.56 714.71 0.26 808.00 742.83 0.97 534.94 850.30 0.98 647.65 876.62 0.99 596.12 941.43 0.95 687.57 973.01 0.97 605.18 1054.75 0.98 705.70 1091.60 0.98
90 428.08 401.62 878.04 1132.66 0.9179
667.42 527.80 0.01 642.38 505.90 0.00 666.95 516.89 0.01 561.95 496.16 0.18 644.07 525.37 0.60 498.94 590.23 1.00 670.04 661.17 0.99 455.47 704.03 0.95 751.75 792.86 0.99 526.17 728.88 0.41 820.84 734.97 0.97 547.30 843.00 0.98 656.59 871.35 0.99 595.35 941.88 0.94 689.77 970.93 0.96 607.28 1054.59 0.98 707.51 1090.91 0.98
100 387.71 437.79 922.61 1134.38 0.9364
626.63 511.92 0.17 597.34 498.60 0.01 615.08 510.58 0.20 509.81 516.39 0.10 583.48 553.16 0.94 477.33 581.92 0.99 627.90 682.82 1.00 453.71 593.42 0.81 732.30 781.01 0.98 520.80 551.73 0.39 863.76 754.28 0.98 536.77 829.99 0.99 639.34 865.16 0.99 596.56 945.98 0.97 689.58 980.30 0.97 604.52 1057.61 0.98 704.92 1093.12 0.98
110 566.92 407.40 1088.87 1141.54 0.9244
819.36 567.87 0.05 790.64 557.02 0.00 812.06 565.17 0.06 698.20 574.16 0.13 788.48 600.38 0.91 661.15 629.95 1.00 841.90 681.24 1.00 590.72 675.29 0.97 994.96 654.90 0.99 656.83 581.29 0.64 1038.35 509.33 0.98 681.29 836.85 1.00 783.21 860.05 1.00 665.89 945.23 0.99 763.42 992.02 0.98 643.46 1054.77 0.99 756.85 1091.18 0.99
120 532.71 421.94 1168.44 1132.39 0.9178
786.22 585.24 0.12 753.61 580.31 0.01 774.07 589.81 0.09 656.14 608.52 0.08 749.44 639.80 0.84 624.57 663.78 0.99 807.37 709.85 1.00 561.17 691.07 0.95 960.38 625.19 0.99 626.52 606.32 0.59 1058.18 508.44 0.99 653.16 851.46 0.99 750.83 872.55 0.99 658.34 942.03 0.99 746.30 980.88 0.98 658.19 1052.72 0.99 740.65 1086.56 0.99
130 493.60 423.63 847.38 1132.52 0.8798
758.97 558.99 0.07 728.64 539.30 0.01 754.21 552.82 0.04 630.46 534.69 0.19 722.31 573.74 0.81 585.76 602.44 1.00 732.77 706.49 1.00 560.27 574.35 0.88 806.87 800.42 0.81 629.23 514.83 0.69 813.68 752.43 0.38 619.77 832.26 0.99 712.59 868.12 0.99 640.51 955.31 0.99 731.47 975.62 0.98 641.60 1085.70 0.99 744.11 1091.06 0.99
140 490.46 471.97 843.91 1213.35 0.8987
712.21 592.74 0.01 691.96 568.95 0.00 718.68 582.53 0.00 627.40 554.54 0.41 718.47 586.77 0.60 557.92 632.96 0.99 718.62 722.57 1.00 515.15 752.23 0.65 745.98 896.12 0.99 593.65 806.60 0.16 803.74 871.56 0.97 580.97 897.09 0.98 687.25 938.37 0.99 613.59 994.56 0.96 708.64 1044.16 0.97 610.20 1105.77 0.99 723.76 1165.38 0.98
150 523.41 512.34 927.30 1214.32 0.9020
824.05 645.39 0.01 795.33 623.61 0.00 827.08 633.51 0.02 699.15 616.21 0.24 806.33 642.65 0.85 616.10 719.59 1.00 826.94 771.82 1.00 560.72 861.59 0.93 859.63 936.58 0.98 607.95 869.71 0.39 891.80 863.65 0.95 642.07 941.94 0.98 770.73 965.72 0.99 653.00 1005.70 0.98 765.82 1057.89 0.98 627.72 1115.71 0.99 759.39 1174.62 0.98
160 523.44 515.36 930.59 1212.73 0.8969
826.61 647.04 0.02 797.60 625.92 0.00 828.23 635.95 0.02 700.04 619.99 0.20 803.55 647.25 0.86 616.83 721.74 1.00 827.74 774.84 1.00 560.15 865.07 0.94 863.07 938.72 0.98 610.01 865.89 0.40 894.18 859.74 0.95 641.87 942.04 0.98 772.20 965.48 0.99 652.88 1008.19 0.97 767.12 1058.84 0.98 629.11 1116.87 0.98 762.22 1174.45 0.98
170 524.05 514.90 928.00 1213.43 0.8928
834.63 646.99 0.02 806.07 625.61 0.00 836.46 635.28 0.03 707.48 619.63 0.20 811.18 645.94 0.88 621.22 720.67 1.00 831.38 773.19 1.00 561.58 861.87 0.93 865.49 936.28 0.98 609.39 869.48 0.37 894.50 863.97 0.93 643.24 940.31 0.98 773.13 963.79 0.99 653.64 1005.65 0.97 767.81 1055.34 0.98 628.43 1116.81 0.99 761.01 1174.84 0.98
180 527.63 516.54 930.56 1212.24 0.9025
821.02 638.42 0.00 793.83 618.22 0.00 826.51 628.33 0.01 705.33 617.73 0.39 818.20 643.73 0.85 623.48 724.22 1.00 836.71 780.44 1.00 563.57 863.24 0.95 866.87 940.62 0.98 613.84 873.36 0.39 897.53 865.61 0.93 643.18 949.71 0.99 772.30 976.14 0.99 655.46 1007.58 0.96 768.47 1059.84 0.97 630.63 1115.45 0.98 761.52 1172.69 0.98
190 530.08 520.84 986.50 1214.03 0.9190
852.19 642.04 0.01 825.43 617.34 0.00 854.33 632.13 0.02 727.21 604.98 0.27 827.62 641.57 0.90 627.78 699.39 1.00 827.14 783.17 1.00 561.51 839.74 0.95 862.95 937.54 0.99 629.44 855.24 0.33 928.87 875.10 0.98 637.77 944.20 0.99 756.70 982.26 0.98 655.84 1013.14 0.97 748.96 1068.04 0.96 644.17 1113.58 0.98 743.00 1170.65 0.98
200 524.20 516.57 1006.70 1212.56 0.9150
849.63 650.35 0.02 823.25 626.38 0.00 850.57 640.34 0.02 728.31 614.77 0.17 823.85 650.18 0.85 633.13 703.30 1.00 831.76 787.40 1.00 555.18 831.40 0.95 877.99 920.72 0.99 613.32 845.72 0.37 946.30 847.73 0.98 639.40 934.75 0.99 758.90 971.11 0.99 654.09 1007.48 0.97 748.00 1059.19 0.97 639.61 1114.10 0.99 738.76 1168.60 0.98
210 558.78 447.69 1052.87 1177.39 0.9171
852.33 569.69 0.00 830.40 544.94 0.00 860.54 561.50 0.00 755.76 532.64 0.61 864.54 569.19 0.83 666.85 621.79 1.00 874.51 687.26 1.00 587.18 738.62 0.98 912.75 800.66 0.99 647.64 738.93 0.50 981.56 755.35 0.94 678.05 860.31 0.99 799.19 888.23 0.99 679.79 995.97 0.98 784.22 1008.73 0.98 674.92 1111.45 0.98 779.57 1120.32 0.98
220 546.08 455.67 1023.32 1179.65 0.9218
854.39 567.84 0.02 826.77 548.02 0.00 855.81 555.96 0.03 727.64 549.95 0.29 835.16 572.57 0.91 649.42 645.49 1.00 856.85 700.22 1.00 582.52 760.09 0.97 901.15 839.11 0.99 631.45 750.67 0.44 970.21 768.24 0.98 668.12 888.94 0.99 790.35 910.70 0.99 678.16 1009.15 0.97 777.98 1029.44 0.96 670.27 1114.82 0.97 777.86 1131.89 0.96
230 524.96 469.76 929.98 1176.83 0.8847
825.22 591.59 0.00 799.35 571.35 0.00 833.14 579.30 0.01 713.10 570.26 0.48 831.02 590.00 0.82 639.37 674.91 1.00 851.72 708.07 0.99 566.40 800.83 0.95 884.43 857.28 0.97 586.30 782.93 0.27 898.98 793.49 0.68 664.68 911.27 0.99 795.86 922.88 0.98 676.90 1007.42 0.95 784.33 1017.42 0.91 678.12 1126.15 0.97 777.80 1123.39 0.95
240 495.56 451.90 897.38 1165.12 0.9114
776.61 560.59 0.01 753.73 539.14 0.00 781.56 545.46 0.01 674.86 536.66 0.34 771.05 553.78 0.65 593.32 653.35 1.00 794.62 686.75 0.99 537.54 787.74 0.97 829.24 846.88 0.99 561.41 773.60 0.48 863.82 786.15 0.94 632.69 902.55 0.99 752.29 917.61 0.99 662.18 1010.70 0.96 759.29 1017.19 0.94 675.43 1119.32 0.98 771.46 1105.77 0.98
250 493.13 452.44 877.53 1165.97 0.8990
790.18 569.04 0.07 763.67 549.26 0.01 786.78 554.13 0.07 669.24 548.73 0.18 755.30 566.75 0.80 594.38 661.55 1.00 797.99 688.58 0.99 532.23 789.36 0.97 837.65 848.09 0.96 567.50 768.94 0.36 838.17 784.99 0.56 634.87 901.55 0.99 757.09 910.63 0.99 662.99 1010.17 0.96 760.57 1019.40 0.94 675.19 1118.33 0.98 772.12 1116.52 0.98
260 493.34 451.36 878.16 1166.96 0.8980
790.76 574.05 0.07 763.90 554.02 0.01 787.82 558.63 0.08 667.51 552.28 0.19 756.20 569.71 0.82 593.71 665.21 1.00 797.37 692.45 0.99 532.27 792.00 0.97 836.61 851.35 0.97 569.25 770.56 0.34 840.67 786.70 0.57 635.07 907.38 0.99 756.74 916.46 0.99 664.04 1015.86 0.95 759.29 1024.28 0.94 677.12 1120.65 0.97 769.73 1118.46 0.97
270 495.41 451.98 877.73 1167.40 0.8893
791.82 576.63 0.07 764.93 555.89 0.01 789.38 561.00 0.08 668.30 553.24 0.20 757.96 571.37 0.83 593.43 666.29 1.00 795.47 692.32 0.99 534.56 795.56 0.96 834.99 851.42 0.97 568.04 773.97 0.34 841.00 797.13 0.61 634.68 901.77 0.99 757.15 910.75 0.99 662.35 1011.84 0.96 760.11 1019.51 0.95 675.73 1122.05 0.98 771.63 1117.91 0.97
280 557.38 453.97 985.13 1195.37 0.9227
856.29 571.21 0.00 840.62 552.35 0.00 867.13 561.43 0.00 789.45 556.16 0.74 894.66 575.28 0.77 710.37 660.40 1.00 929.10 688.52 0.99 596.10 740.22 0.99 943.31 803.15 0.87 637.41 641.04 0.90 886.24 766.90 0.37 724.93 901.82 0.99 846.71 908.13 0.98 721.79 1008.04 0.96 809.03 996.37 0.90 726.43 1141.54 0.98 789.00 1093.68 0.97
290 580.43 409.30 948.03 1174.23 0.9140
787.47 492.52 0.48 799.71 485.06 0.53 804.39 475.53 0.01 844.42 512.09 0.95 871.31 481.34 0.02 845.30 661.36 1.00 901.05 556.48 0.96 817.66 801.66 0.99 796.61 565.06 0.56 671.36 815.67 0.99 736.54 521.60 0.60 806.30 850.23 0.99 857.89 802.24 0.96 763.92 975.25 0.97 818.71 927.93 0.77 753.30 1116.51 0.95 811.03 1022.83 0.84
300 314.28 488.65 885.45 1204.13 0.9463
679.61 590.07 0.77 705.99 590.53 0.68 694.95 567.18 0.04 770.97 626.13 0.89 735.38 563.83 0.01 780.20 777.19 0.99 725.66 629.28 0.99 693.76 930.79 0.99 555.65 636.94 0.99 525.00 1021.43 0.99 402.27 641.32 0.99 743.55 963.98 0.96 725.03 896.58 0.94 735.11 1057.72 0.81 746.55 996.98 0.52 756.64 1150.21 0.90 773.19 1083.23 0.75
310 468.54 460.20 866.45 1205.45 0.7871
686.18 607.11 0.27 695.75 595.10 0.24 694.81 581.24 0.01 747.50 591.56 0.81 744.49 554.47 0.03 768.26 759.65 1.00 792.80 611.64 0.97 745.29 919.94 0.99 694.90 655.80 0.96 595.81 882.25 0.99 590.68 676.73 0.99 758.02 929.56 0.95 776.22 857.70 0.87 759.20 1017.55 0.89 761.94 952.48 0.49 769.29 1138.03 0.94 780.26 1061.75 0.75
320 506.79 110.08 758.79 714.05 0.8817
619.36 185.90 0.01 613.05 174.81 0.01 628.35 174.70 0.00 590.88 179.61 0.81 662.24 179.51 0.71 559.81 258.93 1.00 702.58 258.10 1.00 538.45 376.09 0.99 734.15 378.13 0.88 535.28 456.97 0.96 706.28 453.97 0.46 594.68 455.11 1.00 685.32 452.04 1.00 601.25 567.22 0.97 672.24 562.62 0.97 627.03 664.32 0.92 664.34 663.78 0.94
330 517.22 0.00 695.44 494.80 0.9032
562.09 25.63 0.05 559.53 16.53 0.03 566.25 15.85 0.01 555.70 23.24 0.59 597.80 19.52 0.37 550.92 91.03 0.99 635.60 83.47 0.99 552.08 187.60 0.95 662.37 173.37 0.85 550.40 259.20 0.89 636.08 222.51 0.52 581.71 257.52 0.99 640.67 252.38 0.99 571.68 361.53 0.99 637.35 354.48 0.99 578.70 462.46 0.98 638.21 448.07 0.98
340 493.44 0.29 673.31 494.97 0.8600
563.32 24.42 0.02 557.59 15.26 0.01 566.41 14.49 0.01 537.77 20.22 0.51 585.88 18.07 0.53 524.34 88.61 0.99 618.81 81.12 0.99 524.96 183.53 0.91 647.56 164.99 0.89 526.79 251.07 0.79 635.56 213.09 0.63 557.41 251.02 0.99 621.49 246.13 0.99 564.70 356.67 0.99 627.73 347.47 0.99 577.62 461.66 0.99 637.82 445.45 0.99
350 493.36 0.00 672.53 494.78 0.9267
558.96 31.86 0.02 553.34 22.78 0.01 563.06 21.86 0.01 535.05 25.48 0.62 585.01 22.88 0.57 521.39 89.65 0.99 617.40 82.11 0.99 522.24 184.34 0.90 645.89 166.63 0.89 524.18 248.76 0.74 634.40 210.89 0.59 555.39 249.11 0.99 620.01 244.24 0.99 562.96 355.04 0.99 625.68 346.88 0.99 577.54 461.76 0.99 638.09 446.21 0.99
360 489.84 0.14 669.69 495.06 0.4364
560.82 31.83 0.02 555.18 22.64 0.01 564.58 22.00 0.01 535.03 25.25 0.62 585.02 23.49 0.59 519.92 90.00 0.99 616.05 82.53 0.99 518.40 183.35 0.91 644.78 164.07 0.89 520.36 250.30 0.79 636.12 211.07 0.67 553.79 248.47 0.99 618.50 243.78 0.99 563.40 354.60 0.99 625.37 346.64 0.99 577.12 461.79 0.99 637.41 448.18 0.99
370 494.82 0.51 672.78 495.16 0.9176
570.17 28.16 0.02 564.65 18.92 0.01 574.59 18.61 0.01 543.67 22.25 0.65 594.00 21.59 0.61 525.45 88.07 0.99 622.90 84.49 1.00 523.55 184.34 0.93 648.79 170.44 0.92 523.64 251.87 0.81 634.91 218.17 0.67 555.53 250.73 0.99 620.82 247.55 0.99 563.06 357.29 0.99 624.84 349.73 0.99 577.28 462.47 0.99 637.60 447.97 0.99
380 454.29 2.55 614.00 511.35 0.8891
568.27 50.88 0.18 565.64 39.58 0.01 566.85 40.58 0.11 523.79 36.12 0.08 549.77 42.29 0.71 507.06 86.23 0.92 510.65 102.74 0.99 534.61 179.38 0.07 526.19 211.02 0.93 573.40 247.44 0.07 573.26 287.91 0.80 535.64 259.60 0.91 535.80 271.79 0.97 567.61 369.31 0.93 544.96 378.70 0.97 583.45 456.17 0.86 546.95 470.23 0.90
390 553.18 10.25 698.74 548.30 0.5838
684.58 74.46 0.08 685.46 63.58 0.01 682.20 63.70 0.06 658.06 57.96 0.11 668.65 60.77 0.66 650.98 109.06 0.94 617.75 112.72 0.99 644.51 198.55 0.14 580.88 197.65 0.62 637.35 261.42 0.10 587.68 270.59 0.40 643.14 278.11 0.89 621.27 283.61 0.95 640.44 370.52 0.79 613.25 385.36 0.91 626.64 466.30 0.75 612.06 494.76 0.82
400 532.32 225.47 828.12 881.99 0.9032
664.95 323.50 0.91 678.11 306.84 0.90 649.33 309.83 0.86 700.79 298.99 0.70 630.05 305.11 0.62 724.89 344.84 0.96 604.53 370.97 0.99 738.50 447.64 0.56 583.38 501.42 0.97 727.14 537.01 0.32 634.18 611.94 0.98 721.26 561.24 0.99 637.65 575.41 0.99 750.30 697.58 0.97 650.05 696.71 0.98 772.98 807.51 0.98 666.38 768.67 0.99
410 342.13 451.28 921.22 1087.07 0.9408
689.48 574.20 0.16 708.03 562.93 0.12 686.79 554.47 0.02 763.58 555.67 0.46 688.25 534.91 0.04 853.53 604.55 0.98 648.13 574.02 0.99 883.12 728.71 0.99 548.07 656.62 0.99 861.43 847.60 0.99 425.50 687.30 0.99 790.48 842.75 0.99 683.91 827.95 0.99 791.30 953.04 0.93 705.33 944.65 0.93 805.05 1015.66 0.95 715.36 993.14 0.96
420 513.17 397.74 840.05 1075.94 0.8262
728.38 506.73 0.04 742.22 488.90 0.02 705.46 493.27 0.03 755.89 475.12 0.17 655.77 483.97 0.49 784.21 535.33 0.96 587.54 551.50 0.99 834.68 635.62 0.39 540.07 674.17 0.98 823.99 652.59 0.10 560.38 706.47 0.98 756.21 757.36 0.93 655.71 774.15 0.97 761.62 818.68 0.88 691.31 856.32 0.95 760.44 932.76 0.97 706.82 976.89 0.98
430 584.91 602.81 999.71 1297.67 0.8934
837.75 733.62 0.41 813.44 707.52 0.03 823.99 732.14 0.45 725.92 686.66 0.05 759.14 749.57 0.90 657.05 706.57 0.93 724.06 885.46 1.00 713.14 758.99 0.19 784.39 1009.83 0.99 791.02 823.03 0.12 906.68 1038.26 0.99 660.76 953.13 0.89 699.68 1024.50 0.97 721.52 1065.71 0.81 718.66 1119.73 0.96 702.32 1194.25 0.79 692.13 1250.07 0.92
440 507.70 577.04 986.47 1227.61 0.9237
829.64 727.87 0.09 818.49 704.06 0.02 809.14 734.31 0.04 784.58 669.79 0.07 734.33 738.45 0.40 772.15 639.17 0.98 614.02 769.40 0.99 851.71 710.52 0.99 557.80 897.64 0.99 934.66 790.78 0.99 715.80 928.87 0.99 769.85 875.55 0.98 657.38 939.19 0.99 857.92 985.53 0.78 680.49 1056.26 0.98 818.05 1066.50 0.81 680.36 1118.44 0.98
450 515.66 514.60 975.47 1122.26 0.9216
785.36 643.01 0.15 779.00 625.74 0.01 775.49 638.54 0.11 744.12 608.12 0.02 721.40 636.38 0.61 730.71 616.88 0.96 619.43 699.07 0.99 802.61 650.46 0.97 563.96 818.24 0.99 883.42 701.58 0.97 679.61 895.06 0.98 743.62 827.55 0.97 661.72 865.74 0.98 771.87 918.05 0.90 664.15 952.65 0.97 752.71 1021.50 0.97 648.99 1042.53 0.99
460 563.69 171.73 840.49 818.42 0.7244
719.05 257.21 0.02 710.46 240.92 0.02 728.81 243.87 0.01 678.98 239.34 0.70 748.71 243.49 0.67 630.06 323.66 0.99 779.64 334.85 0.99 602.58 441.23 0.97 814.70 453.53 0.95 594.68 520.88 0.94 802.71 531.60 0.92 646.79 524.04 0.99 743.01 525.94 0.99 652.35 639.34 0.98 742.32 630.42 0.98 672.10 762.10 0.99 743.35 741.45 0.99
470 475.24 1.61 682.75 536.86 0.9172
577.72 48.09 0.01 571.38 38.80 0.00 582.56 38.58 0.01 540.09 42.61 0.78 598.27 43.88 0.77 511.00 111.57 1.00 624.46 115.30 1.00 499.29 205.22 0.94 662.33 206.88 0.99 513.40 253.16 0.69 652.48 252.27 0.92 544.82 280.24 1.00 618.78 282.91 1.00 565.34 375.21 0.98 623.30 388.04 1.00 577.11 460.93 0.97 613.10 499.60 0.99
480 493.95 0.95 689.64 497.30 0.9252
589.98 33.69 0.01 583.21 24.74 0.01 593.17 24.26 0.01 553.72 26.88 0.74 606.45 27.07 0.78 526.46 91.43 1.00 637.91 91.46 1.00 516.20 181.88 0.89 663.20 179.31 0.98 530.69 226.88 0.59 674.80 242.08 0.92 558.84 253.76 1.00 631.29 252.93 1.00 570.09 354.14 0.99 635.78 353.40 1.00 579.06 457.78 0.98 637.20 459.62 0.99
490 493.52 1.07 688.86 497.54 0.9265
589.11 35.24 0.01 582.77 26.35 0.01 592.67 25.88 0.01 554.65 28.48 0.79 607.47 28.54 0.80 527.12 92.89 1.00 639.18 92.78 1.00 515.96 182.79 0.91 664.67 180.19 0.98 530.98 229.37 0.64 673.59 243.05 0.92 559.49 256.04 1.00 631.76 255.10 1.00 570.32 354.32 0.99 635.75 353.85 1.00 579.40 457.79 0.99 636.74 459.49 0.99
500 493.07 1.13 687.82 497.70 0.9247
584.86 33.63 0.01 578.68 24.72 0.01 588.67 24.17 0.01 552.15 26.86 0.77 605.10 26.53 0.75 525.94 91.43 1.00 637.39 90.62 1.00 515.85 182.28 0.90 663.39 178.52 0.98 527.65 230.61 0.64 672.91 242.48 0.93 558.76 255.76 1.00 630.93 254.58 1.00 569.82 354.29 0.99 635.75 353.77 1.00 579.07 456.91 0.98 637.06 459.02 0.99
510 492.92 0.97 686.80 498.07 0.9252
585.66 36.98 0.01 579.69 28.02 0.01 589.55 27.56 0.01 552.56 29.25 0.81 605.61 29.25 0.79 525.44 91.74 1.00 636.73 91.34 1.00 515.29 182.07 0.88 661.98 178.60 0.97 527.27 233.84 0.62 672.31 240.82 0.91 558.42 255.03 1.00 630.50 253.98 1.00 569.96 353.74 0.99 634.93 353.21 1.00 578.97 457.03 0.99 636.44 459.01 0.99
520 492.57 0.95 686.75 497.07 0.9271
585.47 37.39 0.01 579.63 28.48 0.01 589.35 28.11 0.01 552.87 29.64 0.81 605.50 29.87 0.79 525.57 91.31 1.00 636.80 91.73 1.00 514.04 179.99 0.90 662.31 178.86 0.98 528.47 226.58 0.61 672.34 243.73 0.93 558.32 253.82 1.00 630.53 253.08 1.00 569.05 351.99 0.99 635.08 351.65 1.00 579.01 455.59 0.99 636.91 457.74 0.99
530 492.96 1.21 686.59 496.73 0.9255
587.37 37.97 0.01 581.12 29.06 0.01 590.74 28.56 0.01 552.64 29.67 0.78 604.77 29.77 0.79 525.39 91.07 1.00 635.96 91.14 1.00 514.93 180.04 0.89 661.80 177.65 0.98 528.51 227.21 0.61 672.37 242.38 0.93 558.50 254.30 1.00 630.27 253.41 1.00 569.24 352.26 0.99 634.82 351.65 0.99 578.75 455.80 0.98 636.69 457.60 0.99
540 492.73 0.96 686.90 497.03 0.9254
583.51 35.77 0.01 577.53 26.72 0.01 587.72 26.24 0.00 551.37 28.26 0.80 605.00 28.02 0.76 524.58 92.51 1.00 636.39 91.76 1.00 514.55 182.15 0.89 662.00 179.02 0.98 528.70 228.50 0.60 671.54 239.71 0.92 557.27 254.02 1.00 630.18 252.81 1.00 569.00 352.90 0.99 635.01 351.74 1.00 579.65 456.48 0.99 636.82 457.39 0.99
550 491.70 1.27 685.47 497.60 0.9220
584.06 35.99 0.01 577.96 26.88 0.01 588.33 26.28 0.01 550.90 28.53 0.80 604.73 28.15 0.77 523.58 94.05 1.00 635.64 93.10 1.00 514.60 187.58 0.89 661.79 182.53 0.96 525.13 243.90 0.63 669.18 237.58 0.86 557.12 257.78 1.00 629.44 256.39 1.00 568.75 354.60 0.99 634.18 353.81 0.99 579.20 456.62 0.98 636.85 458.44 0.99
560 476.68 0.66 675.46 499.02 0.8698
589.85 59.92 0.21 591.03 49.75 0.01 587.42 48.49 0.15 562.87 40.94 0.02 566.17 39.99 0.51 545.21 82.76 0.75 523.28 87.09 0.98 563.90 173.95 0.07 532.64 183.72 0.90 586.61 242.07 0.05 571.18 248.06 0.70 554.46 250.47 0.93 543.91 257.55 0.98 576.02 351.51 0.90 573.26 356.33 0.98 599.43 449.90 0.88 581.27 454.50 0.96
570 499.36 137.38 689.74 747.29 0.5520
622.57 226.36 0.69 626.86 210.33 0.41 606.95 214.79 0.76 629.07 191.64 0.06 575.90 203.81 0.66 647.78 231.19 0.95 542.01 253.34 0.95 661.64 321.41 0.46 525.13 363.65 0.83 662.32 394.15 0.25 542.22 441.55 0.78 642.32 413.76 0.98 581.76 430.78 0.99 629.23 505.35 0.89 603.34 555.97 0.99 630.09 575.13 0.93 628.57 687.95 0.98
580 590.19 359.71 1005.06 1034.19 0.9103
753.85 460.13 0.26 760.36 441.92 0.06 734.00 446.94 0.15 764.65 435.25 0.08 690.97 448.48 0.54 822.84 505.96 0.99 641.28 551.29 0.99 890.60 626.86 0.99 648.05 695.36 0.99 947.95 730.80 0.99 720.29 797.62 0.99 827.97 764.78 0.98 723.20 787.99 0.99 842.48 879.76 0.56 740.12 902.82 0.90 835.19 945.15 0.51 748.20 953.23 0.89
590 692.26 332.34 1006.37 955.61 0.6149
859.17 419.47 0.56 867.26 398.66 0.33 834.48 409.80 0.44 877.73 392.31 0.23 792.18 418.12 0.64 912.53 446.07 0.97 746.33 502.53 0.99 967.09 538.10 0.98 734.84 611.42 0.98 979.07 588.43 0.97 803.36 690.35 0.98 938.06 642.56 0.93 831.38 674.99 0.98 993.33 769.55 0.30 843.54 808.93 0.90 958.40 860.62 0.21 821.70 874.93 0.86
600 780.25 346.27 1099.03 961.31 0.9181
940.16 450.07 0.32 953.50 435.74 0.17 928.25 437.20 0.14 973.04 418.83 0.33 906.33 420.69 0.28 1016.30 445.75 0.97 851.62 478.06 0.99 1060.28 549.72 0.98 836.12 619.92 0.98 1016.55 640.05 0.92 857.67 756.69 0.97 975.73 676.59 0.96 876.96 684.94 0.99 971.37 803.71 0.55 848.76 803.91 0.95 948.29 877.36 0.56 831.74 876.75 0.96
610 715.22 422.79 1008.41 963.55 0.8717
869.48 546.38 0.32 871.36 530.13 0.10 852.49 538.34 0.34 870.39 501.72 0.01 819.04 525.21 0.60 927.27 482.41 0.97 754.97 563.31 0.98 972.93 552.56 0.99 756.49 692.44 1.00 954.32 646.05 0.99 797.04 803.15 1.00 922.45 658.94 0.99 825.73 693.69 0.99 904.69 796.47 0.92 849.60 819.02 0.96 894.07 883.16 0.56 832.60 883.67 0.76
620 716.30 436.51 1009.31 967.41 0.9156
860.52 566.97 0.55 866.53 550.40 0.33 841.24 558.25 0.51 873.85 516.66 0.04 807.21 539.35 0.53 931.67 491.60 0.98 750.75 575.46 0.99 973.25 564.47 0.99 770.31 709.24 1.00 967.17 665.21 0.99 806.90 816.34 0.99 932.61 683.35 0.99 832.12 719.39 0.99 918.81 809.95 0.88 850.26 828.03 0.94 903.47 883.09 0.41 834.93 873.63 0.70
630 703.31 429.25 1005.43 965.91 0.9122
839.04 557.38 0.51 847.17 540.96 0.39 820.94 547.18 0.48 860.20 512.04 0.08 790.20 530.77 0.43 917.57 495.49 0.97 741.53 572.12 0.99 967.65 559.03 0.98 743.79 692.20 1.00 974.26 647.30 0.98 764.86 786.28 0.99 929.25 688.92 0.99 827.72 723.82 1.00 925.41 815.10 0.89 848.21 843.68 0.97 903.89 883.55 0.51 826.42 884.24 0.81
640 701.01 197.72 918.57 757.71 0.8214
741.77 309.26 0.31 743.60 296.23 0.29 744.15 292.99 0.01 776.20 292.05 0.86 786.83 281.91 0.01 847.19 370.40 0.99 802.98 337.58 0.96 857.06 501.71 0.97 791.38 442.51 0.06 836.57 600.35 0.94 763.09 513.74 0.04 839.06 551.03 0.95 803.22 529.40 0.93 823.89 651.82 0.74 778.52 629.19 0.84 860.98 724.02 0.67 780.08 711.29 0.86
650 463.55 24.08 697.32 594.07 0.9232
565.00 90.81 0.02 558.48 80.76 0.01 568.94 79.66 0.01 525.97 85.87 0.82 584.30 84.81 0.80 496.29 160.04 1.00 617.81 162.67 1.00 495.15 239.16 0.60 654.54 251.95 0.98 530.35 263.12 0.13 677.15 314.44 0.93 532.08 329.89 1.00 612.56 330.81 1.00 538.53 432.60 0.99 608.72 440.31 1.00 549.28 534.32 0.99 609.46 554.47 0.99
660 524.51 0.66 695.05 502.83 0.9006
575.45 47.05 0.06 573.44 37.65 0.05 580.82 36.71 0.01 576.89 39.22 0.82 620.13 33.48 0.33 582.41 97.64 0.99 655.00 81.33 0.99 586.17 192.55 0.96 674.88 159.36 0.45 567.69 264.79 0.89 634.59 202.60 0.13 608.25 252.01 0.99 659.04 242.39 0.98 592.77 361.33 0.96 650.24 345.96 0.90 586.48 465.63 0.88 653.18 439.22 0.84
670 525.23 0.55 693.74 502.62 0.9067
574.96 44.84 0.06 572.94 35.46 0.06 580.36 34.60 0.01 577.28 37.32 0.82 620.44 31.70 0.33 584.28 97.31 0.99 655.76 81.04 0.99 584.88 193.54 0.97 675.31 160.52 0.39 566.94 266.40 0.89 635.32 207.39 0.11 607.77 252.75 0.99 657.85 242.88 0.98 591.81 361.33 0.96 650.13 346.06 0.89 587.33 466.49 0.91 653.91 440.12 0.85
680 524.77 1.34 693.12 502.02 0.9060
577.95 46.30 0.07 576.66 36.79 0.07 584.02 36.14 0.01 582.68 38.35 0.85 624.91 33.18 0.29 586.45 98.49 0.99 659.13 83.20 0.99 586.52 194.23 0.97 674.05 164.49 0.36 566.19 265.41 0.90 631.92 210.18 0.10 607.79 252.42 0.99 658.65 242.77 0.98 591.95 361.14 0.96 650.06 344.92 0.90 587.36 466.12 0.90 653.48 438.41 0.85
690 535.52 1.00 695.51 524.05 0.8260
561.52 56.99 0.11 562.04 46.37 0.10 562.80 45.48 0.01 575.79 44.02 0.72 591.67 40.38 0.07 617.16 99.03 0.99 606.89 89.65 0.89 623.69 195.89 0.95 607.48 174.23 0.04 597.83 278.83 0.84 586.29 229.98 0.04 629.05 263.92 0.96 620.46 256.56 0.82 616.63 369.81 0.87 612.62 360.64 0.47 638.31 460.19 0.82 633.97 446.55 0.53
700 521.29 178.29 781.36 735.77 0.8797
658.37 280.06 0.78 666.58 264.67 0.61 643.22 267.18 0.84 682.01 245.87 0.17 615.71 252.03 0.70 720.37 294.32 0.99 575.99 292.80 0.99 756.05 395.79 0.88 557.33 380.53 0.95 736.53 453.99 0.62 564.88 451.73 0.87 701.16 477.14 1.00 613.44 476.78 0.99 700.29 583.04 0.99 620.39 576.02 0.99 693.27 672.20 0.99 619.64 638.46 0.98
710 758.63 327.14 1055.81 798.27 0.9001
824.63 432.18 0.71 842.55 418.29 0.73 814.97 412.93 0.38 889.47 406.25 0.77 810.96 395.46 0.02 961.93 464.35 0.99 808.57 450.35 0.98 1022.47 564.31 1.00 791.96 548.18 0.99 979.80 657.13 0.99 775.26 634.92 0.99 927.79 673.07 0.99 838.16 661.32 0.99 920.91 797.22 0.90 851.45 786.77 0.92 934.56 893.15 0.32 871.76 880.40 0.36
720 775.20 295.10 1043.12 827.49 0.8931
831.35 414.06 0.63 849.68 397.29 0.71 819.06 394.30 0.38 894.23 382.37 0.71 808.87 376.39 0.03 955.55 449.92 0.99 801.11 438.06 0.96 1009.02 558.79 1.00 798.49 532.90 0.95 996.38 654.01 0.99 797.21 612.09 0.97 921.71 653.94 0.99 833.41 644.77 0.99 925.25 776.69 0.94 855.50 761.19 0.94 949.29 855.13 0.62 889.93 829.41 0.69
730 775.15 292.97 1042.52 818.18 0.9073
833.37 412.65 0.74 850.70 396.06 0.78 820.62 393.51 0.46 894.53 378.95 0.76 809.99 374.23 0.04 956.35 448.06 1.00 804.73 437.10 0.98 1009.12 557.99 1.00 796.41 534.12 0.98 991.96 653.93 0.99 794.17 615.95 0.99 921.60 653.82 0.99 835.09 644.20 0.99 919.66 775.06 0.93 850.98 757.60 0.94 942.22 853.49 0.54 879.80 827.84 0.61
740 763.98 302.68 1049.42 809.35 0.8832
832.77 414.69 0.72 851.86 399.35 0.81 822.23 395.46 0.41 898.57 387.89 0.83 815.22 380.97 0.03 967.67 447.00 0.99 803.99 451.60 0.98 1015.59 557.27 1.00 794.16 559.60 0.99 992.87 653.14 1.00 803.65 660.97 0.99 943.84 674.74 0.99 851.30 672.58 0.99 937.15 791.00 0.85 865.98 781.54 0.87 952.01 868.51 0.28 888.44 850.44 0.35
750 797.83 361.04 1095.89 874.52 0.9137
871.52 480.20 0.86 886.25 465.72 0.88 860.77 464.36 0.46 929.36 443.38 0.83 854.26 443.46 0.02 1007.44 456.62 0.99 833.16 477.83 0.97 1062.08 552.49 1.00 851.40 598.73 0.98 1042.00 650.65 1.00 923.83 717.32 0.99 981.89 637.59 1.00 879.41 641.37 0.99 971.86 758.51 0.97 868.01 750.23 0.98 970.15 844.95 0.74 879.72 823.00 0.85
760 802.95 307.73 1105.95 884.81 0.8636
914.84 410.17 0.49 927.58 397.51 0.49 911.89 391.28 0.06 964.12 378.23 0.84 920.49 361.61 0.05 1026.83 460.05 0.99 930.56 397.88 0.92 1080.29 580.42 0.99 907.47 489.62 0.30 1053.42 649.64 1.00 880.74 565.18 0.24 955.70 655.24 0.98 895.75 618.23 0.95 934.16 770.58 0.77 881.26 720.10 0.77 935.84 845.19 0.60 882.02 816.84 0.81
770 803.08 298.11 1104.05 884.29 0.4588
944.25 378.32 0.74 959.19 367.36 0.74 940.97 360.85 0.27 995.26 370.45 0.79 944.84 352.22 0.03 1030.36 461.05 1.00 931.77 405.62 0.97 1069.62 580.48 0.99 901.97 471.79 0.49 1053.65 645.97 0.99 907.41 484.25 0.32 967.15 646.88 0.99 897.63 615.14 0.99 937.52 752.75 0.86 880.67 716.03 0.90 937.17 832.81 0.73 881.81 813.52 0.86
780 755.22 370.35 1043.22 944.74 0.9099
855.12 486.61 0.81 868.61 470.34 0.84 840.43 472.63 0.48 904.34 440.41 0.61 824.35 449.12 0.05 969.86 448.94 0.99 793.03 491.17 0.98 1012.71 539.89 0.99 806.45 611.03 0.98 1004.52 634.18 1.00 896.15 707.22 0.98 951.47 641.44 1.00 847.17 657.22 1.00 947.13 768.23 0.98 836.65 775.11 0.99 946.39 854.55 0.79 827.71 859.29 0.91
790 729.80 360.29 1029.83 802.70 0.8505
856.66 458.92 0.96 873.85 441.22 0.97 839.82 440.77 0.92 908.00 423.39 0.79 818.38 423.78 0.14 966.28 476.45 1.00 794.85 472.67 0.98 997.52 601.46 1.00 766.04 589.73 0.97 947.41 686.46 1.00 773.88 713.85 0.99 920.55 671.37 0.99 819.37 664.91 0.99 907.42 823.21 0.94 816.84 811.70 0.92 915.01 944.25 0.37 828.42 934.11 0.33
800 723.84 357.72 1023.27 806.43 0.7784
887.77 437.13 0.98 909.43 423.50 0.98 874.33 413.70 0.98 929.66 434.12 0.76 846.73 411.64 0.72 967.89 502.95 1.00 787.80 488.59 0.99 992.82 620.51 1.00 756.15 612.78 0.97 928.05 689.30 1.00 755.82 724.98 0.98 915.66 694.91 0.99 806.79 684.96 0.99 900.26 831.57 0.96 781.13 817.70 0.94 902.57 936.49 0.53 781.50 931.20 0.48
810 721.82 360.53 1021.42 805.32 0.7830
876.69 481.84 0.99 892.53 463.30 0.98 858.35 464.91 0.98 919.46 435.46 0.66 828.96 439.02 0.57 964.57 493.32 1.00 785.24 485.63 0.99 989.05 618.32 1.00 751.46 607.27 0.97 924.93 688.39 1.00 753.27 720.79 0.99 911.40 697.33 0.99 803.34 690.72 0.99 901.58 836.59 0.96 782.77 825.89 0.94 904.50 940.31 0.51 784.25 933.46 0.45
820 720.99 364.40 1019.99 810.60 0.7665
874.08 477.74 0.99 890.50 458.92 0.99 855.97 460.41 0.99 917.16 436.23 0.74 828.36 439.62 0.57 960.97 496.00 0.99 781.06 491.19 0.99 985.31 616.88 0.98 754.06 611.77 0.98 926.63 689.15 0.99 752.64 724.18 0.99 911.45 698.26 0.99 804.57 693.73 0.98 902.36 832.82 0.96 788.36 824.18 0.95 897.65 935.19 0.58 789.30 928.42 0.55
830 719.37 366.18 1019.65 815.81 0.7924
871.16 475.61 0.99 887.84 456.65 0.99 852.89 457.74 0.99 914.04 435.74 0.68 824.89 438.36 0.55 958.76 496.89 0.99 779.62 491.70 0.99 984.37 618.82 0.98 752.06 613.41 0.97 923.59 691.48 0.99 749.94 726.14 0.99 908.48 700.43 0.99 801.16 695.14 0.98 900.71 838.53 0.95 783.18 828.10 0.94 895.44 941.24 0.52 786.55 934.45 0.48
840 675.56 346.87 985.43 828.60 0.8004
841.44 438.52 0.67 855.12 417.87 0.66 818.66 420.71 0.82 873.57 410.29 0.24 776.38 418.03 0.70 917.06 498.22 0.99 732.63 508.56 0.99 953.92 609.20 1.00 711.95 625.77 0.98 905.14 695.58 1.00 730.92 737.41 0.99 882.53 707.17 0.98 769.16 711.55 0.97 876.98 840.94 0.84 764.69 843.40 0.77 877.44 944.68 0.33 774.29 950.54 0.27
850 556.82 525.01 958.13 1179.31 0.9369
836.09 658.57 0.28 822.30 635.64 0.03 814.94 663.90 0.21 782.54 610.54 0.03 741.06 677.04 0.74 785.35 612.21 0.99 642.70 744.49 0.99 850.59 679.18 0.99 623.93 873.43 0.99 914.88 766.33 0.99 774.45 906.33 0.99 790.19 859.72 0.99 690.66 917.00 0.99 780.75 979.26 0.95 681.49 1027.71 0.97 773.46 1037.59 0.93 683.92 1084.79 0.96
860 498.26 476.73 825.99 1176.32 0.9244
708.11 619.54 0.99 725.02 593.24 0.96 682.30 598.21 0.99 738.31 587.89 0.17 632.73 600.67 0.95 714.93 635.94 0.96 571.87 739.96 0.99 716.35 751.96 0.56 547.23 893.16 0.97 748.44 820.06 0.54 626.95 996.46 0.98 734.38 886.79 0.97 644.44 942.72 0.99 771.96 1000.95 0.85 674.72 1054.20 0.96 761.35 1034.85 0.79 679.04 1104.99 0.91
870 621.99 217.74 899.25 850.69 0.9062
737.58 301.02 0.01 733.51 287.77 0.01 748.81 287.77 0.01 719.64 289.29 0.85 786.12 285.64 0.71 684.55 363.59 0.99 832.78 366.04 0.99 655.04 491.12 0.94 872.95 486.63 0.93 647.35 589.06 0.79 859.27 548.36 0.66 695.82 571.52 0.99 793.12 573.50 0.99 684.90 672.26 0.98 789.53 684.30 0.98 691.58 792.86 0.97 782.93 810.53 0.97
880 483.25 27.86 696.77 598.22 0.9148
586.86 90.70 0.01 579.19 81.06 0.01 591.48 80.51 0.01 544.84 85.10 0.80 606.53 85.29 0.77 514.09 161.13 1.00 636.68 160.71 1.00 508.11 254.19 0.87 671.63 245.37 0.97 520.38 312.06 0.53 670.36 291.06 0.90 548.07 320.78 1.00 626.73 323.70 1.00 565.31 403.84 0.99 622.23 429.25 1.00 562.33 482.49 0.99 615.39 546.17 0.99
890 518.50 0.19 687.88 502.34 0.9132
565.71 44.30 0.02 561.32 34.98 0.02 570.27 33.37 0.00 552.45 35.79 0.83 601.88 30.11 0.63 546.18 100.58 1.00 638.79 86.77 1.00 549.89 201.19 0.94 664.79 179.40 0.82 551.94 273.36 0.78 644.33 221.66 0.38 587.78 260.21 0.99 648.58 252.83 0.99 594.51 370.31 0.98 649.59 357.43 0.96 606.88 473.11 0.93 654.91 454.54 0.90
900 541.64 0.30 696.93 510.98 0.8475
562.39 50.58 0.04 558.45 41.38 0.03 565.82 39.07 0.00 558.45 41.28 0.81 607.61 32.70 0.43 580.50 95.54 1.00 640.33 76.88 0.98 597.46 190.90 0.96 661.02 152.58 0.16 594.60 269.92 0.84 632.16 208.85 0.08 615.62 257.93 0.98 657.74 247.29 0.93 611.70 370.65 0.92 653.66 351.66 0.62 619.61 476.49 0.80 659.51 446.71 0.53
910 471.00 127.26 729.28 699.91 0.8789
576.21 219.25 0.81 579.75 204.96 0.48 561.64 208.94 0.92 588.05 187.43 0.05 531.48 197.93 0.84 623.86 225.15 0.99 511.37 233.45 0.98 653.42 315.65 0.95 528.62 318.96 0.56 667.20 388.34 0.88 578.79 379.26 0.23 625.35 397.80 1.00 548.53 401.87 1.00 640.95 515.11 0.99 554.57 507.99 0.99 676.63 635.04 0.99 579.93 589.80 1.00
920 568.41 451.88 935.33 1013.55 0.9227
768.03 518.48 0.03 777.15 503.25 0.01 752.60 508.28 0.02 785.92 481.75 0.05 711.83 493.25 0.15 812.90 499.41 0.93 650.16 551.96 0.96 850.78 606.09 0.99 609.82 684.00 0.99 892.21 702.94 0.99 656.14 804.82 0.99 787.62 747.05 0.98 705.82 772.42 0.99 760.43 853.00 0.86 718.41 898.19 0.94 707.65 937.58 0.90 711.76 971.52 0.95
930 540.52 470.65 1050.46 1165.68 0.9341
747.21 578.17 0.52 744.81 554.39 0.21 720.14 578.98 0.44 744.51 543.24 0.20 675.25 601.78 0.57 801.20 607.34 0.99 627.37 698.51 0.99 886.02 673.19 0.99 590.88 829.04 0.99 978.05 721.85 0.99 703.20 901.60 0.99 783.52 844.05 0.99 682.20 881.17 0.99 763.91 943.10 0.97 688.06 1002.96 0.99 748.54 997.07 0.97 671.56 1103.64 0.98
940 555.39 484.97 1033.01 1166.71 0.9385
800.74 599.25 0.52 792.79 577.84 0.08 778.74 602.58 0.41 771.17 559.26 0.04 716.96 616.92 0.74 801.33 579.27 0.99 629.26 680.80 0.99 883.97 656.11 0.99 597.96 823.78 0.99 968.28 710.89 0.99 744.49 841.35 0.99 785.90 829.00 0.99 692.85 872.07 0.99 760.98 929.40 0.97 685.06 1002.85 0.99 747.27 995.06 0.96 669.01 1106.13 0.98
950 628.24 570.70 1223.80 1172.98 0.9451
962.46 723.28 0.11 947.47 699.12 0.03 937.70 734.19 0.05 910.14 661.77 0.33 882.27 745.89 0.48 923.85 615.59 0.99 805.69 776.79 0.99 1076.98 689.39 0.99 855.32 865.50 0.99 1177.70 746.58 0.98 985.57 859.01 0.99 851.43 797.95 0.97 769.95 863.75 0.98 837.41 926.78 0.83 724.10 988.01 0.97 813.50 1016.08 0.87 679.68 1092.71 0.98
960 633.00 585.05 1210.74 1168.78 0.9267
962.16 747.54 0.14 949.06 721.68 0.05 935.99 760.03 0.05 915.32 677.86 0.44 876.14 768.27 0.46 919.75 625.35 0.99 813.05 802.12 1.00 1072.73 692.16 0.98 860.41 872.10 0.99 1168.63 743.04 0.97 973.20 858.05 0.99 854.59 813.64 0.97 772.13 875.46 0.98 839.04 939.63 0.81 732.72 992.70 0.97 811.66 1016.57 0.83 682.11 1085.16 0.98
970 537.87 576.22 853.22 1168.79 0.8923
798.26 722.42 0.11 790.28 700.25 0.01 783.83 723.83 0.12 754.70 669.55 0.04 723.78 722.43 0.71 731.49 654.49 0.90 635.22 768.11 0.99 754.90 725.18 0.24 588.34 882.53 0.98 774.15 787.60 0.11 658.36 966.62 0.98 771.84 890.95 0.95 694.14 952.60 0.99 804.06 955.17 0.77 695.37 1033.11 0.97 792.21 992.66 0.89 676.50 1091.13 0.97
980 576.85 214.79 876.31 902.67 0.9151
755.90 305.03 0.01 743.96 288.95 0.01 764.51 293.23 0.01 704.35 289.35 0.70 781.74 297.52 0.78 657.43 373.82 0.99 806.94 385.49 0.99 620.92 487.00 0.96 845.90 505.03 0.93 610.13 567.61 0.94 846.68 580.89 0.86 677.73 565.47 0.99 775.83 568.27 0.99 677.77 692.57 0.99 777.56 670.13 0.99 673.52 853.25 0.99 771.19 799.00 0.99
990 491.92 22.84 700.02 588.88 0.9206
596.38 88.75 0.01 590.17 78.88 0.00 603.03 78.73 0.01 562.30 83.55 0.84 622.59 84.31 0.86 531.50 159.69 1.00 650.78 162.22 1.00 515.41 254.93 0.94 674.21 257.65 0.96 515.19 316.74 0.75 682.83 297.26 0.78 554.10 333.71 1.00 630.80 335.39 1.00 554.71 429.91 0.99 626.70 441.99 1.00 553.09 523.14 0.99 618.68 548.05 0.99
1000 543.64 10.47 700.22 484.72 0.5652
581.41 83.81 0.89 592.17 70.89 0.92 570.56 72.52 0.73 619.55 69.61 0.82 569.73 74.53 0.08 657.52 128.85 0.96 589.77 129.24 0.85 674.95 218.46 0.35 592.74 211.82 0.04 642.92 266.27 0.16 579.32 251.98 0.02 656.09 287.42 0.85 618.27 285.87 0.75 657.62 364.50 0.59 630.90 364.10 0.45 675.16 448.30 0.50 656.36 446.47 0.42
1010 503.22 154.89 741.94 712.01 0.8930
630.38 255.10 0.82 639.27 241.12 0.64 616.09 242.77 0.87 653.91 218.79 0.18 588.83 222.71 0.77 688.57 255.31 0.99 551.62 254.16 1.00 715.43 350.41 0.89 529.91 343.53 0.99 708.84 410.29 0.66 536.71 421.51 0.98 672.61 439.40 1.00 590.00 437.81 1.00 676.33 548.27 0.99 575.21 533.66 0.99 665.76 651.69 0.99 564.23 606.22 0.99
1020 651.94 382.89 996.71 976.59 0.7757
882.75 472.87 0.22 880.12 457.87 0.04 873.97 464.17 0.11 861.38 449.47 0.05 842.01 464.15 0.43 882.52 481.51 0.95 755.19 528.08 0.98 919.05 557.51 0.98 692.39 620.57 0.99 949.36 644.10 0.99 710.40 735.75 0.99 841.42 702.77 0.97 793.71 726.14 0.99 788.33 788.04 0.95 801.44 820.22 0.98 759.84 883.62 0.96 787.35 915.16 0.98
1030 723.70 580.33 1087.76 1096.16 0.8866
1051.69 748.43 0.05 1032.91 719.50 0.01 1038.97 758.10 0.02 973.74 672.83 0.23 1001.08 762.47 0.66 921.17 620.31 0.97 915.57 818.30 1.00 979.94 661.12 0.43 919.48 914.59 0.98 1006.59 715.54 0.23 987.39 954.98 0.98 817.40 774.66 0.93 835.22 871.37 0.97 803.22 888.13 0.54 831.66 975.67 0.79 777.13 962.30 0.75 802.48 1050.58 0.86
1040 722.91 570.00 1072.70 1086.57 0.8912
1012.60 735.02 0.06 998.73 706.08 0.01 1000.29 742.83 0.02 949.41 650.35 0.18 959.22 734.95 0.50 890.39 592.02 0.96 888.32 798.05 1.00 969.02 667.68 0.75 908.62 911.28 0.99 983.63 742.64 0.69 1001.82 933.59 0.99 808.84 755.34 0.83 833.73 856.22 0.94 828.50 864.87 0.18 838.14 962.79 0.53 798.72 967.20 0.26 802.35 1045.88 0.58
1050 681.29 439.13 1101.76 1112.16 0.8977
914.28 547.44 0.16 901.29 531.79 0.01 906.74 545.37 0.06 856.36 531.56 0.06 865.54 564.01 0.59 890.62 571.63 0.99 767.95 663.58 1.00 981.13 604.05 0.99 722.84 792.74 1.00 1075.64 609.24 0.94 809.04 894.04 0.98 900.80 828.21 0.99 831.50 867.14 0.99 896.26 951.33 0.73 846.82 997.42 0.91 859.12 1024.17 0.53 819.16 1070.63 0.79
1060 638.54 449.88 1059.19 1000.49 0.9014
888.40 579.06 0.17 881.80 557.95 0.01 876.20 575.76 0.14 840.65 526.86 0.02 821.28 568.82 0.59 793.93 511.45 0.95 757.11 638.85 0.98 865.31 573.74 0.96 801.17 767.01 0.99 961.39 608.39 0.96 893.33 827.88 0.99 763.22 680.45 0.96 718.56 738.66 0.97 780.59 801.49 0.95 726.84 841.88 0.97 788.91 898.06 0.95 723.40 923.38 0.97
1070 651.50 464.30 1073.56 1052.78 0.9218
942.43 582.23 0.11 925.79 556.47 0.01 941.62 580.69 0.08 855.98 521.85 0.16 900.61 577.03 0.87 801.16 518.84 0.99 796.37 695.65 1.00 876.20 610.16 0.98 837.82 832.95 0.99 981.46 618.56 0.96 964.41 868.90 0.99 757.96 714.15 0.95 735.73 797.06 0.97 791.62 815.37 0.92 753.26 911.89 0.98 798.02 905.86 0.92 752.66 999.50 0.97
1080 657.81 469.61 1067.05 1052.64 0.9178
955.33 587.10 0.10 939.55 561.49 0.01 955.38 586.17 0.08 871.58 527.59 0.10 917.66 583.05 0.86 810.76 512.59 0.98 807.11 690.78 1.00 874.23 603.44 0.97 849.59 834.24 0.99 975.44 622.96 0.96 972.85 883.69 0.99 761.99 711.90 0.94 741.61 795.11 0.97 784.77 821.66 0.89 751.56 906.40 0.97 785.15 916.74 0.90 744.38 999.89 0.97
1090 592.01 252.62 876.26 931.71 0.9042
761.50 338.04 0.01 754.42 320.27 0.01 771.93 327.96 0.01 729.35 314.82 0.72 797.01 327.40 0.70 672.81 378.02 0.99 818.70 409.99 0.99 616.01 504.12 0.96 842.79 544.07 0.94 654.73 564.51 0.76 853.91 634.89 0.91 693.50 595.94 0.99 785.90 599.39 0.99 728.54 732.56 0.97 798.88 664.20 0.95 754.75 890.27 0.98 807.46 773.84 0.98
1100 475.43 15.86 685.81 567.25 0.9270
571.39 82.16 0.02 564.60 72.25 0.01 575.68 71.46 0.01 536.11 77.30 0.80 593.72 76.51 0.83 509.61 151.62 1.00 628.19 151.78 1.00 501.93 242.08 0.88 660.65 242.89 0.99 522.77 290.34 0.47 660.92 307.15 0.93 541.30 319.47 1.00 618.84 318.28 1.00 547.82 425.89 1.00 615.13 424.11 1.00 561.74 532.35 0.99 612.31 529.50 0.99
1110 441.54 0.30 695.00 495.03 0.8673
564.00 16.64 0.28 569.53 7.43 0.03 553.22 8.32 0.13 570.90 13.28 0.10 537.57 16.73 0.46 598.17 74.80 0.99 511.99 76.52 0.99 676.18 145.63 0.97 473.07 149.37 0.98 643.57 193.50 0.94 501.58 193.27 0.96 591.87 233.48 0.98 552.11 235.87 0.99 599.99 339.43 0.99 573.26 343.61 1.00 621.14 452.22 0.97 592.52 454.79 0.99
1120 438.57 0.00 694.77 495.56 0.8927
576.83 12.77 0.40 575.11 3.58 0.03 567.45 4.25 0.12 552.39 9.82 0.09 558.83 12.93 0.47 553.60 73.29 0.99 560.82 69.13 0.99 595.20 147.81 0.98 552.52 143.21 0.99 593.43 192.06 0.96 527.16 195.89 0.98 560.76 232.21 0.99 584.51 230.86 0.99 567.80 343.28 1.00 608.57 340.60 1.00 586.79 462.88 0.98 621.97 451.34 0.99
1130 448.15 0.45 697.14 496.15 0.8868
564.30 16.41 0.47 563.66 7.08 0.06 559.78 7.74 0.08 548.34 13.43 0.24 574.94 14.77 0.43 527.68 75.86 0.99 615.53 70.18 0.99 509.22 147.01 0.99 672.55 145.70 0.99 517.85 183.09 0.93 641.33 193.47 0.96 552.58 236.56 0.99 614.38 233.18 0.99 559.50 349.02 1.00 624.40 343.42 1.00 576.97 466.84 0.99 630.71 450.52 0.99
1140 458.26 0.00 698.09 495.12 0.9146
567.86 18.48 0.10 563.72 9.67 0.02 567.74 9.12 0.03 548.60 15.96 0.42 584.80 14.76 0.57 525.39 79.84 1.00 626.68 73.70 1.00 490.23 158.66 0.99 687.41 147.44 1.00 514.80 193.60 0.92 649.69 193.96 0.96 556.93 234.85 1.00 623.09 231.85 1.00 564.06 349.76 1.00 626.38 343.85 1.00 570.29 465.68 0.99 633.03 449.03 0.99
1150 435.61 0.72 658.54 506.51 0.8996
576.11 40.88 0.20 578.90 31.04 0.01 570.24 30.16 0.12 555.56 27.82 0.01 542.91 27.59 0.33 546.31 74.74 0.90 492.12 79.34 0.95 573.63 152.02 0.52 457.43 157.62 0.77 605.01 205.75 0.50 525.27 194.28 0.62 565.31 234.41 0.97 538.69 244.67 0.99 576.44 343.13 0.99 556.71 357.74 0.99 612.09 440.22 0.96 572.13 462.63 0.96
1160 495.52 97.11 694.46 664.57 0.8920
634.80 177.51 0.95 639.93 162.34 0.70 618.19 166.51 0.98 641.47 157.59 0.02 583.67 167.87 0.96 652.29 203.35 0.97 538.78 221.48 1.00 663.36 294.67 0.28 524.23 332.54 0.98 644.98 361.86 0.17 544.48 417.63 0.96 645.62 396.30 0.99 572.25 406.36 0.99 641.97 510.02 0.99 566.05 512.19 0.99 636.95 606.63 0.99 562.23 581.03 0.98
1170 655.91 332.10 1001.35 1019.23 0.8910
832.61 416.77 0.28 843.16 399.09 0.10 814.52 403.30 0.16 853.53 395.23 0.15 781.89 405.25 0.46 859.49 444.58 0.96 728.22 497.89 0.97 889.59 524.04 0.98 708.50 627.72 0.97 942.34 597.27 0.98 748.32 733.16 0.96 841.04 648.28 0.98 766.30 679.10 0.98 824.76 755.58 0.97 779.94 813.83 0.99 808.25 833.90 0.97 773.93 935.74 0.99
1180 522.40 538.24 960.33 1032.97 0.9167
875.73 653.30 0.24 867.80 636.73 0.02 860.77 654.44 0.22 836.75 623.44 0.03 804.28 660.83 0.78 823.59 607.45 0.97 676.93 640.43 0.98 871.45 704.49 0.98 555.03 691.67 0.98 919.12 799.62 0.97 650.83 782.58 0.98 716.19 690.66 0.96 619.70 715.57 0.97 766.18 800.30 0.88 670.08 840.92 0.98 764.24 881.30 0.94 673.57 956.31 0.99
1190 468.46 515.22 774.49 1115.85 0.3804
743.05 650.69 0.07 734.39 629.56 0.01 730.71 654.52 0.04 699.63 597.23 0.03 674.54 649.83 0.58 679.97 572.91 0.93 546.25 658.65 0.99 725.33 638.45 0.94 526.45 778.69 0.99 745.20 704.89 0.92 634.11 769.13 0.99 655.22 772.46 0.90 578.51 816.93 0.96 668.93 924.63 0.42 618.22 962.04 0.80 636.02 1023.31 0.21 610.31 1062.47 0.57
1200 879.01 589.20 1318.03 1393.17 0.8448
1214.07 727.82 0.01 1190.37 696.78 0.00 1220.55 722.90 0.01 1122.61 674.45 0.74 1232.97 733.53 0.74 1028.15 755.34 0.99 1210.27 875.65 1.00 990.71 867.42 0.89 1223.98 1057.74 0.99 1033.87 730.62 0.36 1274.87 954.88 0.97 1008.91 1005.65 0.99 1117.62 1062.86 0.99 1020.57 1133.22 0.92 1065.96 1172.31 0.91 973.43 1288.04 0.92 1022.66 1295.98 0.92
1210 1012.42 501.39 1470.94 1201.42 0.9385
1321.31 580.94 0.04 1321.95 565.96 0.03 1338.53 574.14 0.01 1329.76 582.81 0.83 1402.47 594.44 0.34 1271.46 664.43 1.00 1433.45 699.24 0.99 1162.65 767.96 0.99 1424.09 809.08 0.73 1085.33 724.69 0.98 1341.56 816.39 0.31 1216.66 912.57 1.00 1313.61 924.87 0.99 1141.62 1021.81 0.98 1236.53 1034.26 0.93 1087.94 1154.90 0.99 1192.87 1144.47 0.97
1220 1010.51 502.32 1475.68 1185.43 0.9389
1301.99 578.99 0.01 1299.75 564.76 0.01 1317.72 569.62 0.00 1302.83 571.87 0.67 1376.46 577.18 0.40 1271.27 646.45 0.99 1416.26 658.31 0.99 1176.57 760.02 0.99 1445.44 773.53 0.85 1085.65 727.69 0.98 1372.19 800.70 0.42 1250.40 881.67 1.00 1341.39 885.53 0.99 1164.38 993.49 0.98 1267.74 997.73 0.94 1101.92 1137.03 0.99 1205.14 1126.43 0.98
1230 1011.86 509.83 1487.61 1185.77 0.9353
1310.30 591.58 0.01 1305.78 576.34 0.01 1326.24 581.18 0.00 1303.77 580.53 0.63 1384.79 586.30 0.45 1270.87 657.39 0.99 1424.22 666.39 0.99 1177.61 770.06 0.99 1448.79 785.53 0.76 1087.12 730.13 0.98 1377.62 790.73 0.23 1250.28 895.91 1.00 1347.20 900.10 0.99 1162.97 1004.18 0.98 1265.37 1015.71 0.93 1100.99 1139.22 0.99 1202.81 1132.30 0.98
1240 1011.50 514.02 1506.71 1187.15 0.9396
1315.56 596.07 0.01 1312.36 580.87 0.01 1333.02 586.11 0.00 1316.34 587.52 0.70 1396.53 593.24 0.33 1277.72 674.78 0.99 1434.96 678.14 0.99 1187.14 790.75 0.99 1474.51 789.47 0.94 1098.62 732.42 0.98 1394.68 815.22 0.55 1250.09 909.24 1.00 1346.77 913.85 0.99 1162.11 1011.44 0.98 1262.54 1026.67 0.94 1101.27 1139.25 0.99 1201.53 1135.72 0.97
1250 903.79 678.05 1282.83 1350.05 0.9064
1019.56 836.60 0.12 1025.96 830.96 0.08 1037.82 803.96 0.00 1075.34 829.52 0.90 1120.55 764.82 0.09 1144.35 975.22 1.00 1201.00 802.40 0.98 1128.54 1132.32 0.99 1129.32 823.27 0.44 1010.78 1167.08 0.99 1046.62 837.27 0.28 1124.65 1179.09 0.97 1150.45 1084.32 0.92 1105.04 1241.92 0.86 1041.82 1144.35 0.68 1100.38 1294.71 0.70 1022.63 1220.06 0.64
1260 490.23 339.61 897.17 1115.23 0.8973
707.94 463.50 0.50 723.76 444.88 0.19 689.37 442.99 0.42 735.72 432.59 0.19 645.65 427.55 0.73 768.10 521.73 0.99 580.79 522.81 0.99 804.00 658.65 0.99 545.64 671.34 0.99 839.91 781.85 0.99 552.30 772.53 0.99 718.11 749.77 0.99 609.23 754.54 0.99 725.18 887.10 0.96 599.43 918.18 0.98 724.65 985.32 0.96 601.29 1048.95 0.97
1270 458.45 49.44 668.34 612.70 0.7703
560.35 116.71 0.05 553.43 106.01 0.01 561.32 105.58 0.02 512.47 107.25 0.38 567.35 108.69 0.47 495.35 169.39 0.97 581.33 174.35 0.99 523.55 250.74 0.14 603.66 272.61 0.77 567.36 307.34 0.06 619.67 340.55 0.58 529.30 349.29 0.99 598.65 350.91 0.99 539.90 452.15 0.99 621.30 448.53 0.99 554.78 566.75 0.99 642.09 558.10 0.99
1280 447.39 1.74 642.91 506.11 0.9218
552.70 30.11 0.02 546.08 20.81 0.00 556.08 20.72 0.01 511.84 21.79 0.59 565.78 22.90 0.67 481.43 79.01 0.99 584.97 80.15 0.99 467.72 162.71 0.91 616.18 167.37 0.94 495.86 212.74 0.66 616.78 228.38 0.78 514.13 237.81 1.00 581.50 238.75 1.00 532.03 341.78 1.00 592.65 345.62 1.00 539.54 458.66 0.99 599.50 466.97 0.99
1290 447.00 1.19 642.73 504.76 0.9185
549.84 34.14 0.02 543.98 24.60 0.01 553.23 24.41 0.01 511.17 24.54 0.68 564.53 25.02 0.71 480.03 81.20 1.00 584.08 80.75 0.99 471.32 165.17 0.90 616.13 166.43 0.95 503.98 216.65 0.62 615.37 227.59 0.82 514.94 241.82 1.00 582.61 242.31 1.00 532.21 344.58 1.00 595.62 347.51 1.00 539.57 458.33 0.99 601.81 465.96 0.99
1300 459.85 0.70 667.68 505.90 0.9294
569.51 36.47 0.02 563.36 27.62 0.00 572.28 27.69 0.01 532.00 29.61 0.61 581.73 32.08 0.73 501.66 88.31 1.00 605.66 92.48 1.00 483.66 173.96 0.96 637.63 178.48 0.99 498.16 215.64 0.82 648.36 245.26 0.95 527.61 249.36 1.00 597.95 251.08 1.00 536.68 349.65 0.99 604.31 353.46 1.00 540.31 459.26 0.99 601.88 466.88 0.99
1310 440.13 66.16 691.50 638.31 0.8965
521.87 149.37 0.95 521.95 134.64 0.78 505.10 141.66 0.97 527.54 120.70 0.15 474.21 138.91 0.82 566.76 167.28 1.00 477.67 176.96 0.96 610.38 265.66 0.99 514.20 252.67 0.26 633.21 351.82 0.97 553.57 318.32 0.15 595.61 351.55 1.00 529.29 358.26 0.99 614.13 468.93 1.00 532.41 462.85 0.99 644.90 584.85 0.99 549.38 558.59 0.99
1320 490.80 409.82 775.53 1079.83 0.3254
603.04 559.51 0.57 616.03 536.79 0.48 581.40 546.03 0.39 639.64 502.28 0.41 554.10 522.31 0.25 676.96 524.72 0.97 539.35 553.51 0.78 739.91 605.02 0.89 542.23 649.08 0.13 743.62 672.27 0.90 555.58 650.51 0.07 658.69 714.08 0.98 583.80 722.10 0.82 658.21 825.68 0.98 621.03 810.88 0.61 643.26 975.77 0.93 636.36 911.56 0.51
1330 844.09 663.59 1247.98 1342.45 0.8817
1162.22 815.79 0.08 1145.01 782.68 0.01 1165.17 812.09 0.08 1053.26 749.08 0.28 1134.31 811.17 0.91 950.90 793.51 0.99 1045.29 927.96 0.99 872.37 869.26 0.68 1009.31 1066.17 0.52 915.67 949.29 0.22 1043.31 1150.60 0.39 955.37 1083.50 0.99 1037.77 1146.18 0.98 958.59 1175.27 0.94 1045.16 1205.94 0.91 945.93 1287.27 0.92 1032.20 1283.59 0.93
1340 1007.59 524.27 1503.17 1287.69 0.9352
1315.19 617.71 0.01 1310.79 600.83 0.01 1335.05 604.88 0.00 1316.74 611.02 0.84 1410.72 613.93 0.48 1290.52 724.25 1.00 1450.22 713.37 0.98 1221.33 904.17 0.98 1436.44 833.04 0.39 1137.23 967.60 0.97 1345.20 862.55 0.12 1232.88 988.37 0.99 1332.99 977.91 0.97 1126.35 1093.66 0.97 1247.68 1081.40 0.66 1109.34 1238.55 0.93 1214.88 1182.10 0.64
1350 985.78 663.45 1462.75 1315.17 0.9156
1301.94 736.84 0.05 1301.93 729.25 0.04 1327.97 736.51 0.01 1306.45 776.21 0.89 1410.66 782.45 0.26 1211.41 865.16 1.00 1424.21 888.37 0.97 1053.96 871.62 0.99 1386.35 965.56 0.50 1037.32 783.64 0.93 1291.20 948.44 0.21 1147.90 1072.34 0.99 1267.28 1085.08 0.96 1101.65 1139.85 0.98 1221.74 1176.72 0.93 1078.53 1272.72 0.97 1152.96 1275.59 0.94
1360 841.53 616.36 1206.49 1261.95 0.9027
956.06 759.37 0.10 964.81 757.62 0.06 978.51 728.68 0.01 1011.68 758.56 0.77 1052.12 685.50 0.16 1062.91 893.98 1.00 1122.91 698.14 0.98 1115.21 1063.16 0.98 997.22 730.09 0.98 1037.27 1133.50 0.94 908.46 803.67 0.99 1096.77 1046.00 0.91 1159.91 960.63 0.90 992.27 1109.16 0.88 1128.12 1067.69 0.87 962.85 1215.34 0.95 1160.84 1189.35 0.93
1370 976.75 694.84 1303.11 1322.67 0.8797
1089.84 829.62 0.02 1093.19 829.60 0.02 1121.44 806.96 0.00 1117.20 861.99 0.51 1204.91 800.26 0.11 1162.90 1008.17 0.98 1215.59 843.09 0.95 1178.47 1141.22 0.94 1130.95 771.20 0.95 1121.32 1197.53 0.80 1023.59 742.75 0.94 1156.49 1130.83 0.94 1193.73 1056.01 0.92 1123.07 1191.14 0.93 1169.05 1138.00 0.83 1072.13 1269.85 0.98 1173.70 1215.72 0.95
1380 993.74 642.40 1381.50 1400.19 0.8467
1220.71 733.12 0.07 1221.76 730.34 0.06 1244.05 722.29 0.00 1229.57 781.72 0.86 1317.96 752.32 0.05 1239.27 955.85 0.99 1302.53 828.60 0.94 1212.23 1123.84 0.96 1268.71 756.18 0.81 1137.42 1218.70 0.90 1178.69 691.03 0.93 1201.96 1147.42 0.97 1251.00 1091.76 0.92 1141.42 1209.84 0.93 1218.22 1157.86 0.52 1084.76 1342.94 0.90 1198.07 1267.37 0.54
1390 962.09 668.82 1285.25 1261.85 0.8801
1060.69 794.57 0.03 1070.70 799.08 0.03 1089.99 768.88 0.00 1114.40 827.76 0.80 1181.26 749.87 0.09 1153.79 961.56 1.00 1228.17 778.67 0.97 1154.64 1116.07 0.97 1230.90 779.51 0.63 1075.93 1180.59 0.93 1195.15 733.61 0.45 1141.67 1098.02 0.95 1183.09 1016.31 0.83 1098.09 1145.10 0.85 1140.51 1098.20 0.43 1045.53 1217.23 0.85 1106.16 1172.97 0.51
1400 501.63 422.77 813.20 1226.51 0.8353
672.90 531.76 0.01 651.94 518.79 0.00 671.80 516.59 0.01 576.55 522.92 0.34 658.97 523.57 0.64 541.05 614.08 0.98 699.92 610.95 0.99 546.04 728.13 0.42 776.83 719.11 0.87 595.78 671.76 0.04 718.06 673.47 0.10 583.61 836.91 0.99 691.92 843.10 0.99 600.82 916.58 0.96 699.67 983.47 0.98 628.18 1048.86 0.99 699.70 1168.48 0.99
1410 533.08 434.25 926.26 1069.15 0.8186
785.17 494.60 0.05 771.47 474.44 0.01 781.00 485.11 0.02 710.35 464.90 0.12 751.32 492.84 0.32 639.28 519.89 0.95 725.04 603.42 0.99 640.10 660.43 0.45 737.41 738.46 0.99 723.75 732.21 0.28 826.53 738.52 0.95 559.87 741.15 0.97 627.19 780.92 0.99 589.68 857.97 0.96 659.60 906.96 0.98 590.15 971.95 0.98 675.51 1030.51 0.99
1420 537.06 453.11 900.80 1069.51 0.8930
740.39 512.80 0.03 722.44 497.44 0.00 735.01 505.47 0.01 658.64 492.94 0.13 708.97 516.43 0.44 611.90 544.49 0.97 700.81 609.95 0.99 562.22 652.04 0.50 710.66 754.94 0.99 653.04 678.41 0.10 833.66 733.10 0.99 570.26 767.87 0.97 640.97 797.30 0.99 586.60 875.30 0.90 655.71 910.59 0.97 603.32 988.77 0.96 658.75 1028.51 0.98
1430 504.29 340.56 889.88 1068.40 0.9294
715.90 444.32 0.22 703.75 424.21 0.01 709.21 430.87 0.16 639.67 413.83 0.06 668.35 432.76 0.79 562.01 492.01 0.97 656.52 569.42 1.00 552.94 587.83 0.48 657.71 722.76 0.99 661.63 584.38 0.60 789.16 709.56 0.99 555.07 733.40 0.97 634.15 768.17 0.99 593.30 852.42 0.95 664.70 884.26 0.98 605.44 981.63 0.97 674.57 1024.55 0.98
1440 493.95 334.76 827.50 1068.08 0.8851
700.06 443.74 0.17 685.58 421.76 0.01 693.38 430.66 0.13 616.38 407.47 0.06 652.88 430.55 0.81 545.29 476.81 0.97 623.20 551.35 1.00 558.14 548.30 0.34 623.13 697.03 0.99 656.27 546.59 0.36 735.62 651.37 0.98 545.42 718.88 0.97 620.37 754.48 0.99 585.96 842.10 0.96 661.02 872.42 0.99 601.37 978.03 0.98 676.43 1018.82 0.99
1450 489.55 115.13 717.40 712.32 0.8696
594.28 188.12 0.02 582.59 177.50 0.00 593.48 176.67 0.01 532.08 177.51 0.23 589.83 179.26 0.67 503.23 244.23 0.98 621.45 245.47 0.98 493.37 332.26 0.16 657.36 343.80 0.75 521.25 371.94 0.02 673.62 416.09 0.39 542.23 424.72 0.99 622.86 423.20 0.99 567.20 544.25 0.99 645.86 539.15 0.99 593.67 671.07 0.99 673.52 668.10 0.99
1460 454.57 0.18 678.06 495.47 0.9126
564.38 38.67 0.02 556.62 29.65 0.00 565.59 29.15 0.01 518.22 32.99 0.55 570.22 34.35 0.74 486.80 98.11 1.00 595.76 96.73 1.00 479.23 189.60 0.93 638.79 191.57 0.96 505.70 224.86 0.46 630.44 231.11 0.58 537.55 265.65 1.00 611.53 263.17 1.00 561.94 362.83 0.98 619.71 354.46 0.97 592.59 459.86 0.96 647.98 441.70 0.94
1470 582.96 2.53 700.37 412.42 0.3912
598.75 15.62 0.25 598.10 5.43 0.10 592.28 6.53 0.06 605.91 0.00 0.10 596.40 3.52 0.05 647.92 18.94 0.79 627.10 34.46 0.66 675.56 76.87 0.52 655.93 84.96 0.16 664.71 70.29 0.42 659.52 66.49 0.12 686.88 177.61 0.67 667.82 182.82 0.64 694.45 302.79 0.52 681.25 311.06 0.58 701.37 407.28 0.33 693.21 409.39 0.40
1480 561.98 230.85 825.11 918.44 0.9064
705.78 335.05 0.94 713.44 316.45 0.86 687.30 324.67 0.93 724.68 298.18 0.47 656.34 315.94 0.84 756.91 345.93 0.98 621.00 367.78 0.99 797.54 446.16 0.97 595.06 476.48 0.97 800.37 552.35 0.97 630.65 549.01 0.97 745.99 551.20 0.98 667.93 566.22 0.99 732.10 664.70 0.87 697.35 707.56 0.98 707.54 717.51 0.83 718.51 841.12 0.97
1490 607.12 426.66 983.84 945.43 0.7237
713.56 535.60 0.03 715.26 525.07 0.03 711.78 513.56 0.01 727.70 522.24 0.34 718.95 498.91 0.24 818.07 574.53 0.98 775.69 545.92 0.76 915.10 702.28 0.97 907.33 692.84 0.53 927.72 817.53 0.97 926.09 811.46 0.49 834.65 705.94 0.86 797.16 684.28 0.78 802.71 777.74 0.55 782.61 781.71 0.57 787.01 858.07 0.51 771.53 862.26 0.62
1500 705.59 431.69 983.15 931.58 0.7371
740.94 540.00 0.28 741.20 530.30 0.17 739.29 520.53 0.01 782.40 511.96 0.70 782.78 485.30 0.01 881.84 578.34 1.00 806.21 500.81 0.94 933.37 709.99 1.00 787.50 574.09 0.93 943.47 828.04 0.98 739.67 640.34 0.96 859.75 783.24 0.98 811.66 743.44 0.98 805.97 869.58 0.45 785.47 850.62 0.62 827.15 909.01 0.24 799.52 902.45 0.34
1510 647.72 310.52 873.50 722.10 0.6099
830.69 418.88 0.08 834.00 397.47 0.06 814.94 404.31 0.10 826.96 387.46 0.17 779.32 408.20 0.60 811.82 460.12 0.79 759.10 509.11 0.99 818.33 550.91 0.03 677.25 628.45 0.99 849.57 595.26 0.03 820.64 672.78 0.98 798.89 650.62 0.44 755.93 679.58 0.62 837.01 626.20 0.04 777.03 664.75 0.05 801.76 642.62 0.02 766.61 665.06 0.01
1520 640.58 356.37 975.79 968.54 0.7117
826.93 459.65 0.20 827.23 439.09 0.02 814.77 445.90 0.18 792.63 426.61 0.03 774.99 445.30 0.60 739.17 469.39 0.75 744.08 572.68 0.97 682.39 516.23 0.26 788.38 717.48 0.96 695.30 471.09 0.35 917.32 798.90 0.98 709.83 633.88 0.64 722.67 681.07 0.90 734.19 694.90 0.68 740.32 742.47 0.97 713.15 818.15 0.90 724.60 905.98 0.98
1530 636.05 447.60 949.50 966.89 0.8322
820.69 491.35 0.08 810.89 478.97 0.00 813.97 486.42 0.03 767.95 480.84 0.02 788.78 501.89 0.45 742.73 524.16 0.88 755.17 616.69 0.99 726.20 535.31 0.29 758.61 752.65 0.99 746.63 485.21 0.33 872.98 815.12 0.98 706.65 709.65 0.83 726.27 753.95 0.97 733.09 742.75 0.47 740.24 804.45 0.92 698.34 831.86 0.74 718.31 912.75 0.94
1540 649.83 435.29 846.19 965.88 0.4463
825.08 467.96 0.21 819.96 452.60 0.01 816.54 456.52 0.13 781.77 453.76 0.03 786.16 469.99 0.40 749.88 526.20 0.90 763.59 575.78 1.00 764.07 603.34 0.04 728.52 702.85 0.98 811.26 607.08 0.04 797.48 753.41 0.95 714.66 718.54 0.81 724.54 747.47 0.94 747.45 715.68 0.70 752.75 761.47 0.93 708.14 816.82 0.94 718.94 898.81 0.96
1550 617.41 168.02 885.24 856.69 0.8467
782.92 260.53 0.01 773.91 245.56 0.01 790.53 249.14 0.01 734.87 246.09 0.73 808.89 251.46 0.84 686.43 325.47 0.99 843.02 333.80 0.99 650.14 446.87 0.71 871.67 447.95 0.50 672.01 512.34 0.32 832.04 508.52 0.14 700.15 542.89 0.99 796.74 540.10 0.99 708.44 657.32 0.98 793.44 624.09 0.97 719.23 799.99 0.98 787.14 730.76 0.99
1560 478.00 17.78 692.49 568.00 0.9337
586.29 81.34 0.02 581.53 70.76 0.01 592.29 71.41 0.01 553.90 73.92 0.82 611.64 76.49 0.84 515.68 142.18 1.00 640.89 149.37 1.00 499.54 226.78 0.83 659.61 246.64 0.78 530.64 259.59 0.22 641.08 282.91 0.13 543.74 320.91 1.00 627.49 321.91 1.00 542.54 419.86 1.00 616.95 419.41 1.00 553.90 533.18 1.00 611.26 523.29 0.99
1570 457.50 65.40 672.09 614.13 0.8711
570.90 151.01 0.41 574.31 137.64 0.15 557.95 139.49 0.46 575.32 125.80 0.07 527.23 131.32 0.61 598.38 170.17 0.99 503.87 174.56 0.97 628.18 258.51 0.98 518.15 232.72 0.35 652.72 343.76 0.96 562.84 256.74 0.18 608.35 353.48 1.00 541.48 359.68 0.99 614.68 465.78 0.99 544.40 471.29 0.99 604.43 558.21 0.99 544.99 570.68 0.99
1580 472.04 72.40 683.53 661.26 0.9047
573.49 161.44 0.99 580.06 145.79 0.94 556.19 150.46 0.99 588.87 136.17 0.11 521.52 147.94 0.96 610.83 188.02 1.00 501.08 207.54 0.99 642.03 277.75 0.99 503.50 298.03 0.25 663.55 360.08 0.97 547.67 344.85 0.13 617.44 384.53 1.00 545.26 397.54 1.00 610.03 489.86 1.00 560.33 512.15 1.00 606.28 566.72 1.00 573.39 611.78 1.00
1590 468.71 71.43 683.72 661.73 0.8980
583.87 167.59 0.97 592.22 151.95 0.89 567.09 154.66 0.98 601.50 140.14 0.10 531.84 146.78 0.92 621.13 193.73 1.00 505.36 207.08 0.97 661.19 275.99 0.98 505.69 306.82 0.75 648.57 316.13 0.97 590.15 323.96 0.82 621.65 375.31 1.00 548.25 384.61 0.99 617.41 479.91 1.00 560.85 499.17 0.99 607.21 561.94 0.99 570.52 601.89 0.99
1600 466.79 82.82 677.82 661.59 0.9012
577.54 177.94 0.97 581.97 162.06 0.79 561.52 166.48 0.99 585.31 144.58 0.03 523.92 155.44 0.96 608.44 187.10 0.99 499.43 205.87 0.97 651.28 272.10 0.98 507.49 304.72 0.83 640.62 316.71 0.97 573.90 326.88 0.89 619.10 368.57 1.00 549.21 380.22 0.99 617.18 475.18 0.99 562.01 495.20 0.99 603.23 561.40 0.99 569.79 597.50 0.99
1610 468.38 83.35 678.44 662.90 0.8877
579.38 180.15 0.94 583.61 164.23 0.68 562.75 168.76 0.97 587.07 146.45 0.02 523.75 157.53 0.94 611.89 190.11 0.99 500.29 204.66 0.96 655.17 278.83 0.98 507.91 300.95 0.84 642.96 319.83 0.97 562.69 327.36 0.90 619.34 371.17 1.00 547.51 381.65 0.99 616.21 479.02 0.99 562.28 500.42 0.99 605.28 561.83 0.99 570.12 601.44 0.99
1620 457.96 65.72 661.72 663.07 0.8873
593.49 147.78 0.72 586.22 133.16 0.03 581.24 140.23 0.84 559.60 132.23 0.00 539.74 151.99 0.94 575.97 184.44 0.96 492.26 218.40 0.98 602.02 274.59 0.68 481.50 318.44 0.79 627.39 342.84 0.76 554.57 318.59 0.80 600.43 372.13 0.99 538.86 393.58 0.99 601.60 481.53 0.99 553.63 504.29 1.00 602.43 561.64 0.99 568.01 604.76 0.99
1630 452.73 51.46 638.19 662.05 0.8003
551.10 132.92 0.04 539.44 119.35 0.00 554.16 122.96 0.06 480.58 113.54 0.10 544.71 128.23 0.89 474.05 163.63 0.82 521.62 206.22 0.99 509.52 232.60 0.07 527.68 311.34 0.99 568.01 260.48 0.26 591.00 305.15 0.99 514.25 356.73 0.83 544.57 377.58 0.97 540.98 458.96 0.76 561.67 492.09 0.98 543.21 551.51 0.86 566.01 606.93 0.97
1640 452.33 50.23 634.92 661.60 0.8087
549.87 136.20 0.05 539.52 122.45 0.00 553.18 125.59 0.06 480.65 116.07 0.10 541.58 129.48 0.87 467.06 168.58 0.84 517.48 210.25 1.00 505.75 233.28 0.06 528.65 316.12 0.98 561.04 255.41 0.24 584.32 306.36 0.98 507.50 358.71 0.84 540.04 378.57 0.98 539.80 462.05 0.79 559.97 492.55 0.99 544.41 559.83 0.86 567.52 611.46 0.97
1650 588.23 240.51 868.68 881.67 0.9192
722.03 348.05 0.93 733.15 331.74 0.90 705.44 336.31 0.86 752.34 311.50 0.70 680.70 320.06 0.63 792.64 348.74 0.98 650.15 346.96 0.98 838.40 448.74 0.93 627.25 439.18 0.98 865.45 537.15 0.84 620.15 517.32 0.98 762.75 546.14 0.98 677.46 549.04 0.99 767.35 670.58 0.98 686.30 691.80 0.98 771.51 756.03 0.99 706.77 806.95 0.99
1660 649.92 392.36 1024.33 914.28 0.8090
780.50 470.68 0.11 795.45 455.40 0.09 768.71 455.97 0.03 830.81 444.55 0.42 756.14 444.00 0.12 902.98 497.72 0.95 747.02 480.07 0.94 982.71 589.52 0.90 705.90 536.60 0.95 975.80 663.07 0.81 684.87 631.25 0.99 843.17 694.66 0.94 746.52 673.90 0.98 846.36 809.90 0.73 729.26 765.98 0.96 850.27 881.99 0.81 733.34 841.63 0.98
1670 642.96 376.27 1027.83 962.85 0.6381
751.93 473.53 0.22 768.40 455.29 0.18 733.85 458.94 0.13 801.85 435.56 0.47 713.48 443.96 0.22 874.99 470.34 0.96 713.92 483.54 0.94 961.98 548.00 0.92 690.12 548.79 0.85 994.47 639.63 0.90 674.46 620.98 0.90 822.49 698.38 0.98 729.56 689.01 0.98 832.02 823.09 0.93 725.04 780.45 0.96 834.53 937.41 0.94 726.59 851.64 0.98
1690 492.30 96.39 684.41 680.01 0.8668
630.53 166.37 0.02 621.45 153.74 0.00 632.38 156.13 0.02 566.04 150.87 0.36 627.69 161.13 0.68 523.34 210.47 0.97 635.52 232.98 0.99 512.98 297.79 0.13 653.82 333.47 0.90 549.35 346.10 0.03 646.21 400.81 0.50 535.00 391.68 0.99 610.46 399.82 0.99 569.09 507.59 0.96 615.89 506.63 0.99 577.60 629.22 0.97 626.50 619.16 0.99
1700 490.77 117.79 692.17 753.82 0.8907
632.80 199.28 0.33 622.90 183.53 0.00 629.86 188.85 0.31 556.86 178.00 0.02 601.15 198.63 0.89 535.59 231.55 0.93 566.22 289.19 1.00 569.69 319.02 0.08 570.67 395.90 0.98 631.66 386.42 0.24 649.85 425.50 0.98 546.73 426.11 0.93 573.87 456.44 0.98 555.27 524.93 0.94 595.21 569.56 0.99 556.75 612.16 0.97 603.59 696.17 0.99
1710 509.60 123.84 696.27 751.32 0.8604
646.06 222.27 0.06 635.69 206.11 0.00 649.39 211.44 0.08 570.36 193.61 0.19 634.40 212.07 0.87 529.71 249.83 0.99 618.40 297.81 0.99 527.59 335.87 0.24 630.96 412.95 0.76 580.25 376.35 0.06 658.21 451.72 0.32 547.67 435.27 0.99 606.64 456.62 0.99 561.62 540.13 0.98 609.43 574.46 1.00 572.39 632.02 0.99 600.25 699.33 0.99
1720 504.06 131.32 701.67 750.69 0.8452
644.78 227.00 0.09 633.93 211.11 0.00 647.17 216.28 0.13 566.45 199.81 0.17 629.07 218.19 0.90 528.23 255.92 0.99 612.48 303.55 0.99 528.63 339.91 0.29 632.29 411.70 0.92 587.09 379.11 0.09 675.07 432.58 0.72 548.38 440.60 0.99 605.05 461.92 0.99 560.02 543.35 0.97 606.69 575.86 0.99 570.14 634.74 0.98 599.43 695.64 0.99
1730 511.66 131.87 694.33 751.57 0.8881
647.07 230.65 0.33 637.58 215.04 0.01 644.85 219.15 0.36 575.32 203.42 0.05 616.73 219.88 0.91 544.24 257.22 0.98 599.70 308.63 1.00 564.08 334.20 0.24 604.68 420.56 0.99 611.06 383.36 0.18 652.27 472.85 0.99 557.66 447.32 0.98 600.63 472.64 0.99 560.03 541.07 0.98 607.27 583.84 1.00 567.17 626.67 0.99 602.96 701.04 0.99
1740 513.13 132.21 696.13 751.02 0.8924
645.95 231.69 0.47 638.26 215.66 0.01 641.25 218.96 0.48 581.52 204.05 0.02 608.89 217.86 0.90 553.87 261.54 0.97 590.20 305.40 1.00 594.73 346.27 0.39 598.54 415.72 0.99 646.89 401.26 0.49 643.28 469.62 0.99 564.62 447.02 0.96 597.62 470.70 0.99 563.39 545.04 0.97 605.94 585.90 0.99 569.40 631.09 0.98 604.44 701.48 0.99
1750 508.00 131.69 693.17 750.97 0.8651
639.36 229.68 0.22 629.74 213.83 0.00 638.93 217.99 0.24 565.22 202.61 0.06 614.30 218.75 0.89 533.94 259.59 0.98 595.04 306.56 1.00 557.43 334.71 0.13 603.95 416.88 0.93 611.61 371.32 0.09 654.61 437.08 0.82 551.80 447.47 0.98 597.50 469.78 0.99 559.12 544.00 0.97 605.56 580.66 0.99 570.59 628.51 0.98 602.13 700.06 0.99
1760 501.59 137.98 702.53 750.57 0.8618
640.56 237.10 0.45 632.65 220.37 0.01 637.32 224.77 0.50 569.59 206.82 0.03 605.80 223.03 0.90 535.04 258.50 0.98 589.27 303.27 0.99 557.87 338.10 0.21 600.07 408.12 0.97 624.77 382.00 0.15 670.74 423.91 0.94 559.62 445.80 0.98 601.29 467.63 0.99 562.06 548.11 0.98 607.03 583.97 0.99 569.95 636.39 0.98 601.51 699.47 0.99
1770 501.92 137.63 704.13 751.81 0.8744
640.14 234.72 0.64 636.57 219.14 0.02 634.07 221.98 0.67 584.76 207.41 0.01 597.75 218.95 0.85 555.49 258.19 0.95 567.10 294.14 0.99 584.41 347.61 0.27 577.54 405.03 0.98 645.71 399.29 0.23 668.08 432.82 0.97 574.53 446.13 0.95 593.16 468.34 0.98 568.04 541.00 0.97 608.09 583.08 0.99 573.34 630.88 0.98 602.11 700.70 0.99
1780 500.53 144.28 697.06 752.28 0.8842
641.03 237.56 0.09 628.55 222.18 0.00 642.90 227.66 0.12 557.93 214.92 0.09 622.86 235.36 0.93 535.85 267.83 0.98 592.89 322.98 1.00 566.06 334.28 0.20 596.65 433.67 0.97 622.99 379.99 0.29 664.44 437.27 0.94 559.97 461.95 0.98 602.36 488.24 0.99 560.24 550.68 0.97 606.85 590.60 0.99 568.85 633.98 0.99 601.96 704.62 0.99
1790 473.57 74.66 685.13 677.98 0.8873
604.26 161.94 0.06 594.49 150.08 0.00 604.98 150.52 0.04 537.81 143.17 0.32 594.70 149.26 0.77 499.82 198.73 0.99 606.68 221.28 1.00 507.62 254.31 0.24 655.61 318.40 0.91 556.25 259.97 0.02 633.06 333.09 0.28 529.90 377.73 0.99 602.45 389.16 1.00 541.07 474.88 0.97 593.91 508.72 0.99 548.22 553.82 0.98 583.96 635.79 0.99
1800 472.83 2.93 649.13 551.25 0.8947
577.10 23.35 0.61 584.67 12.63 0.12 566.01 12.68 0.51 576.48 19.80 0.04 541.95 21.82 0.47 560.59 80.00 0.80 525.59 91.58 0.99 582.63 162.55 0.09 522.19 186.34 0.96 606.84 230.42 0.10 580.35 251.51 0.92 576.03 260.16 0.94 569.17 271.09 0.98 581.30 377.18 0.96 609.87 390.48 0.99 592.67 482.25 0.94 613.26 506.57 0.98
1810 454.23 38.68 676.39 601.89 0.8949
564.52 120.00 0.97 571.83 105.36 0.82 550.26 107.24 0.97 576.00 97.32 0.09 519.95 102.00 0.81 576.63 150.47 0.97 502.65 160.13 0.98 609.67 241.58 0.96 520.85 228.04 0.73 642.50 313.06 0.98 561.12 163.16 0.59 590.82 321.81 0.99 555.71 331.93 0.99 570.60 423.96 0.99 595.20 445.35 0.99 566.20 529.93 0.96 608.26 551.15 0.95
1820 585.67 208.45 852.72 885.15 0.9148
761.83 303.70 0.95 766.38 285.83 0.68 744.28 295.81 0.95 768.15 271.46 0.13 705.14 292.35 0.92 785.22 316.24 0.99 653.28 346.87 0.99 815.62 417.66 0.97 615.60 449.86 0.97 846.25 515.61 0.94 623.60 541.73 0.98 771.56 529.45 0.98 692.81 545.97 0.98 754.29 642.94 0.98 692.60 683.85 0.99 738.82 724.01 0.99 685.04 813.13 0.98
1830 633.93 381.40 1010.53 976.14 0.8807
751.11 479.54 0.13 764.13 460.57 0.12 732.22 467.40 0.06 799.24 450.39 0.49 714.26 467.16 0.24 884.28 497.30 0.97 712.13 527.89 0.98 956.66 578.67 0.95 688.81 610.13 0.97 978.51 624.40 0.94 678.53 681.05 0.97 853.51 739.27 0.97 744.64 738.93 0.99 860.05 849.22 0.66 709.97 830.82 0.95 847.70 903.39 0.66 695.77 892.27 0.96
1840 500.73 665.62 913.25 1347.30 0.9196
828.10 786.21 0.01 801.35 764.48 0.00 837.65 790.90 0.00 726.16 759.09 0.59 849.16 820.36 0.55 637.76 822.42 1.00 858.67 965.24 0.99 547.96 761.26 0.99 869.23 1071.79 0.66 660.02 705.75 0.95 796.37 1038.97 0.20 614.07 1077.81 0.99 744.95 1133.03 0.98 636.06 1134.07 0.97 737.06 1211.34 0.96 634.38 1251.98 0.98 716.54 1310.05 0.98
1850 479.92 820.03 903.06 1493.96 0.7283
809.78 1007.50 0.02 769.14 967.56 0.01 820.21 1007.22 0.03 659.72 922.90 0.39 821.80 1017.39 0.75 572.54 981.49 0.99 798.78 1191.41 0.98 512.46 1119.49 0.85 831.91 1378.79 0.75 584.59 1150.99 0.16 815.60 1388.97 0.38 592.45 1282.56 0.96 742.76 1387.56 0.91 612.83 1314.68 0.70 746.53 1442.56 0.40 599.59 1401.72 0.56 684.40 1473.98 0.31
1860 335.95 932.49 821.43 1494.44 0.8669
673.86 1141.33 0.01 621.35 1121.22 0.00 686.41 1147.19 0.01 489.75 1123.13 0.63 701.57 1192.30 0.83 414.42 1198.47 0.99 734.59 1390.37 0.90 411.41 1056.20 0.98 734.47 1482.23 0.05 578.72 998.14 0.92 715.72 1385.20 0.06 529.10 1361.79 0.57 738.43 1453.64 0.12 637.47 1211.49 0.29 799.65 1309.51 0.05 626.59 1285.20 0.03 707.08 1350.31 0.01
1870 338.79 972.31 837.90 1495.86 0.9206
687.81 1152.86 0.01 633.84 1132.35 0.00 695.04 1159.07 0.01 487.88 1131.46 0.55 690.53 1200.50 0.87 437.96 1205.78 0.99 738.17 1354.86 0.92 406.00 1052.05 0.95 691.65 1413.26 0.10 540.38 1024.09 0.87 608.72 1364.07 0.07 566.39 1415.39 0.50 761.63 1471.32 0.16 596.68 1342.16 0.07 750.93 1429.17 0.02 577.18 1396.93 0.02 665.29 1446.06 0.01
1880 331.61 931.65 853.34 1496.38 0.9055
621.39 1107.42 0.01 585.14 1098.12 0.00 638.81 1111.28 0.00 489.55 1129.70 0.64 685.25 1164.20 0.60 436.54 1220.20 1.00 740.96 1338.58 0.91 406.07 1045.04 0.99 753.85 1311.48 0.11 546.66 965.40 0.99 647.13 1198.20 0.11 542.09 1417.60 0.69 737.92 1473.87 0.26 582.93 1329.09 0.12 755.71 1438.93 0.03 567.15 1394.60 0.02 666.03 1465.54 0.01
1890 330.67 933.11 853.13 1495.99 0.9096
672.67 1127.63 0.00 622.63 1107.56 0.00 681.49 1139.03 0.00 499.60 1114.06 0.56 689.40 1194.77 0.72 420.08 1184.25 1.00 743.84 1389.13 0.94 410.61 1032.68 0.99 769.75 1429.94 0.10 555.96 961.84 0.97 688.88 1352.98 0.09 545.74 1379.35 0.69 752.01 1471.96 0.21 621.82 1305.59 0.10 784.80 1425.59 0.02 599.92 1372.05 0.02 684.25 1441.26 0.01
1900 333.91 927.79 857.58 1494.97 0.7649
668.02 1107.04 0.00 626.48 1093.48 0.00 680.83 1111.84 0.00 516.36 1118.26 0.63 706.00 1166.24 0.74 457.85 1213.69 1.00 767.05 1351.56 0.92 408.48 1038.74 0.99 762.07 1326.94 0.11 552.67 960.27 0.98 664.15 1206.97 0.08 529.87 1420.30 0.58 733.41 1480.51 0.19 582.37 1301.42 0.08 752.69 1425.33 0.02 562.48 1368.81 0.02 653.20 1454.01 0.01
1910 333.07 929.08 854.87 1494.11 0.9212
638.18 1100.35 0.00 604.11 1089.02 0.00 656.85 1107.65 0.00 514.34 1120.67 0.69 704.45 1165.49 0.70 458.93 1205.74 1.00 764.85 1351.66 0.92 410.05 1038.90 0.99 757.60 1378.72 0.10 553.05 962.84 0.99 670.41 1292.11 0.06 546.47 1414.51 0.56 746.44 1478.75 0.17 585.09 1311.63 0.07 758.68 1435.73 0.02 577.44 1372.84 0.01 670.67 1458.27 0.01
1920 332.26 931.25 852.13 1496.40 0.9064
632.83 1107.07 0.00 597.80 1096.88 0.00 651.45 1115.30 0.00 508.90 1129.65 0.68 701.74 1174.98 0.58 449.23 1211.27 0.99 752.92 1348.45 0.88 408.02 1039.85 0.99 734.46 1344.45 0.07 553.81 964.53 0.98 643.06 1253.09 0.07 530.82 1416.11 0.61 729.80 1481.59 0.17 560.67 1303.74 0.09 741.94 1424.95 0.02 554.78 1370.05 0.02 651.31 1458.02 0.01
1930 332.71 931.23 847.43 1494.88 0.9127
641.40 1105.05 0.00 604.38 1091.89 0.00 658.96 1112.40 0.00 511.47 1118.08 0.72 706.06 1169.34 0.70 445.52 1202.67 1.00 760.47 1358.73 0.91 406.79 1039.69 0.99 750.99 1389.61 0.08 554.55 964.17 0.98 665.01 1300.88 0.07 525.12 1401.64 0.64 728.98 1475.59 0.18 565.96 1284.96 0.11 749.12 1414.42 0.02 555.83 1353.82 0.02 645.96 1443.33 0.01
1940 333.30 930.98 850.27 1494.12 0.9215
645.98 1101.66 0.00 614.70 1087.62 0.00 664.18 1107.81 0.00 530.52 1112.13 0.74 711.80 1158.91 0.59 451.43 1212.18 1.00 756.31 1330.28 0.89 408.93 1044.87 0.99 732.04 1238.58 0.11 555.30 967.71 0.98 648.15 1126.59 0.11 533.34 1415.40 0.51 743.23 1480.22 0.13 585.89 1314.51 0.06 755.17 1421.62 0.01 577.95 1367.19 0.01 673.16 1444.23 0.01
1950 404.22 821.74 929.68 1489.39 0.9219
833.54 967.75 0.00 805.78 939.31 0.00 845.36 970.59 0.00 726.84 929.76 0.85 864.03 1001.93 0.72 596.87 1023.08 1.00 885.87 1177.57 1.00 466.35 951.36 0.99 869.70 1321.59 0.76 585.34 877.35 0.96 789.80 1312.87 0.16 621.06 1298.27 0.97 791.47 1367.26 0.93 606.94 1338.99 0.67 769.40 1436.93 0.39 594.05 1423.44 0.07 745.75 1470.27 0.04
1960 532.01 756.29 987.16 1493.61 0.8974
737.59 886.35 0.01 716.30 869.54 0.00 747.51 866.68 0.00 649.50 878.15 0.50 773.82 874.50 0.60 593.11 1022.06 0.99 858.42 1014.03 1.00 566.92 1187.35 0.65 935.56 1226.86 0.98 635.06 1193.55 0.03 901.46 1335.10 0.81 666.20 1372.40 0.96 831.31 1368.67 0.98 705.56 1451.55 0.08 819.94 1464.32 0.09 721.27 1500.00 0.02 810.76 1500.00 0.02
1970 543.40 850.21 1076.13 1489.28 0.8953
908.61 1019.23 0.00 891.51 1003.04 0.00 939.02 1024.02 0.00 864.13 1027.34 0.83 1024.41 1067.88 0.32 756.53 1104.16 1.00 1036.58 1197.35 0.99 619.03 1055.69 0.99 1010.07 1319.88 0.91 617.32 926.19 0.96 899.15 1321.29 0.40 716.15 1337.42 0.96 879.02 1379.68 0.90 702.74 1355.32 0.73 864.67 1423.53 0.46 702.16 1430.28 0.39 824.76 1473.65 0.22
1980 276.16 630.33 975.02 1424.61 0.9114
788.22 782.00 0.07 789.21 778.91 0.16 820.77 777.41 0.01 790.71 841.14 0.95 912.74 826.87 0.26 712.19 965.50 0.99 900.66 921.50 0.97 487.32 914.48 0.99 783.60 895.44 0.82 366.21 722.93 0.99 658.69 888.89 0.90 702.61 1187.73 0.99 821.10 1164.31 0.98 705.86 1295.56 0.94 816.26 1254.94 0.97 724.78 1390.03 0.89 822.59 1342.43 0.97
1990 238.52 646.03 928.87 1424.80 0.9091
762.99 781.73 0.02 763.06 770.74 0.02 795.02 765.01 0.00 775.80 807.47 0.84 882.72 784.13 0.19 706.90 957.08 0.99 883.07 879.26 0.96 456.47 925.51 0.99 772.91 882.29 0.83 322.83 781.20 0.98 650.11 905.56 0.92 725.71 1174.15 0.98 840.42 1137.59 0.98 716.61 1284.38 0.95 824.26 1240.20 0.97 735.55 1399.74 0.95 824.24 1346.53 0.98
2000 615.57 649.81 963.42 1426.73 0.9246
759.44 808.44 0.00 747.50 798.22 0.00 786.27 786.07 0.00 728.62 815.76 0.68 858.10 782.77 0.48 703.50 974.29 0.99 901.08 874.98 0.99 694.62 1139.77 0.98 936.09 980.44 0.92 659.86 1207.06 0.91 890.06 1024.09 0.54 740.60 1196.53 0.99 860.36 1153.43 0.98 731.31 1294.89 0.97 840.87 1258.21 0.95 740.21 1395.76 0.96 832.79 1357.85 0.96
2010 615.37 643.15 957.90 1425.96 0.9184
766.57 796.00 0.00 751.60 784.89 0.00 791.35 774.98 0.00 721.31 801.87 0.64 853.93 774.88 0.53 694.13 958.80 0.99 896.27 867.63 0.99 680.94 1125.97 0.98 929.95 974.82 0.91 650.41 1193.94 0.88 885.34 1013.60 0.47 734.13 1181.87 0.99 857.48 1140.55 0.99 727.64 1283.88 0.97 838.22 1239.59 0.96 741.48 1393.38 0.97 831.80 1348.28 0.97
2020 616.33 602.56 948.22 1367.90 0.9179
711.62 753.53 0.00 704.90 742.63 0.00 741.90 727.81 0.00 701.38 758.02 0.81 827.74 717.80 0.60 683.84 916.15 0.99 885.11 826.49 0.99 684.13 1099.41 0.95 920.90 939.52 0.91 651.26 1205.65 0.73 871.65 1006.47 0.54 728.99 1144.85 0.96 858.10 1105.29 0.98 716.56 1203.29 0.82 838.85 1195.50 0.93 719.52 1292.56 0.85 836.66 1321.12 0.93
2030 560.80 254.91 848.23 1003.33 0.7436
688.69 355.47 0.01 681.71 340.96 0.01 700.63 339.47 0.01 655.36 341.95 0.63 731.48 335.72 0.62 619.54 437.95 0.99 769.69 427.89 0.98 602.24 569.99 0.96 815.23 551.24 0.74 597.48 649.16 0.89 804.03 601.10 0.27 657.10 638.83 0.99 749.49 638.17 0.99 692.70 748.86 0.93 747.81 786.12 0.96 711.03 831.25 0.96 724.94 941.44 0.97
2040 448.40 40.37 650.65 633.16 0.6421
542.53 106.78 0.02 534.08 97.05 0.01 546.22 96.66 0.01 502.90 101.95 0.72 566.26 101.98 0.83 482.87 171.36 0.99 595.08 175.19 0.99 451.40 220.31 0.41 620.45 275.18 0.93 473.94 209.45 0.08 631.89 348.63 0.82 520.92 358.56 0.99 595.23 354.17 0.99 544.85 474.26 0.99 604.30 448.16 0.98 565.76 594.66 0.97 626.68 529.28 0.97
2050 503.77 13.95 690.18 556.54 0.9159
531.42 69.90 0.05 526.04 60.55 0.04 532.43 58.85 0.01 518.32 53.65 0.78 563.48 48.26 0.50 528.35 90.51 0.99 603.27 87.84 0.99 577.26 170.00 0.95 653.51 178.07 0.98 624.63 215.22 0.79 628.82 217.74 0.91 586.18 257.83 0.99 639.45 255.34 0.99 600.05 387.10 0.98 641.96 372.82 0.97 620.83 508.81 0.95 637.11 482.38 0.92
2060 505.96 11.89 692.77 557.95 0.9103
533.20 67.63 0.05 527.91 58.10 0.04 534.61 56.56 0.01 522.27 51.63 0.79 567.89 46.43 0.46 535.07 90.18 0.99 607.07 87.49 0.99 580.54 171.60 0.96 654.42 178.41 0.98 630.42 218.39 0.82 639.34 222.31 0.93 593.93 262.75 0.99 641.93 260.70 0.98 604.37 391.82 0.97 636.38 380.90 0.95 625.43 508.10 0.92 634.84 491.97 0.87
2070 510.69 8.06 694.94 557.83 0.9095
537.18 65.19 0.06 531.89 55.49 0.05 537.85 54.02 0.01 526.08 49.57 0.79 570.64 44.51 0.48 539.35 90.33 0.99 611.33 87.18 0.99 581.49 171.39 0.96 657.95 177.49 0.98 632.50 219.21 0.79 641.29 223.86 0.93 595.04 261.53 0.99 645.24 259.18 0.98 604.77 392.22 0.97 636.08 381.35 0.93 622.35 509.64 0.90 636.25 490.36 0.82
2080 537.09 6.58 704.57 493.82 0.8522
565.29 80.54 0.03 563.11 72.77 0.03 568.86 67.33 0.00 570.40 77.24 0.77 610.08 61.89 0.35 616.40 135.28 0.99 630.14 106.76 0.93 638.70 226.62 0.53 638.63 194.53 0.03 626.53 290.88 0.14 626.18 261.37 0.02 636.37 295.76 0.95 651.03 281.44 0.87 635.22 370.83 0.84 657.50 359.11 0.58 658.36 457.47 0.85 679.33 439.93 0.67
2090 524.58 1.97 686.33 493.99 0.8952
549.73 58.08 0.04 546.91 48.63 0.04 552.24 45.95 0.00 555.19 49.22 0.77 587.74 41.22 0.22 613.37 107.42 1.00 601.71 95.84 0.93 647.08 204.01 0.99 610.86 180.77 0.03 624.10 279.03 0.94 585.25 225.41 0.03 626.46 278.31 0.97 616.08 270.61 0.84 641.30 372.93 0.86 628.03 366.19 0.56 661.19 450.29 0.79 653.72 442.27 0.58
2100 522.26 1.19 684.89 495.07 0.9019
547.99 60.71 0.06 544.92 50.79 0.05 549.35 49.94 0.00 555.02 49.74 0.75 580.37 46.61 0.11 617.87 108.34 1.00 590.95 101.70 0.96 646.93 209.65 0.98 592.62 181.59 0.04 636.86 285.28 0.90 562.99 212.43 0.02 628.55 287.19 0.98 607.31 281.72 0.91 643.28 381.53 0.88 623.19 377.75 0.71 657.95 457.07 0.79 649.04 448.77 0.70
2110 523.90 0.29 684.44 494.85 0.9063
550.37 58.49 0.05 547.42 48.57 0.03 551.67 47.60 0.00 555.87 48.19 0.64 580.93 44.76 0.13 613.99 105.51 1.00 593.17 100.21 0.94 642.38 204.78 0.98 594.26 180.57 0.04 629.78 283.08 0.92 566.43 214.02 0.02 626.30 279.34 0.97 608.78 274.32 0.89 639.73 375.19 0.84 620.58 371.56 0.65 661.07 448.63 0.76 650.52 441.94 0.66
2120 492.25 10.31 702.02 572.64 0.8699
531.26 84.60 0.93 540.63 69.91 0.95 519.37 73.61 0.78 568.30 63.64 0.86 514.40 73.46 0.10 616.47 113.34 1.00 533.82 124.96 0.97 669.73 198.16 0.98 551.75 200.27 0.88 693.18 281.28 0.94 535.54 260.56 0.86 640.88 275.50 0.99 588.29 278.90 0.97 638.86 391.54 0.91 614.89 391.74 0.85 622.21 498.87 0.84 620.42 492.61 0.79
2130 547.03 198.50 850.17 791.41 0.7272
674.19 306.61 0.92 683.65 291.21 0.88 659.67 294.21 0.87 704.78 270.51 0.46 638.24 278.75 0.52 750.66 310.54 0.99 605.83 327.39 0.99 803.66 411.27 0.91 577.09 439.78 0.99 830.03 496.34 0.81 582.08 546.46 0.99 743.12 532.25 0.99 652.93 539.31 0.99 740.50 653.17 0.99 663.74 657.86 0.99 728.04 728.31 0.97 666.99 720.75 0.96
2140 494.37 459.93 855.76 1153.75 0.7950
674.25 602.88 0.91 681.08 578.29 0.72 650.20 593.55 0.73 693.76 546.88 0.20 603.95 580.81 0.35 748.04 593.16 0.99 555.99 612.43 0.96 790.30 743.68 0.99 520.33 716.16 0.80 757.43 874.93 0.99 569.98 763.27 0.74 725.24 827.38 0.98 626.73 839.23 0.97 709.43 962.01 0.81 677.40 977.81 0.86 694.51 1064.29 0.73 755.31 1080.48 0.87
2150 911.80 766.93 1336.00 1412.00 0.8447
1222.98 916.17 0.02 1188.04 892.53 0.00 1218.64 914.82 0.01 1090.22 872.99 0.25 1190.78 931.16 0.46 1037.60 925.87 0.98 1198.71 1028.22 0.99 1065.05 939.73 0.47 1237.94 1111.68 0.91 1114.06 955.28 0.36 1304.31 1046.14 0.89 1015.65 1139.14 0.99 1138.53 1182.43 0.99 997.81 1249.29 0.99 1121.44 1274.39 0.97 971.77 1355.67 0.99 1109.42 1369.97 0.96
2160 1014.28 386.20 1581.54 1336.87 0.9348
1339.02 820.53 0.02 1319.15 810.27 0.01 1346.70 816.85 0.01 1250.43 816.38 0.43 1367.79 827.76 0.28 1184.95 919.65 0.99 1378.97 850.65 0.99 1116.14 1059.86 0.97 1478.19 665.85 0.98 1054.08 1054.16 0.96 1534.63 496.10 0.97 1169.88 1100.59 0.99 1283.06 1084.28 0.99 1104.42 1202.00 0.96 1222.78 1174.81 0.97 1072.02 1289.15 0.94 1192.97 1263.27 0.96
2170 1026.24 362.19 1584.33 1326.20 0.9375
1388.25 733.77 0.12 1387.22 733.08 0.12 1404.54 731.69 0.01 1368.57 775.06 0.85 1460.48 761.75 0.06 1304.42 904.20 0.99 1459.90 793.38 0.98 1250.21 1060.32 0.99 1504.67 611.72 0.97 1144.51 1083.42 0.97 1535.33 455.13 0.97 1237.40 1085.01 0.99 1316.77 1050.89 0.99 1134.69 1196.56 0.96 1222.06 1163.57 0.94 1092.14 1285.98 0.95 1198.69 1261.35 0.94
2180 1026.30 371.24 1568.65 1326.14 0.9348
1384.26 737.14 0.05 1379.11 733.44 0.06 1400.31 731.24 0.01 1356.25 766.83 0.81 1452.88 753.15 0.09 1311.77 903.76 0.99 1451.79 786.17 0.98 1259.66 1060.02 0.99 1501.51 605.35 0.97 1154.24 1091.78 0.98 1518.20 453.07 0.97 1242.06 1085.50 0.99 1313.60 1046.38 0.99 1137.62 1197.78 0.96 1224.26 1164.84 0.94 1093.87 1287.11 0.96 1200.38 1260.98 0.95
2190 1025.96 363.50 1570.69 1324.81 0.9381
1374.26 731.68 0.04 1367.95 728.25 0.03 1392.38 724.94 0.00 1347.29 762.25 0.76 1454.15 746.02 0.09 1304.34 899.56 0.99 1461.41 778.92 0.98 1256.04 1055.57 0.99 1505.26 603.93 0.98 1151.24 1086.38 0.97 1521.78 449.36 0.97 1239.60 1078.63 0.99 1318.85 1038.68 0.99 1139.49 1190.61 0.96 1227.47 1162.59 0.96 1094.33 1284.14 0.96 1200.60 1259.56 0.95
2200 1025.11 367.56 1569.59 1324.96 0.9329
1392.28 704.55 0.23 1396.41 709.65 0.26 1408.48 702.41 0.02 1378.91 768.57 0.84 1457.71 741.92 0.06 1306.85 903.98 0.99 1460.33 786.22 0.98 1250.12 1051.10 0.98 1500.42 602.92 0.98 1136.87 1068.09 0.93 1515.86 449.10 0.98 1237.83 1080.30 0.98 1315.83 1043.31 0.98 1143.44 1180.07 0.96 1226.75 1153.45 0.94 1094.61 1283.66 0.96 1203.49 1257.29 0.95
2210 982.63 421.14 1531.08 1279.12 0.9213
1292.31 729.74 0.02 1273.95 718.42 0.01 1301.98 729.18 0.00 1212.50 729.15 0.49 1326.52 749.25 0.24 1130.34 804.29 0.98 1336.72 790.73 0.99 1064.45 889.49 0.61 1437.64 651.01 0.98 1079.84 827.53 0.09 1483.66 504.35 0.97 1103.17 974.34 0.96 1222.88 982.65 0.98 1072.07 1054.14 0.95 1198.72 1060.24 0.97 1039.28 1205.88 0.98 1185.26 1215.33 0.98
2220 1072.13 341.99 1609.37 1276.93 0.9373
1457.91 648.56 0.01 1441.00 641.06 0.00 1469.13 656.33 0.00 1399.78 661.99 0.50 1509.12 693.11 0.34 1340.78 686.53 0.99 1501.32 753.10 0.99 1355.63 508.31 0.99 1557.53 618.83 0.97 1443.76 409.97 0.94 1562.63 467.17 0.97 1229.47 912.40 1.00 1331.06 952.50 0.99 1153.79 1029.57 0.99 1239.01 1098.19 0.99 1106.76 1153.31 0.99 1181.09 1219.96 0.97
2230 1074.32 390.51 1653.50 1276.52 0.9357
1499.90 650.01 0.51 1506.64 646.95 0.55 1511.52 653.40 0.05 1490.04 698.79 0.90 1549.59 703.35 0.04 1364.34 791.99 1.00 1552.80 782.55 0.98 1262.95 913.47 0.96 1561.70 614.23 0.93 1191.30 893.12 0.67 1591.42 473.61 0.96 1247.88 995.62 0.99 1356.46 1014.17 0.99 1159.20 1053.03 0.98 1247.93 1114.10 0.97 1109.61 1148.78 0.99 1182.52 1223.43 0.98
2240 1076.09 428.62 1694.47 1276.13 0.9413
1489.19 691.20 0.19 1489.39 686.70 0.18 1500.78 695.33 0.03 1464.11 725.11 0.86 1541.25 734.31 0.14 1364.82 818.67 0.99 1531.86 775.81 0.98 1264.70 951.20 0.97 1547.26 615.88 0.95 1185.07 981.86 0.84 1621.04 495.54 0.95 1265.38 974.26 0.98 1362.45 978.56 0.99 1163.64 1049.73 0.95 1275.84 1092.72 0.96 1108.11 1141.95 0.96 1199.18 1207.63 0.96
2250 1075.45 430.14 1734.43 1275.73 0.9416
1481.96 711.00 0.03 1475.74 696.66 0.03 1493.79 710.08 0.01 1439.89 711.61 0.72 1530.27 732.76 0.20 1342.71 801.64 1.00 1522.90 779.80 0.98 1237.73 952.48 0.98 1557.17 623.14 0.91 1158.76 1007.11 0.68 1649.46 499.35 0.92 1254.84 1005.08 0.99 1363.10 1015.36 0.99 1154.56 1080.55 0.95 1257.88 1112.49 0.97 1111.63 1151.44 0.97 1192.89 1211.35 0.98
2260 1076.31 435.98 1733.53 1275.95 0.9439
1489.66 696.79 0.02 1475.90 678.75 0.01 1498.81 689.17 0.01 1419.79 685.29 0.76 1521.57 703.37 0.47 1334.79 800.23 1.00 1522.24 766.99 0.99 1245.05 954.00 0.98 1563.29 621.98 0.96 1165.93 984.48 0.81 1644.39 501.15 0.94 1251.71 1012.22 0.99 1355.24 1015.24 0.99 1149.39 1088.00 0.96 1249.40 1119.75 0.97 1112.39 1154.26 0.97 1189.41 1214.81 0.97
2270 1075.17 433.76 1732.05 1276.43 0.9408
1488.28 700.44 0.01 1473.54 682.23 0.01 1499.24 693.29 0.00 1418.19 687.07 0.72 1529.42 705.87 0.44 1335.23 797.27 1.00 1528.49 760.24 0.99 1239.57 946.43 0.98 1567.29 625.32 0.93 1166.82 978.87 0.81 1650.09 501.36 0.92 1257.91 996.72 0.99 1364.86 998.71 0.99 1155.14 1081.06 0.96 1258.30 1110.44 0.98 1113.22 1150.87 0.97 1192.29 1210.62 0.98
2280 1076.07 433.96 1731.98 1275.76 0.9416
1476.40 716.92 0.01 1465.07 700.21 0.01 1490.10 709.62 0.00 1419.64 705.04 0.74 1528.69 718.73 0.30 1332.51 806.16 1.00 1530.37 764.33 0.98 1240.27 947.85 0.98 1565.32 628.76 0.92 1170.52 975.58 0.89 1645.48 503.55 0.92 1252.88 1003.18 0.99 1362.93 1003.44 0.99 1151.68 1087.37 0.96 1252.70 1112.12 0.97 1114.24 1152.46 0.97 1190.24 1208.90 0.98
2290 1074.78 430.64 1732.74 1276.63 0.9422
1475.97 693.02 0.01 1463.87 677.43 0.01 1489.49 686.87 0.00 1418.30 689.81 0.81 1530.31 703.86 0.33 1331.66 800.06 1.00 1534.51 756.96 0.99 1241.52 948.28 0.98 1568.85 618.69 0.93 1165.69 978.95 0.88 1643.57 497.18 0.93 1252.95 1001.16 0.99 1363.34 1001.56 0.99 1151.98 1084.50 0.96 1253.52 1112.01 0.97 1115.19 1151.31 0.96 1191.51 1211.92 0.97
2300 1073.27 496.29 1659.97 1279.14 0.9401
1416.03 695.90 0.01 1407.80 685.86 0.01 1433.58 694.28 0.00 1379.41 710.17 0.83 1492.58 720.59 0.22 1285.99 802.99 1.00 1509.33 776.66 0.99 1185.02 920.80 0.97 1544.22 668.80 0.95 1169.41 851.75 0.83 1587.90 553.87 0.95 1220.65 985.71 0.99 1340.78 994.15 0.99 1147.66 1061.79 0.97 1242.32 1104.20 0.98 1115.51 1149.81 0.97 1180.67 1220.84 0.97
2310 900.92 783.01 1433.96 1459.44 0.9344
1164.47 914.77 0.03 1170.69 915.38 0.06 1202.01 894.83 0.00 1209.41 963.79 0.95 1317.35 904.42 0.13 1168.78 1161.81 1.00 1362.08 977.17 0.98 1151.98 1344.20 0.99 1341.62 1039.48 0.36 995.32 1300.59 0.99 1243.89 1052.94 0.13 1144.51 1317.10 0.93 1253.34 1224.11 0.88 1067.88 1351.66 0.46 1166.66 1284.59 0.38 1107.08 1424.66 0.35 1162.93 1393.13 0.39
2320 515.13 501.54 864.27 1260.21 0.8361
642.85 636.03 0.01 638.37 623.49 0.00 662.67 614.03 0.00 631.33 629.28 0.64 724.77 604.30 0.43 607.38 758.66 0.99 787.62 701.97 1.00 575.53 896.84 0.74 829.38 809.75 0.86 531.36 864.35 0.26 784.20 766.35 0.21 629.55 961.46 0.99 737.12 933.57 0.99 671.78 1067.55 0.94 675.97 1045.81 0.95 720.51 1203.91 0.95 684.50 1178.70 0.96
2330 673.76 220.48 917.89 818.31 0.8741
867.86 329.49 0.14 864.16 312.10 0.00 869.44 317.75 0.10 800.58 286.85 0.03 844.20 307.41 0.65 754.14 311.04 0.94 789.56 370.98 0.99 721.57 407.98 0.14 774.13 510.72 0.99 757.92 473.20 0.13 858.49 575.68 0.98 722.95 512.88 0.93 755.17 543.06 0.96 727.95 609.76 0.93 780.08 656.67 0.99 726.13 698.83 0.98 779.10 782.12 0.99
2340 696.38 153.54 921.67 753.52 0.5828
905.50 234.54 0.91 903.65 219.52 0.16 895.30 223.03 0.92 867.09 210.48 0.01 849.59 221.96 0.93 856.19 251.41 0.83 783.78 282.51 0.99 890.45 334.00 0.11 796.34 387.40 0.76 883.05 283.70 0.35 869.50 325.85 0.57 830.08 438.13 0.77 777.38 457.92 0.96 825.78 536.27 0.67 790.91 571.79 0.98 781.82 615.92 0.80 788.54 690.14 0.98
2370 1022.43 252.65 1204.10 542.17 0.3041
1079.21 336.95 0.03 1079.33 322.02 0.03 1087.43 321.16 0.01 1088.09 324.84 0.72 1146.47 319.27 0.54 1089.02 401.21 0.96 1190.08 394.19 0.94 1049.73 475.03 0.40 1131.29 458.46 0.06 1035.74 382.63 0.41 1042.92 386.11 0.12 1061.28 578.24 0.34 1136.96 567.41 0.35 992.81 582.93 0.01 1042.26 585.51 0.01 1005.97 649.71 0.00 1033.02 651.09 0.00
2420 1065.20 211.50 1257.35 713.25 0.5193
1108.84 329.51 0.83 1109.86 313.73 0.87 1103.84 313.50 0.07 1141.53 293.83 0.92 1135.84 291.93 0.01 1193.69 356.58 1.00 1185.05 335.39 0.95 1182.28 462.36 0.99 1127.74 385.55 0.49 1108.48 470.18 0.91 1065.60 374.54 0.53 1169.03 547.40 0.92 1176.05 530.39 0.79 1107.54 655.98 0.35 1150.31 646.94 0.17 1099.37 738.83 0.16 1150.09 729.51 0.10
2440 517.19 127.26 768.24 725.29 0.7986
673.55 209.54 0.48 669.94 195.83 0.01 666.08 198.01 0.59 637.04 190.34 0.00 631.40 198.75 0.92 636.31 247.51 0.95 578.41 269.35 0.99 645.76 349.88 0.39 569.76 376.70 0.92 700.14 384.76 0.28 669.78 402.42 0.74 635.15 432.04 0.94 597.34 448.66 0.99 642.05 530.03 0.81 629.85 552.46 0.98 637.91 619.54 0.86 632.27 655.86 0.97
2450 498.11 94.20 813.84 721.35 0.8982
642.71 174.06 0.07 627.94 157.95 0.01 641.77 166.17 0.07 567.81 151.07 0.28 627.96 170.47 0.88 527.30 210.24 0.97 616.79 267.24 1.00 545.63 295.93 0.22 664.00 368.60 0.97 625.35 334.96 0.09 754.45 377.72 0.96 538.75 396.29 0.95 599.25 424.05 0.99 566.35 493.06 0.89 609.96 533.32 0.98 582.72 592.14 0.92 601.62 661.27 0.96
2460 504.03 95.80 814.62 721.12 0.9191
649.57 177.78 0.09 635.16 161.56 0.01 647.58 169.58 0.10 575.41 153.83 0.24 631.23 173.36 0.88 532.52 213.28 0.97 628.57 272.67 1.00 531.09 299.54 0.28 685.04 374.47 0.98 589.47 338.26 0.08 777.14 379.37 0.97 542.91 395.28 0.96 605.67 422.89 0.99 570.10 488.85 0.88 609.84 534.22 0.97 582.32 585.27 0.93 600.98 659.31 0.97
2470 500.03 94.94 820.73 722.50 0.9245
645.12 175.30 0.14 631.25 159.17 0.02 643.07 165.60 0.15 569.60 153.14 0.23 625.81 168.96 0.92 525.91 215.08 0.97 622.08 273.48 1.00 535.45 306.01 0.27 678.63 377.32 0.98 600.67 344.92 0.08 784.32 377.76 0.97 543.78 403.88 0.96 606.71 431.03 0.99 573.64 499.71 0.89 610.75 537.65 0.97 588.41 599.41 0.92 602.78 661.57 0.96
2480 495.74 95.62 814.96 721.62 0.9202
637.89 175.01 0.10 623.03 159.40 0.01 636.06 165.83 0.11 560.66 154.34 0.23 619.15 170.52 0.89 519.15 215.86 0.97 617.53 272.48 1.00 540.18 305.06 0.19 677.84 376.36 0.97 614.03 341.26 0.06 778.58 378.37 0.96 537.38 398.77 0.95 602.30 426.04 0.99 567.11 489.47 0.87 607.13 532.65 0.97 582.17 583.50 0.92 599.95 658.12 0.96
2490 529.13 108.35 769.00 717.40 0.7755
673.61 197.69 0.03 661.24 184.27 0.00 679.22 187.85 0.02 599.60 179.53 0.58 677.25 194.21 0.82 560.40 245.09 0.99 681.56 291.06 0.99 546.39 314.74 0.50 743.12 401.10 0.84 589.48 340.17 0.11 788.37 416.44 0.40 584.09 444.61 0.99 662.73 463.76 0.99 604.54 536.01 0.99 669.20 566.91 0.99 596.80 640.55 0.99 646.56 685.85 0.99
2500 528.89 107.35 772.64 716.50 0.7996
678.89 198.18 0.03 665.20 184.50 0.00 683.34 188.52 0.03 599.26 179.47 0.45 676.76 195.82 0.86 559.91 242.80 0.99 682.86 292.76 0.99 548.16 309.48 0.47 737.99 403.38 0.83 593.42 325.84 0.09 788.46 408.29 0.39 586.81 445.17 0.99 665.77 466.28 0.99 602.75 530.61 0.99 669.08 566.34 0.99 599.10 632.91 0.99 648.15 686.29 0.99
2510 531.49 106.90 779.53 716.84 0.8332
677.63 198.48 0.03 662.97 184.39 0.00 679.93 188.43 0.03 595.57 178.86 0.26 668.94 195.08 0.75 559.51 240.73 0.99 675.62 285.79 0.99 554.92 312.52 0.33 731.91 389.53 0.72 600.95 339.71 0.06 758.47 416.60 0.22 589.34 428.15 0.99 665.27 447.70 0.99 600.52 524.08 0.99 666.09 556.95 0.99 600.29 631.01 0.99 648.06 682.72 0.99
2520 532.53 106.90 769.96 715.90 0.8410
676.28 196.34 0.04 662.68 182.49 0.00 678.65 186.21 0.04 596.00 178.56 0.29 667.76 193.82 0.82 560.93 242.93 0.99 670.62 284.57 0.99 560.84 317.66 0.31 719.78 385.71 0.73 612.12 347.37 0.06 744.42 412.52 0.24 591.05 429.22 0.99 662.55 447.69 0.99 599.82 525.49 0.99 661.96 555.90 0.99 600.73 629.70 0.99 648.28 680.20 0.99
2530 530.34 107.01 754.11 716.37 0.8624
674.06 192.60 0.07 661.24 178.82 0.00 675.42 182.15 0.07 592.99 174.78 0.24 661.16 189.73 0.88 555.03 241.01 0.99 665.02 284.48 0.99 560.76 317.90 0.26 707.28 385.99 0.74 615.58 357.87 0.08 724.18 416.70 0.30 586.17 428.73 0.99 659.03 447.36 0.99 598.10 529.66 0.99 663.33 558.73 0.99 602.11 631.54 0.99 649.15 680.02 0.99
2540 524.88 105.37 767.58 716.61 0.8642
672.02 190.08 0.08 659.15 176.74 0.00 672.77 179.17 0.09 592.25 173.35 0.23 658.04 185.85 0.88 554.61 242.56 0.99 666.50 281.16 0.99 549.44 315.74 0.36 716.21 382.68 0.79 602.86 341.41 0.06 753.43 407.97 0.30 586.94 434.55 0.99 660.81 450.72 0.99 599.47 531.51 0.99 665.46 559.53 0.99 601.21 633.50 0.99 648.60 681.11 0.99
2550 543.02 118.11 752.89 716.16 0.8718
673.38 209.20 0.99 674.49 191.70 0.52 655.83 198.65 0.99 649.78 182.68 0.01 614.21 203.47 0.96 621.27 234.62 0.92 612.53 278.49 0.99 648.29 319.46 0.14 597.89 379.79 0.93 679.77 365.25 0.35 674.10 395.00 0.94 630.55 420.19 0.96 632.71 442.34 0.98 613.17 527.80 0.99 648.11 558.30 1.00 603.67 636.00 0.99 651.45 675.01 0.99
2560 522.16 93.15 731.50 717.10 0.8983
660.13 178.60 0.05 649.61 164.68 0.00 663.72 168.54 0.05 586.24 158.99 0.32 655.42 175.05 0.90 554.02 219.19 0.99 640.32 258.47 1.00 551.49 324.74 0.16 622.98 371.28 0.93 608.68 394.28 0.08 642.40 441.11 0.84 575.14 408.30 0.99 634.52 426.93 0.99 586.67 522.14 0.98 649.96 547.24 0.99 596.42 629.73 0.99 651.28 673.53 0.99
2570 499.70 86.34 729.87 715.89 0.8912
626.60 168.25 0.04 616.02 154.28 0.00 629.54 158.02 0.03 556.07 150.54 0.39 625.28 165.10 0.87 526.79 214.57 0.99 623.15 252.88 0.99 528.87 317.40 0.19 628.09 365.94 0.95 589.26 378.86 0.07 657.08 421.92 0.91 553.29 405.51 0.99 619.26 423.62 0.99 581.84 521.17 0.99 641.27 545.31 1.00 597.58 629.33 0.99 645.35 672.95 0.99
2580 594.39 230.91 1043.87 779.50 0.4673
935.55 324.51 0.07 931.39 303.54 0.00 927.24 312.87 0.04 895.97 287.88 0.03 891.89 308.62 0.51 847.30 308.28 0.85 826.17 356.52 0.96 929.21 456.84 0.45 892.07 495.20 0.69 1038.81 526.55 0.34 1030.31 537.49 0.52 716.59 408.93 0.74 721.52 436.03 0.86 680.25 524.09 0.90 772.08 549.62 0.98 650.47 660.65 0.95 768.11 727.25 0.99
2590 467.32 22.10 686.51 605.72 0.9093
569.17 91.91 0.01 563.03 81.89 0.01 572.99 80.66 0.01 523.32 82.03 0.81 583.21 81.52 0.82 492.63 148.02 1.00 605.08 151.53 1.00 495.95 231.32 0.59 643.15 238.88 0.98 535.55 264.65 0.14 670.71 292.14 0.93 530.19 317.88 1.00 602.06 322.19 1.00 566.43 419.99 0.95 595.14 443.81 0.99 571.78 518.73 0.90 577.77 564.72 0.94
2620 554.84 0.48 687.14 473.37 0.8992
577.03 51.04 0.05 575.36 42.25 0.06 582.28 40.45 0.00 579.45 41.80 0.87 621.38 34.52 0.31 598.27 97.45 1.00 647.30 80.51 0.98 611.90 185.22 0.98 663.54 142.08 0.18 591.20 259.77 0.92 622.83 173.54 0.09 618.14 245.35 0.99 654.39 236.37 0.96 613.31 345.39 0.96 649.52 335.96 0.82 636.38 437.78 0.86 659.16 428.96 0.68
