0 156.50 0.99 879.08 1156.56 0.4356
650.91 76.89 0.06 663.21 61.21 0.04 641.18 58.74 0.06 666.90 66.06 0.16 622.21 55.99 0.30 654.68 169.16 0.91 567.85 133.98 0.88 771.28 303.87 0.89 514.29 91.86 0.81 798.70 122.92 0.87 485.45 23.06 0.62 549.88 459.07 0.82 488.00 447.86 0.84 469.45 744.80 0.59 422.79 729.61 0.54 404.73 1035.99 0.46 359.97 1034.95 0.43
40 1039.97 23.29 1855.71 1485.26 0.7086
1397.08 95.73 0.04 1411.41 42.50 0.03 1392.61 59.58 0.01 1464.20 10.55 0.19 1444.93 45.94 0.01 1514.47 111.85 0.62 1540.83 126.84 0.50 1402.06 293.49 0.55 1393.54 306.83 0.53 1192.01 417.41 0.39 1169.87 420.16 0.56 1501.14 589.72 0.96 1583.62 594.11 0.94 1396.99 943.83 0.98 1611.01 1023.23 0.98 1236.36 1198.68 0.93 1743.47 1385.22 0.88
50 553.70 158.84 1476.89 1450.25 0.9273
910.87 303.09 0.13 902.51 280.61 0.11 918.71 274.01 0.01 917.17 227.10 0.83 983.61 216.46 0.10 982.67 261.71 0.99 1125.07 256.76 0.96 837.47 446.70 0.99 1170.89 526.77 0.90 649.81 600.01 0.98 1032.90 679.42 0.94 1273.23 623.64 0.98 1309.42 615.14 0.97 1245.45 973.90 0.99 1234.08 954.99 0.99 1272.23 1328.51 0.99 1234.64 1238.94 0.99
60 1484.13 1.04 2047.88 1467.10 0.8442
1768.48 52.91 0.01 1766.75 7.08 0.00 1781.85 13.19 0.00 1757.89 0.00 0.01 1840.89 0.00 0.01 1710.78 48.30 0.15 1934.50 31.20 0.02 1618.17 283.84 0.64 1811.29 262.67 0.03 1685.29 580.01 0.68 1762.78 580.06 0.06 1772.86 588.77 0.95 1938.66 587.67 0.82 1792.04 985.32 0.97 1927.44 989.94 0.96 1589.08 1219.35 0.96 1946.57 1367.87 0.94
70 1670.90 3.78 2046.89 1393.99 0.7460
1951.95 105.80 0.01 1957.22 77.46 0.01 1956.08 86.52 0.00 1988.51 50.49 0.02 1982.39 67.19 0.00 2007.11 111.59 0.02 2010.15 122.37 0.06 1881.13 302.37 0.31 1881.58 306.35 0.66 1768.68 531.02 0.46 1768.63 530.23 0.78 2046.01 518.01 0.01 2047.12 523.84 0.02 2029.49 788.00 0.02 2036.86 789.78 0.01 2017.79 1072.65 0.01 2006.85 1030.69 0.01
80 1557.72 2.13 2046.80 1490.90 0.8821
1757.85 63.87 0.01 1762.55 30.23 0.01 1775.98 32.16 0.00 1791.45 0.00 0.02 1860.99 0.00 0.00 1802.48 58.17 0.13 1963.33 45.90 0.01 1737.19 317.24 0.89 1809.63 322.41 0.01 1616.82 613.61 0.95 1639.33 604.02 0.05 1816.74 666.67 0.93 1965.82 654.24 0.65 1771.54 1046.03 0.87 1871.00 1027.07 0.53 1903.97 1427.35 0.63 1907.00 1395.62 0.48
90 820.02 70.27 1302.50 1325.18 0.9335
1038.43 194.25 0.97 1053.54 166.68 0.99 1032.01 174.86 0.27 1130.23 151.64 0.99 1065.03 172.64 0.00 1197.46 256.37 0.99 1107.78 295.78 0.97 1107.28 399.51 0.99 1109.07 503.91 0.91 926.66 442.34 0.99 996.71 592.84 0.96 1188.54 648.21 0.99 1102.07 651.50 0.98 1201.91 916.06 0.99 1116.84 898.78 0.99 1257.48 1192.81 0.98 1166.80 1124.32 0.99
100 1020.16 8.24 1545.94 1347.36 0.8808
1214.19 120.36 0.60 1225.21 92.39 0.39 1186.53 101.10 0.67 1244.64 91.04 0.36 1150.80 114.49 0.77 1327.08 235.74 0.97 1121.00 272.43 0.99 1411.93 407.90 0.69 1068.42 454.81 0.96 1405.09 570.15 0.57 1052.70 632.61 0.96 1302.13 635.02 1.00 1169.77 644.76 1.00 1348.25 909.14 0.99 1164.33 908.24 0.99 1389.30 1204.74 0.98 1160.98 1153.59 0.98
190 1185.61 0.80 2048.00 1485.34 0.5986
1669.14 148.96 0.02 1689.37 88.75 0.02 1663.76 101.38 0.00 1739.88 46.31 0.05 1710.32 71.63 0.00 1807.10 77.66 0.07 1827.01 100.62 0.03 1894.85 281.07 0.17 1923.69 222.34 0.07 1692.69 707.99 0.39 1746.85 588.59 0.15 1778.97 566.90 0.75 1837.65 564.48 0.57 1595.66 773.23 0.90 1883.47 859.28 0.83 1403.63 1197.38 0.89 1987.66 1396.41 0.70
200 834.04 2.68 1696.45 1436.40 0.9516
1079.58 71.50 0.98 1093.31 31.82 0.94 1049.44 57.85 0.84 1162.38 4.33 0.64 1043.30 70.54 0.06 1344.09 96.50 0.99 1089.99 237.43 1.00 1535.40 245.77 0.99 1044.63 443.81 1.00 1600.39 467.38 1.00 943.84 585.10 0.99 1442.08 616.54 1.00 1254.31 657.84 1.00 1502.91 964.95 0.99 1276.94 972.55 1.00 1539.31 1291.35 0.98 1307.68 1267.36 0.99
210 763.06 6.94 1668.95 1432.06 0.9542
1042.01 107.22 0.99 1056.44 63.53 0.99 1011.20 91.45 0.88 1129.53 26.48 0.88 1006.07 97.32 0.05 1311.45 90.24 0.99 1049.75 253.27 1.00 1509.04 221.54 0.99 976.05 454.11 0.99 1567.19 436.65 1.00 839.06 607.08 0.99 1433.98 605.56 1.00 1247.22 656.90 1.00 1502.87 963.62 0.99 1276.86 975.83 1.00 1534.92 1288.78 0.97 1311.34 1269.77 0.99
270 1582.63 5.03 2047.11 1451.04 0.9253
1889.92 79.80 0.01 1898.02 48.42 0.02 1892.36 54.58 0.00 1931.80 11.84 0.06 1925.99 22.85 0.01 1972.07 69.15 0.27 1984.04 88.91 0.02 1942.20 303.60 0.87 1926.96 330.37 0.04 1789.00 565.37 0.96 1793.39 561.51 0.08 1971.14 599.11 0.75 1992.53 599.73 0.18 1894.36 968.07 0.89 1914.28 961.13 0.12 1831.68 1326.90 0.77 1829.73 1307.20 0.16
280 819.45 244.87 1605.58 1490.72 0.9394
930.09 457.85 0.96 933.34 431.58 0.97 916.08 430.27 0.07 1018.30 371.28 0.98 961.06 373.06 0.00 1188.02 454.73 1.00 1107.51 352.54 0.96 1201.80 785.94 0.99 1129.14 538.51 0.97 1118.72 1054.65 0.97 1011.13 625.81 0.99 1452.91 662.70 0.97 1347.40 627.58 0.97 1425.70 1009.02 0.99 1306.66 953.75 1.00 1478.93 1356.05 0.99 1327.88 1224.41 1.00
290 871.93 226.65 1621.50 1489.86 0.9455
968.06 459.04 0.98 973.07 426.76 0.99 946.77 434.00 0.12 1055.65 348.38 1.00 986.48 369.24 0.00 1225.26 442.49 1.00 1157.62 344.92 0.96 1244.23 769.81 0.99 1222.99 511.68 0.89 1075.88 956.83 0.99 1108.20 616.66 0.99 1476.68 734.05 0.98 1377.57 691.29 0.98 1447.45 1060.77 0.99 1342.10 1000.32 1.00 1483.77 1360.54 0.98 1335.43 1227.23 1.00
300 869.22 212.57 1623.52 1489.16 0.9511
972.82 442.23 0.98 975.80 408.50 0.99 950.19 419.45 0.16 1058.25 331.08 0.99 987.84 361.91 0.00 1242.32 419.52 1.00 1157.59 345.61 0.97 1276.58 746.98 1.00 1210.53 515.10 0.95 1079.00 943.82 1.00 1083.78 604.23 0.99 1481.44 729.33 0.98 1375.18 692.28 0.98 1449.01 1057.03 0.99 1341.41 993.69 1.00 1481.73 1358.66 0.98 1334.79 1225.27 1.00
310 823.92 270.31 1629.53 1492.30 0.9411
944.77 469.82 0.96 937.95 440.38 0.98 931.82 445.23 0.05 1000.90 374.73 0.99 985.91 392.80 0.00 1190.18 448.96 1.00 1143.79 372.38 0.96 1240.21 742.23 0.99 1193.69 575.94 0.94 1004.56 890.83 0.99 1053.40 610.90 0.99 1460.79 734.07 0.97 1382.73 694.95 0.97 1454.91 1064.52 0.99 1342.50 992.39 1.00 1484.50 1361.82 0.98 1337.44 1222.13 1.00
320 834.93 275.10 1627.64 1490.72 0.9401
944.13 471.18 0.96 937.16 441.42 0.97 929.63 449.84 0.06 995.77 379.13 0.99 980.62 405.31 0.00 1190.73 439.85 1.00 1144.66 381.80 0.94 1244.02 732.85 1.00 1214.25 559.05 0.87 1033.29 893.05 1.00 1059.86 620.04 0.98 1458.88 716.40 0.98 1386.64 684.01 0.97 1449.44 1051.52 0.99 1342.77 986.98 1.00 1481.13 1362.44 0.98 1339.13 1223.46 1.00
330 817.69 272.39 1618.78 1483.43 0.9149
935.10 453.86 0.81 920.40 425.78 0.83 927.75 429.95 0.07 948.81 372.69 0.95 980.40 391.41 0.01 1146.10 408.22 0.99 1113.65 400.42 0.95 1211.74 655.48 0.99 1162.57 614.49 0.62 986.11 652.05 0.97 988.04 637.64 0.54 1443.79 759.71 0.99 1367.14 745.55 0.99 1464.44 1071.14 0.99 1335.84 1005.04 0.99 1484.53 1365.84 0.98 1332.42 1224.33 1.00
340 807.19 317.16 1603.70 1483.11 0.9117
900.11 553.52 0.87 882.97 523.70 0.95 886.43 539.52 0.09 910.17 447.66 0.98 924.72 493.66 0.01 1088.82 406.88 0.99 1054.19 474.12 0.75 1172.80 554.85 0.99 1144.59 588.54 0.24 980.42 632.12 0.99 980.72 633.80 0.34 1413.97 654.06 0.98 1327.21 669.31 0.94 1450.07 977.76 1.00 1285.06 916.35 0.99 1488.51 1335.80 0.98 1327.07 1218.11 1.00
350 856.70 270.93 1656.96 1496.00 0.9355
978.56 510.15 0.91 958.74 483.55 0.97 964.18 494.70 0.09 977.14 401.40 0.98 996.60 436.28 0.00 1119.10 370.77 0.99 1138.23 396.38 0.96 1150.89 595.79 1.00 1223.95 617.24 0.98 954.00 648.63 0.99 1103.54 756.49 0.99 1478.60 645.93 0.98 1408.97 649.04 0.98 1511.99 1023.70 1.00 1362.28 967.64 1.00 1521.31 1364.38 0.98 1330.23 1235.88 1.00
360 1345.31 0.49 2043.75 1408.89 0.8401
1726.62 27.05 0.01 1709.67 0.00 0.00 1747.58 0.00 0.00 1646.29 0.00 0.03 1795.39 0.00 0.07 1556.63 76.24 0.89 1845.38 112.11 0.92 1445.25 323.36 0.63 1892.20 390.83 0.49 1532.68 565.28 0.58 2008.14 593.50 0.31 1616.59 622.92 0.98 1775.76 644.81 0.98 1639.02 954.82 0.98 1726.82 978.86 0.96 1528.26 1266.39 0.95 1572.46 1265.47 0.91
420 1674.95 372.25 2046.84 1444.84 0.3773
1940.23 491.03 0.70 1955.35 468.22 0.68 1937.92 470.84 0.12 1992.88 472.31 0.42 1962.80 473.10 0.01 2013.04 560.52 0.70 1986.63 563.78 0.27 1943.27 642.22 0.30 1947.77 649.59 0.02 1915.82 622.61 0.13 1932.84 637.47 0.03 2011.48 846.35 0.51 1982.98 844.69 0.38 1937.23 1056.38 0.63 1924.51 1050.60 0.59 1864.28 1340.69 0.68 1865.92 1334.69 0.75
430 1796.15 34.48 2046.66 1454.54 0.8076
2011.39 243.04 0.03 2014.20 214.34 0.03 2008.68 217.84 0.01 2019.04 210.25 0.03 2013.88 215.98 0.01 2024.77 309.64 0.04 2030.59 307.15 0.02 2029.82 519.22 0.12 2034.57 499.00 0.04 2023.49 558.81 0.16 2025.68 560.73 0.05 2048.00 667.80 0.04 2048.00 664.63 0.03 2003.91 984.50 0.44 2002.39 975.95 0.31 1998.89 1325.94 0.47 1997.43 1314.35 0.41
440 1793.71 0.04 2046.70 1462.95 0.6835
1962.08 67.80 0.00 1961.88 34.83 0.00 1962.34 41.54 0.00 1968.12 1.30 0.02 1980.00 13.79 0.00 1994.87 66.67 0.06 2006.88 61.94 0.01 1993.77 319.64 0.20 1987.30 296.45 0.02 1971.88 521.40 0.30 1960.96 509.47 0.07 2027.72 535.65 0.18 2032.03 534.38 0.07 1998.66 941.09 0.38 2006.16 932.45 0.13 2008.60 1317.52 0.43 1999.49 1302.81 0.25
450 915.51 3.69 1961.26 1439.17 0.9398
1126.71 197.34 0.67 1116.09 145.34 0.86 1120.44 166.32 0.05 1187.06 59.82 0.95 1223.87 112.18 0.01 1361.42 137.97 0.99 1455.02 128.01 0.89 1198.88 477.81 0.99 1287.14 347.71 0.50 1002.30 649.35 0.99 1151.72 315.56 0.31 1593.48 584.74 0.99 1723.45 577.88 0.98 1562.87 976.52 1.00 1794.52 998.74 0.99 1601.77 1329.07 0.93 1843.82 1303.71 0.94
460 864.32 35.32 1961.85 1455.81 0.9474
1083.24 324.45 0.96 1069.61 282.64 0.98 1070.79 302.31 0.10 1121.46 193.78 0.99 1153.38 242.92 0.01 1283.06 232.84 1.00 1395.17 192.30 0.89 1163.13 551.09 0.99 1435.15 400.96 0.11 962.66 719.85 0.99 1293.12 547.17 0.05 1586.49 624.65 0.99 1714.51 608.72 0.94 1560.55 992.00 1.00 1821.18 1013.93 0.99 1588.09 1328.76 0.95 1871.77 1346.90 0.95
500 1639.77 24.48 2046.76 1492.86 0.4241
1919.97 221.89 0.01 1933.06 184.35 0.01 1916.64 190.08 0.00 1961.61 149.05 0.02 1935.78 157.58 0.00 2007.97 214.09 0.05 1977.28 188.89 0.01 1979.29 425.77 0.13 1948.01 398.33 0.02 1908.44 629.91 0.11 1890.94 601.09 0.03 1999.45 575.64 0.41 1987.29 566.00 0.21 1973.36 993.24 0.75 1977.24 981.47 0.42 1916.31 1428.92 0.67 1908.69 1410.31 0.46
510 714.82 284.47 1758.76 1476.08 0.9210
988.66 516.38 0.87 982.03 482.26 0.94 982.48 489.40 0.03 1037.81 421.06 0.96 1054.43 441.46 0.00 1162.54 429.07 0.98 1258.08 413.28 0.95 1071.76 663.62 0.99 1209.83 657.26 0.90 877.49 810.09 0.99 1027.31 800.90 0.91 1548.66 675.65 0.98 1606.05 661.93 0.98 1396.54 1076.17 0.99 1484.70 1036.52 0.99 1347.21 1401.65 0.92 1473.82 1294.55 0.98
520 1044.25 299.14 1735.39 1474.96 0.8967
1355.61 387.08 0.02 1342.99 358.64 0.01 1382.67 359.93 0.00 1346.81 321.57 0.18 1484.76 324.97 0.18 1316.30 356.70 0.98 1611.07 399.76 0.95 1167.21 575.43 0.91 1664.40 650.77 0.38 1099.14 735.45 0.82 1621.27 837.83 0.19 1369.05 788.99 0.99 1563.99 801.29 0.98 1327.89 1091.55 0.99 1496.20 1062.12 0.99 1290.51 1415.46 0.98 1449.14 1302.20 0.99
530 473.87 105.99 1522.32 1440.68 0.3828
729.68 301.12 0.08 739.82 262.77 0.10 757.30 254.56 0.01 787.76 242.03 0.52 872.50 217.01 0.05 886.98 337.78 0.90 1089.94 290.51 0.85 867.35 695.19 0.91 946.71 686.33 0.54 654.92 877.47 0.85 666.89 876.68 0.55 1132.82 789.69 0.76 1341.50 746.83 0.85 1021.72 1047.19 0.50 1394.92 982.51 0.93 1035.23 1361.42 0.18 1471.01 1313.19 0.89
540 833.15 146.73 1783.50 1490.09 0.9432
956.79 394.01 0.90 943.41 353.59 0.97 943.41 369.51 0.03 1013.51 265.02 0.99 1011.68 307.93 0.00 1200.13 320.91 0.99 1184.57 289.11 0.97 1238.48 642.83 1.00 1116.11 522.55 0.97 1071.30 911.72 0.99 921.43 648.05 0.89 1558.83 675.92 0.97 1516.20 654.87 0.97 1478.16 1092.78 0.99 1423.68 1001.48 0.99 1486.79 1440.00 0.79 1417.12 1293.85 0.97
550 1254.34 2.47 2047.04 1423.49 0.6470
1752.79 183.71 0.02 1740.12 137.71 0.01 1777.69 146.75 0.01 1706.56 94.84 0.09 1852.77 109.46 0.13 1649.24 176.75 0.64 1950.09 168.79 0.22 1485.33 381.08 0.75 1780.12 404.43 0.04 1524.44 642.99 0.62 1698.85 642.32 0.04 1701.59 631.68 0.91 1969.41 626.84 0.72 1561.20 938.72 0.97 1974.25 939.45 0.88 1487.30 1291.46 0.97 1978.53 1290.55 0.93
610 1397.36 0.00 2048.00 1489.50 0.4936
1730.69 122.78 0.01 1740.83 77.51 0.01 1729.34 86.05 0.00 1754.75 41.88 0.01 1765.21 57.42 0.01 1761.56 94.55 0.06 1846.38 82.40 0.03 1676.73 282.52 0.46 1700.57 260.98 0.09 1584.92 587.77 0.56 1584.82 575.73 0.13 1801.50 571.72 0.93 1878.47 565.07 0.79 1745.54 960.32 0.96 1783.70 943.46 0.71 1738.26 1363.00 0.86 1754.17 1317.12 0.58
620 901.66 4.27 1678.79 1416.70 0.8916
1072.04 71.69 0.53 1074.35 33.54 0.36 1070.83 47.82 0.04 1164.30 7.59 0.40 1146.88 45.21 0.01 1344.26 109.44 0.91 1252.37 169.81 0.98 1513.25 303.14 0.48 1157.26 398.83 0.99 1460.95 487.47 0.75 1003.83 417.75 0.99 1354.90 645.40 0.99 1359.71 651.13 0.99 1328.88 976.00 0.99 1452.13 969.33 0.99 1367.19 1293.03 0.99 1517.20 1283.86 0.98
630 1085.46 8.28 1764.62 1377.45 0.8482
1319.33 99.54 0.02 1312.63 67.22 0.01 1359.29 68.12 0.00 1327.14 48.01 0.24 1483.85 42.15 0.14 1285.87 155.87 0.98 1574.70 148.27 0.96 1187.05 410.25 0.90 1618.73 338.48 0.32 1237.68 496.64 0.43 1496.56 421.78 0.06 1318.98 649.25 1.00 1530.45 643.69 0.99 1272.53 931.09 1.00 1603.26 932.50 1.00 1268.50 1262.80 0.99 1673.35 1263.67 1.00
700 1054.56 2.53 1736.72 1397.07 0.9250
1380.60 9.33 0.10 1400.28 0.00 0.01 1358.45 0.00 0.02 1445.39 8.27 0.14 1332.45 23.08 0.19 1560.34 166.68 0.99 1304.92 209.57 1.00 1642.30 389.67 0.97 1254.18 418.00 0.99 1652.89 594.14 0.98 1119.89 534.75 0.99 1529.72 644.01 1.00 1352.42 653.21 1.00 1572.76 956.37 0.99 1384.75 951.43 0.99 1614.99 1242.40 0.99 1414.51 1192.05 0.99
710 1072.46 2.11 1732.38 1396.48 0.9252
1417.29 8.76 0.10 1427.72 0.00 0.01 1387.34 0.00 0.03 1441.53 11.65 0.06 1334.42 28.94 0.49 1547.80 168.61 0.99 1298.08 215.69 1.00 1633.59 393.04 0.97 1259.13 430.13 0.99 1653.98 593.42 0.97 1138.78 548.70 0.99 1526.29 650.06 1.00 1351.99 662.52 1.00 1570.33 955.30 0.99 1383.40 954.05 0.99 1613.90 1242.13 0.98 1412.12 1191.99 0.99
720 939.64 3.19 1736.67 1395.56 0.9291
1310.56 75.23 0.97 1338.49 47.34 0.98 1295.05 52.55 0.67 1422.07 41.98 0.93 1296.18 55.20 0.03 1546.69 187.23 0.99 1285.36 234.09 1.00 1625.97 397.39 0.99 1187.85 416.49 1.00 1647.04 593.25 0.99 1031.90 477.16 0.99 1522.63 643.38 1.00 1344.84 655.62 1.00 1570.84 949.74 1.00 1380.18 945.66 1.00 1617.24 1232.96 0.99 1413.04 1184.15 0.99
730 1154.47 1.99 1744.87 1400.42 0.9204
1442.85 13.64 0.11 1448.80 0.00 0.01 1410.71 0.00 0.06 1450.08 9.84 0.02 1344.33 24.66 0.63 1551.53 179.57 0.99 1288.97 221.23 1.00 1620.42 416.69 0.98 1257.31 455.52 0.99 1636.29 617.83 0.95 1197.51 612.85 0.98 1528.87 662.35 1.00 1351.43 676.38 1.00 1574.16 963.47 0.99 1383.76 964.36 0.99 1616.95 1246.89 0.99 1415.13 1196.70 0.99
740 1016.38 2.07 1742.80 1398.55 0.9216
1441.15 29.52 0.35 1448.19 7.45 0.03 1407.29 11.33 0.25 1446.75 23.77 0.04 1333.97 40.10 0.87 1534.72 192.74 1.00 1277.50 239.28 1.00 1613.48 411.99 0.97 1210.32 447.68 0.99 1635.32 606.43 0.96 1087.63 564.75 0.99 1525.37 662.95 1.00 1350.00 681.92 1.00 1575.10 962.84 0.99 1383.31 965.36 0.99 1615.51 1244.27 0.98 1413.95 1192.85 0.99
750 1025.11 1.22 1731.22 1396.01 0.9237
1436.70 34.09 0.51 1446.17 11.44 0.06 1402.70 16.18 0.43 1450.06 27.52 0.05 1330.44 45.04 0.89 1533.95 190.56 0.99 1277.49 242.03 1.00 1614.00 405.50 0.98 1216.26 451.10 0.99 1641.38 601.36 0.97 1097.25 576.97 0.99 1526.90 657.03 1.00 1350.60 676.98 1.00 1574.89 958.38 0.99 1382.81 960.51 0.99 1613.69 1237.56 0.98 1413.84 1189.89 0.99
760 1060.33 2.80 1737.47 1404.40 0.9270
1278.14 84.83 0.86 1305.46 54.24 0.95 1264.32 63.52 0.35 1403.53 46.43 0.96 1278.44 69.00 0.03 1540.73 189.92 0.99 1287.96 255.32 1.00 1631.40 406.69 0.97 1238.54 460.58 1.00 1633.76 623.58 0.95 1127.95 594.17 0.99 1526.42 670.40 1.00 1349.71 685.05 1.00 1576.46 968.46 1.00 1382.45 960.35 1.00 1617.45 1239.42 0.99 1415.44 1189.56 0.99
770 986.11 91.64 1552.81 1353.12 0.9404
1039.53 272.98 0.87 1049.74 239.49 0.94 1032.41 247.65 0.09 1138.69 201.70 0.98 1080.40 223.06 0.00 1260.30 328.05 0.99 1167.97 327.37 0.99 1227.52 587.53 0.99 1190.86 494.67 0.98 1096.41 766.91 0.99 1113.79 595.25 0.99 1373.97 664.42 0.99 1269.67 662.33 0.99 1403.24 942.94 0.99 1280.36 927.26 1.00 1505.45 1210.94 0.98 1283.07 1158.03 1.00
780 1085.52 4.73 1590.48 1309.17 0.9285
1435.41 114.49 0.89 1445.53 88.63 0.48 1406.29 90.48 0.98 1437.91 82.04 0.05 1322.87 89.40 0.99 1488.63 243.80 0.98 1247.47 265.07 1.00 1551.89 451.54 0.86 1201.80 468.34 0.99 1514.86 660.46 0.72 1134.40 589.36 0.99 1455.62 664.32 0.99 1296.75 668.37 1.00 1452.21 940.26 0.99 1304.13 932.31 0.99 1442.08 1180.04 0.99 1318.76 1136.67 0.99
790 1068.35 2.03 1542.86 1307.74 0.8941
1353.31 82.08 0.93 1356.50 61.34 0.58 1319.17 68.73 0.99 1349.77 90.86 0.06 1244.03 114.68 0.99 1424.15 235.80 0.97 1202.06 293.73 1.00 1527.78 311.71 0.24 1176.39 491.33 0.99 1463.70 228.21 0.13 1117.00 614.43 0.99 1423.61 666.29 0.99 1271.58 678.42 1.00 1436.67 929.75 0.98 1291.30 930.75 0.99 1442.45 1177.84 0.99 1318.38 1140.44 0.99
800 1072.47 112.23 1436.42 1212.37 0.9131
1276.42 205.52 0.91 1282.02 188.00 0.57 1247.93 193.35 0.99 1280.32 210.11 0.10 1190.26 225.66 0.99 1341.80 341.03 0.99 1147.39 366.78 1.00 1396.39 496.00 0.79 1122.20 512.92 0.99 1389.58 646.65 0.49 1119.08 603.76 0.99 1345.50 670.75 0.99 1224.43 681.13 1.00 1333.34 877.70 0.98 1240.19 889.08 0.99 1257.33 1059.20 0.97 1260.01 1090.71 0.98
810 1079.65 137.61 1433.71 1205.98 0.9106
1214.84 225.05 0.91 1230.47 204.42 0.90 1188.71 217.36 0.97 1264.15 219.95 0.82 1163.63 248.85 0.96 1341.72 341.19 0.99 1148.38 370.21 1.00 1401.14 488.44 0.79 1127.13 518.74 1.00 1367.60 635.88 0.47 1122.81 613.66 0.99 1338.74 663.44 0.99 1220.23 672.77 1.00 1328.65 873.78 0.98 1233.03 883.18 0.99 1257.67 1049.52 0.97 1262.07 1077.56 0.98
820 1060.81 138.84 1406.49 1146.42 0.8791
1180.47 262.22 0.96 1200.38 240.07 0.97 1161.56 247.12 0.92 1244.77 232.04 0.95 1145.39 247.13 0.47 1319.34 340.10 1.00 1125.33 356.88 0.99 1371.59 483.94 0.95 1077.65 496.37 0.68 1294.00 532.36 0.83 1022.91 514.07 0.45 1284.83 642.94 0.99 1176.47 645.86 0.98 1275.53 836.86 0.98 1227.20 843.19 0.94 1241.85 1059.28 0.97 1245.11 1060.30 0.93
830 802.15 139.41 1196.78 1164.11 0.7514
1012.13 229.23 0.88 1018.83 214.03 0.43 986.58 214.26 0.95 1015.25 233.90 0.06 928.42 236.63 0.98 1038.87 369.54 0.99 876.99 358.82 1.00 1062.41 498.60 0.91 822.56 504.33 0.95 1111.16 523.16 0.93 898.61 512.56 0.75 1038.20 668.91 0.99 927.34 677.81 0.99 1079.27 852.80 0.94 944.47 869.83 0.96 1084.41 1048.85 0.94 989.55 1074.75 0.96
840 804.68 141.08 1204.70 1164.86 0.7770
1011.59 246.39 0.82 1017.52 229.04 0.28 988.41 229.24 0.92 1008.67 235.08 0.03 923.48 237.54 0.97 1037.74 367.61 0.99 870.30 359.91 0.99 1082.15 515.60 0.76 831.31 510.14 0.87 1046.59 581.90 0.30 880.26 547.85 0.32 1027.70 673.27 0.99 930.09 679.02 0.99 1037.22 863.52 0.96 976.39 875.22 0.96 1044.27 1062.18 0.98 1041.82 1077.04 0.98
850 837.58 131.74 1188.47 1138.31 0.8761
1010.67 233.45 0.97 1033.20 217.23 0.98 993.79 215.78 0.95 1064.08 235.15 0.94 972.44 228.54 0.72 1104.45 361.93 1.00 926.92 339.91 0.99 1163.95 492.02 0.98 853.57 440.78 0.81 1107.75 519.82 0.98 822.06 468.55 0.36 1064.77 647.65 0.99 946.23 642.22 0.99 1076.41 844.37 0.99 964.24 842.97 0.98 1061.32 1063.45 0.99 969.50 1069.44 0.99
860 657.94 77.89 1182.31 1143.56 0.8611
1055.74 178.85 0.96 1063.63 161.59 0.66 1031.95 159.70 0.98 1057.13 180.34 0.07 968.35 177.41 0.98 1085.04 330.43 0.99 909.56 305.17 1.00 1127.72 484.17 0.97 840.85 382.33 0.98 1138.99 619.49 0.98 765.55 408.26 0.99 1058.52 626.77 0.99 940.17 626.84 1.00 1054.92 847.53 0.98 950.25 854.11 0.99 1071.00 1066.93 0.97 977.69 1065.31 0.98
870 658.29 79.51 1135.50 1132.44 0.8180
1044.47 181.15 0.91 1052.88 164.26 0.60 1019.80 163.30 0.97 1045.89 184.47 0.10 957.27 183.71 0.99 1068.18 331.48 0.98 911.48 309.05 1.00 1083.42 486.19 0.58 839.69 380.56 0.98 1063.90 623.31 0.32 759.42 410.76 0.99 1056.38 633.04 0.99 948.93 634.27 1.00 1053.06 850.75 0.96 959.22 857.21 0.98 1059.56 1065.33 0.97 975.01 1066.33 0.98
880 651.59 80.37 1134.62 1132.36 0.7488
1042.61 188.21 0.87 1052.45 171.03 0.53 1018.37 169.95 0.94 1048.22 186.55 0.12 958.71 185.75 0.97 1069.57 325.85 0.97 914.09 308.22 1.00 1083.18 483.31 0.43 826.64 388.16 0.99 1066.23 620.78 0.23 747.19 414.76 0.98 1052.85 635.41 0.99 956.50 637.80 0.99 1038.82 853.14 0.96 974.30 864.03 0.97 1043.24 1069.31 0.97 994.08 1069.86 0.96
890 649.47 78.42 1179.52 1152.36 0.7819
1045.00 176.38 0.91 1053.54 160.01 0.63 1019.02 159.07 0.97 1047.17 183.08 0.12 957.54 183.32 0.98 1071.03 328.93 0.97 912.73 308.03 1.00 1083.02 490.47 0.45 827.24 389.57 0.99 1065.76 631.93 0.22 742.33 414.41 0.98 1056.38 642.64 0.99 949.97 645.07 1.00 1054.90 865.72 0.96 960.52 871.68 0.97 1093.73 1080.13 0.96 980.27 1076.25 0.97
900 648.82 76.47 1163.54 1145.46 0.7809
1042.80 180.14 0.93 1049.56 162.83 0.62 1015.79 163.90 0.98 1043.06 185.34 0.08 954.69 190.52 0.98 1068.62 328.01 0.97 914.27 308.90 1.00 1084.28 486.24 0.44 829.09 388.55 0.99 1066.16 622.45 0.24 746.77 418.17 0.98 1056.25 644.24 0.99 953.25 647.35 1.00 1052.23 866.67 0.96 966.48 875.07 0.97 1071.61 1078.37 0.95 993.53 1077.12 0.95
910 650.03 76.42 1152.17 1142.23 0.7400
1038.31 187.41 0.84 1044.46 169.50 0.41 1011.63 171.63 0.93 1036.91 184.34 0.08 947.89 191.88 0.97 1065.50 327.48 0.97 907.95 312.37 1.00 1082.05 477.07 0.39 827.94 390.16 0.99 1044.45 597.67 0.16 748.56 416.17 0.98 1051.96 626.62 0.98 946.33 628.53 1.00 1052.36 845.38 0.96 958.30 853.13 0.98 1077.40 1067.77 0.97 977.88 1066.44 0.98
920 646.88 77.91 1520.53 1149.46 0.9195
1074.89 180.87 0.96 1076.72 158.71 0.55 1045.90 164.38 0.99 1070.67 173.52 0.04 977.46 189.60 0.98 1119.16 310.49 0.99 918.12 309.24 1.00 1284.47 329.87 0.99 837.86 395.54 0.99 1444.61 304.03 0.95 746.74 413.58 0.99 1075.72 637.66 0.99 953.35 639.34 0.99 1068.69 849.92 0.97 963.37 861.48 0.98 1081.55 1072.26 0.97 979.30 1076.36 0.98
930 1068.83 4.67 1832.23 1300.45 0.9058
1342.16 133.91 0.87 1358.07 109.50 0.70 1307.97 116.53 0.97 1371.67 113.30 0.43 1248.90 132.51 0.99 1428.72 216.60 1.00 1206.21 286.32 1.00 1598.28 222.40 0.98 1123.69 404.48 0.99 1750.52 86.64 0.78 1105.79 448.67 0.98 1390.03 629.92 0.99 1257.36 647.38 1.00 1347.72 874.59 0.96 1288.70 896.15 0.99 1289.01 1077.39 0.94 1323.15 1140.64 0.99
940 1191.17 5.88 1757.81 1304.89 0.9052
1294.33 114.69 0.76 1314.17 82.71 0.86 1281.81 93.64 0.39 1396.62 64.92 0.91 1297.64 90.36 0.05 1549.11 194.11 0.99 1301.50 242.54 0.99 1740.51 328.14 0.85 1255.70 365.57 0.96 1657.21 354.07 0.43 1235.15 427.04 0.96 1500.02 621.10 0.99 1337.03 616.76 0.99 1498.67 916.45 1.00 1338.44 906.78 1.00 1482.94 1178.81 0.99 1329.88 1169.02 0.99
950 779.11 139.91 1401.17 1192.59 0.9095
1031.51 275.33 0.79 1038.33 250.07 0.71 1031.31 250.06 0.05 1092.53 235.11 0.86 1090.54 238.44 0.02 1177.07 320.40 0.99 1175.56 319.70 0.96 1070.29 426.91 0.97 1093.56 443.14 0.39 892.56 413.08 0.97 962.38 437.92 0.61 1213.99 681.91 0.99 1185.29 673.25 0.98 1225.73 901.19 0.99 1132.36 885.56 0.98 1343.10 1115.03 0.99 1120.25 1071.71 0.99
960 508.32 130.14 1138.17 1125.85 0.9202
870.66 245.05 0.89 890.83 224.66 0.93 878.42 223.51 0.10 953.40 239.34 0.96 938.48 232.20 0.01 958.93 355.37 0.99 990.49 348.49 0.95 799.84 451.11 0.99 804.72 442.96 0.63 629.47 458.88 1.00 635.91 452.09 0.76 968.79 657.39 0.98 1020.95 653.37 0.95 833.68 817.48 0.98 1011.49 843.55 0.98 947.65 1033.24 0.97 1103.02 1062.18 0.98
970 667.81 221.05 994.76 1036.86 0.7778
923.80 335.87 0.89 938.30 321.27 0.44 913.73 313.55 0.90 935.43 318.38 0.07 871.10 296.81 0.89 920.89 421.21 0.98 802.03 389.12 0.99 946.22 568.39 0.94 694.18 483.94 0.99 972.62 700.23 0.95 752.01 512.96 1.00 866.50 672.35 0.97 792.86 663.03 0.98 852.07 879.57 0.96 834.03 866.82 0.95 740.54 1051.93 0.94 850.16 1051.48 0.91
980 496.87 126.02 824.18 1117.96 0.5154
651.08 242.96 0.34 672.42 224.77 0.15 632.71 222.98 0.29 700.46 240.98 0.13 597.52 234.98 0.45 727.86 381.24 0.97 558.00 370.08 0.99 759.64 529.95 0.65 532.33 495.08 0.94 780.11 536.34 0.48 584.82 421.59 0.86 706.42 682.80 0.98 604.56 685.98 0.99 724.10 862.52 0.96 610.32 873.56 0.95 748.35 1048.16 0.97 610.92 1055.24 0.95
990 500.47 132.52 813.07 1105.98 0.3392
654.82 245.33 0.32 677.28 227.31 0.13 636.09 225.17 0.28 703.83 248.20 0.11 601.01 241.26 0.45 728.99 391.02 0.95 562.68 375.92 0.98 771.39 538.55 0.45 538.60 497.29 0.91 754.47 524.86 0.23 582.75 425.17 0.85 703.39 695.99 0.96 611.72 696.68 0.97 694.27 866.64 0.92 641.46 866.66 0.92 686.05 1045.60 0.96 672.68 1049.76 0.94
1010 800.38 169.43 1179.29 1112.35 0.8340
989.85 249.88 0.86 1007.65 235.24 0.68 971.81 232.05 0.85 1019.42 256.34 0.53 938.21 246.00 0.92 1024.47 386.73 0.99 883.60 354.27 1.00 1047.73 520.20 0.52 829.42 474.97 0.75 1074.82 588.81 0.26 880.14 590.29 0.39 991.15 658.58 0.99 921.73 653.69 0.99 973.52 844.51 0.99 997.68 835.46 0.99 966.22 1034.16 0.99 1013.09 1035.72 0.99
1020 786.25 6.60 1291.10 1179.23 0.7622
1085.13 139.15 0.97 1106.89 120.47 0.90 1064.50 110.41 0.99 1113.21 135.02 0.30 1009.29 108.71 0.98 1112.07 301.77 0.99 927.14 252.44 1.00 1132.43 478.90 0.91 836.03 407.48 0.99 1164.03 591.33 0.84 836.71 497.99 0.99 1076.78 611.70 0.98 954.91 603.65 0.99 1074.72 845.01 0.94 1001.03 840.93 0.95 1034.74 1082.26 0.96 987.92 1087.64 0.94
1030 835.37 162.76 1186.11 1171.21 0.6386
1100.40 246.90 0.95 1119.87 237.86 0.86 1079.33 227.32 0.96 1125.32 276.62 0.38 1027.50 248.73 0.97 1124.66 418.47 0.99 944.39 346.90 0.99 1145.98 565.81 0.56 859.28 474.49 0.80 1134.25 641.87 0.18 868.54 457.50 0.67 1093.10 716.50 0.98 976.15 705.70 0.98 1135.24 900.70 0.97 1015.04 899.76 0.96 1042.50 1089.98 0.98 1004.76 1093.66 0.97
1040 831.37 166.40 1183.39 1172.91 0.6923
1088.43 262.23 0.20 1073.45 247.48 0.03 1078.68 251.18 0.16 997.77 263.87 0.15 1053.05 279.19 0.80 916.43 355.52 0.98 1098.31 414.32 0.99 861.18 458.34 0.50 1104.52 554.41 0.62 895.43 442.53 0.07 1057.50 470.82 0.06 958.78 723.81 0.97 1078.71 746.47 0.98 1002.43 888.91 0.93 1113.18 905.10 0.95 993.20 1094.75 0.97 1063.71 1095.59 0.98
1050 727.81 5.16 1202.56 1181.36 0.8945
1080.36 115.23 0.91 1091.92 95.25 0.73 1052.58 93.72 0.96 1089.02 116.83 0.22 989.61 112.54 0.97 1107.81 299.16 0.99 919.94 244.07 1.00 1175.53 475.49 0.82 776.65 364.61 0.97 1139.11 436.82 0.62 787.13 214.96 0.92 1082.83 635.42 0.99 960.20 627.58 0.99 1103.71 865.24 0.97 988.59 866.01 0.95 1049.05 1095.82 0.97 988.46 1083.45 0.94
1060 1060.57 2.60 2048.00 1375.17 0.8011
1376.80 23.14 0.21 1398.14 5.56 0.04 1354.97 4.32 0.05 1428.66 23.30 0.18 1311.17 17.73 0.19 1506.66 172.22 1.00 1226.42 161.67 0.99 1731.17 263.13 0.98 1110.25 367.57 0.99 1962.18 210.85 0.79 1173.23 428.94 0.99 1411.89 611.29 0.99 1239.39 596.13 0.99 1436.19 928.09 0.99 1240.09 923.86 0.98 1377.46 1230.88 0.98 1147.78 1174.31 0.96
1070 936.34 2.77 1702.48 1415.75 0.7505
1294.11 12.55 0.05 1302.35 0.00 0.00 1272.38 0.00 0.01 1289.58 0.00 0.02 1207.24 0.00 0.05 1299.13 118.39 0.95 1106.32 93.87 0.99 1398.51 363.94 0.69 988.67 344.99 0.99 1598.76 338.23 0.67 1161.58 403.67 0.98 1319.80 589.26 0.98 1156.66 595.34 0.99 1385.11 890.55 0.96 1188.84 905.93 0.97 1385.98 1239.33 0.99 1181.45 1259.39 0.99
1080 965.31 4.83 1566.99 1429.58 0.8929
1333.06 16.06 0.06 1334.25 0.00 0.00 1327.12 0.00 0.01 1287.82 0.00 0.02 1278.94 0.00 0.09 1261.76 92.57 0.93 1165.72 78.03 0.99 1325.39 364.52 0.34 1063.35 335.65 0.91 1480.64 328.40 0.49 1172.81 366.21 0.60 1289.16 604.06 0.99 1171.49 615.44 1.00 1339.35 932.50 0.99 1192.09 960.44 1.00 1377.34 1253.23 0.99 1175.27 1288.60 0.99
1090 1113.62 19.97 1517.53 1238.12 0.8206
1209.91 177.61 0.95 1219.92 144.01 0.94 1201.08 155.52 0.25 1280.71 118.63 0.87 1239.98 147.57 0.01 1373.49 210.97 0.98 1302.63 246.57 0.91 1372.69 330.99 0.84 1248.93 400.87 0.15 1226.64 361.02 0.96 1180.08 363.27 0.33 1337.26 632.61 0.99 1318.33 634.02 0.95 1290.49 899.07 0.99 1307.17 893.01 0.96 1373.55 1175.55 0.90 1354.32 1165.14 0.86
1100 962.27 41.89 1352.51 1210.52 0.9033
1133.50 156.26 0.02 1130.61 133.98 0.04 1153.28 136.43 0.01 1122.14 146.96 0.96 1225.30 144.67 0.81 1064.07 279.80 1.00 1285.10 275.05 0.99 1031.87 462.26 0.90 1304.08 417.29 0.50 1102.49 508.68 0.27 1198.98 459.76 0.13 1093.30 631.57 1.00 1234.61 639.87 0.99 1072.36 867.21 0.99 1219.93 882.85 0.99 1038.64 1102.56 0.98 1197.48 1133.37 0.99
1110 889.79 144.91 1243.75 1187.22 0.9201
1007.41 244.50 0.01 1002.20 228.13 0.02 1018.69 224.67 0.02 972.37 237.52 0.94 1059.81 225.61 0.91 926.72 350.34 0.99 1120.77 326.33 1.00 939.60 486.52 0.66 1160.57 441.61 0.89 1026.95 490.75 0.09 1064.01 384.88 0.17 979.47 654.77 0.99 1108.25 652.85 1.00 994.08 882.78 0.98 1134.20 882.94 0.99 1023.94 1108.21 0.97 1148.50 1122.79 0.98
1120 887.23 158.04 1243.69 1185.77 0.9241
1004.44 252.12 0.01 998.95 235.33 0.02 1016.24 232.48 0.02 967.90 244.31 0.95 1055.65 233.43 0.92 927.96 352.61 0.99 1117.07 331.04 0.99 935.93 487.43 0.82 1145.92 451.88 0.85 1013.32 511.70 0.20 1057.59 473.50 0.26 981.09 653.85 0.99 1106.11 650.19 0.99 994.73 878.22 0.99 1133.23 876.23 0.99 1021.46 1109.96 0.98 1144.55 1118.89 0.99
1130 953.36 1.69 1383.65 1266.31 0.8477
1306.73 87.07 0.28 1302.99 64.46 0.03 1293.04 63.69 0.18 1246.61 71.44 0.07 1241.13 71.69 0.74 1223.96 195.84 0.94 1162.49 200.56 1.00 1197.49 371.93 0.10 1102.15 391.33 0.91 1218.89 393.57 0.05 1174.48 436.90 0.53 1206.78 597.03 0.97 1168.85 605.49 1.00 1184.62 880.68 0.93 1171.10 891.19 0.99 1129.81 1142.22 0.86 1132.56 1163.31 0.96
1170 1099.60 36.58 1582.72 1361.08 0.8824
1243.10 143.55 0.14 1250.62 119.67 0.10 1262.90 121.20 0.01 1282.95 120.16 0.82 1344.82 116.89 0.06 1284.73 213.44 0.99 1401.58 212.07 0.87 1241.06 427.10 0.98 1393.92 408.23 0.03 1142.60 592.87 0.99 1269.59 538.68 0.03 1312.85 619.88 0.99 1390.80 619.38 0.95 1313.88 892.79 0.95 1360.16 938.27 0.91 1261.74 1103.30 0.86 1493.91 1234.73 0.83
1180 921.27 165.82 1240.75 1159.98 0.9354
1017.40 257.27 0.04 1015.79 236.75 0.10 1032.86 239.39 0.01 1019.67 238.01 0.98 1100.12 237.05 0.65 969.71 345.97 1.00 1163.75 334.88 0.99 953.17 496.81 0.95 1195.60 440.79 0.84 1021.21 524.87 0.40 1100.37 484.53 0.34 1015.41 634.56 1.00 1143.36 637.20 0.99 1012.56 860.96 0.99 1156.58 861.56 0.99 1020.56 1099.50 0.98 1170.24 1098.43 0.98
1190 946.88 163.31 1326.85 1146.68 0.9097
1081.37 258.17 0.51 1084.50 237.20 0.52 1094.78 237.96 0.03 1111.50 236.27 0.95 1165.96 234.64 0.06 1126.44 324.09 0.99 1242.12 327.47 0.99 1108.48 483.78 0.91 1291.07 462.85 0.62 1033.30 523.66 0.60 1204.50 513.38 0.20 1131.68 643.35 0.99 1231.33 644.83 0.99 1067.24 843.21 0.99 1223.43 856.13 0.99 1022.26 1073.46 0.99 1275.05 1083.17 0.99
1260 926.38 293.15 1345.12 1203.01 0.9052
967.48 420.49 0.76 963.82 396.86 0.78 961.76 408.24 0.04 992.18 360.46 0.86 993.02 392.20 0.00 1095.58 342.71 0.98 1057.62 454.87 0.97 1205.60 405.94 0.92 1102.79 622.03 0.98 1187.58 592.42 0.78 1049.24 749.16 0.98 1229.63 665.37 0.98 1188.70 693.34 0.97 1204.42 907.67 0.99 1176.39 902.21 0.97 1207.77 1137.28 0.96 1175.32 1106.58 0.96
1270 873.80 133.37 1303.53 1207.58 0.9261
1087.01 228.19 0.09 1087.18 204.38 0.10 1104.33 210.75 0.02 1101.39 199.34 0.87 1183.13 208.26 0.50 1066.19 272.15 0.99 1237.62 300.72 0.99 920.91 365.46 0.96 1270.78 446.37 0.84 963.82 362.20 0.42 1197.03 496.82 0.44 1114.74 612.48 0.99 1198.64 619.94 0.98 1134.97 868.91 0.99 1159.56 858.29 0.98 1183.12 1140.51 0.97 1155.82 1086.84 0.96
1280 906.49 382.69 1303.26 1199.06 0.9123
948.40 486.86 0.62 943.55 470.17 0.54 952.29 466.30 0.03 950.34 438.38 0.86 994.36 428.13 0.04 974.78 465.03 1.00 1086.51 421.83 0.94 995.39 609.15 0.98 1170.65 480.16 0.25 1014.96 696.81 0.95 1166.58 526.27 0.16 1135.10 649.79 0.99 1216.35 639.26 0.98 1119.58 884.83 1.00 1168.89 875.58 0.99 1183.82 1138.59 0.98 1149.09 1076.55 0.98
1290 876.98 386.58 1356.62 1152.77 0.9294
938.71 513.37 0.48 935.64 494.64 0.50 941.80 490.26 0.02 956.65 466.44 0.87 982.91 456.72 0.03 1013.57 490.99 0.99 1075.62 454.56 0.94 1016.50 671.07 0.99 1047.76 649.09 0.56 976.03 813.17 0.98 989.25 786.78 0.49 1214.09 642.87 0.99 1270.26 631.85 0.97 1143.63 874.17 1.00 1194.03 867.69 0.99 1241.89 1092.33 0.99 1154.09 1072.11 0.99
1300 819.80 384.64 1317.49 1150.79 0.9171
924.83 504.69 0.66 917.91 485.00 0.75 927.05 484.73 0.03 930.38 455.05 0.94 969.18 455.08 0.01 982.34 472.32 0.99 1052.10 450.80 0.95 1025.53 647.82 0.99 1022.98 609.11 0.58 932.54 737.47 0.99 909.24 596.70 0.59 1166.90 606.54 0.99 1236.49 602.55 0.97 1106.31 843.10 0.99 1173.99 849.14 0.98 1151.32 1080.30 0.95 1161.92 1078.16 0.97
1310 834.40 361.15 1201.32 1146.92 0.9102
873.78 459.87 0.10 873.33 440.18 0.09 888.54 436.42 0.02 890.70 424.06 0.79 954.75 412.70 0.31 894.43 483.85 0.99 1051.95 475.38 0.98 881.69 614.92 0.96 1138.09 612.24 0.40 883.20 727.20 0.94 1120.84 721.02 0.17 983.05 740.73 0.99 1093.88 736.20 0.98 984.45 909.54 0.98 1095.71 911.51 0.98 1012.03 1091.62 0.97 1103.84 1092.78 0.98
1320 917.66 375.76 1242.89 1146.27 0.8822
940.86 472.18 0.24 941.07 452.73 0.15 955.44 450.28 0.02 973.95 436.15 0.68 1036.87 428.23 0.14 979.62 499.96 0.99 1150.27 489.53 0.97 957.46 640.08 0.73 1204.16 616.37 0.24 960.10 711.62 0.43 1132.37 673.53 0.06 1012.30 754.01 0.98 1139.69 749.91 0.98 1011.82 907.45 0.99 1122.66 914.02 0.99 1012.07 1090.96 0.98 1107.89 1094.26 0.98
1330 906.09 386.21 1221.68 1148.47 0.8842
942.21 468.54 0.25 942.53 448.91 0.17 955.15 448.85 0.02 974.58 432.20 0.69 1029.65 429.53 0.11 975.93 503.17 0.98 1142.74 499.45 0.98 956.54 639.07 0.62 1193.42 636.04 0.64 956.81 662.94 0.24 1163.42 734.12 0.28 1005.64 759.50 0.99 1130.62 758.93 0.99 1003.72 908.70 0.99 1118.77 922.55 0.99 1009.62 1096.88 0.99 1103.63 1101.40 0.99
1340 1116.95 8.67 1608.69 1289.30 0.8940
1366.30 82.20 0.34 1374.48 56.98 0.21 1359.70 61.10 0.31 1367.45 59.98 0.48 1342.64 66.55 0.53 1425.64 215.11 0.98 1273.17 216.52 0.99 1549.77 426.01 0.88 1155.61 411.36 0.98 1578.51 620.94 0.88 1146.04 605.45 0.97 1398.95 624.55 0.99 1281.18 617.80 0.99 1376.63 901.23 1.00 1291.42 896.47 0.99 1268.58 1135.06 0.97 1261.91 1140.39 0.91
1380 555.57 298.88 1299.69 1333.86 0.9277
687.24 415.20 0.76 694.17 387.25 0.79 687.08 392.86 0.02 756.83 371.83 0.94 755.28 384.40 0.01 857.41 415.06 0.99 894.37 435.81 0.96 839.70 641.06 0.97 992.79 630.11 0.93 690.87 796.62 0.89 908.77 805.11 0.98 1173.32 629.72 0.99 1162.10 638.20 0.98 1076.43 920.19 1.00 1057.85 913.99 0.99 1158.02 1237.52 0.96 1081.90 1182.88 0.95
1390 855.48 53.48 1399.54 1314.81 0.8791
917.07 225.28 0.07 915.28 199.21 0.05 934.63 186.00 0.01 936.47 190.03 0.65 1022.27 159.19 0.24 975.52 324.22 0.99 1169.14 266.86 0.96 984.29 506.32 0.85 1263.49 447.68 0.07 994.80 635.95 0.84 1210.46 548.79 0.03 1085.56 663.69 0.99 1235.20 640.32 0.99 1060.60 900.17 0.99 1256.85 901.76 0.99 1038.82 1149.71 0.99 1289.84 1184.89 0.99
1460 773.79 1.12 1797.69 1467.70 0.9289
939.06 217.74 0.67 936.75 173.74 0.78 929.87 189.45 0.02 1025.80 123.87 0.97 1004.66 169.36 0.00 1250.81 190.68 0.98 1124.82 296.01 0.96 1055.97 544.69 0.96 997.13 580.29 0.82 867.38 753.96 0.95 856.95 754.46 0.73 1563.11 582.64 0.99 1388.20 619.83 0.99 1598.80 995.59 0.99 1300.82 998.21 0.99 1633.88 1371.58 0.97 1239.97 1309.46 0.99
1470 1059.98 2.71 1868.01 1479.57 0.9113
1172.61 172.24 0.65 1174.10 122.68 0.71 1169.50 134.86 0.09 1243.81 67.23 0.74 1267.32 96.28 0.03 1355.39 170.50 0.96 1494.93 152.40 0.83 1311.30 513.07 0.98 1386.52 449.37 0.29 1190.43 753.95 0.99 1190.62 621.58 0.16 1529.99 634.09 0.97 1682.99 625.08 0.95 1367.49 1000.99 0.97 1619.47 1036.07 0.99 1259.40 1301.99 0.89 1625.33 1364.07 0.97
1480 944.02 0.00 1754.23 1460.80 0.9302
1111.39 228.91 0.59 1101.19 184.65 0.77 1093.21 205.38 0.07 1162.58 104.28 0.90 1152.72 164.25 0.01 1370.64 147.12 0.96 1315.51 220.38 0.96 1368.57 414.24 0.99 1291.44 505.82 0.98 1109.55 484.91 0.99 1162.91 679.99 0.94 1579.73 653.90 0.98 1491.17 666.29 0.98 1621.43 1018.02 0.99 1452.20 990.13 0.99 1663.61 1361.30 0.95 1430.88 1302.75 0.99
1490 61.58 32.59 1515.88 1496.00 0.8542
614.55 301.54 0.11 614.19 264.69 0.29 618.59 266.57 0.00 686.90 195.08 0.89 716.59 204.43 0.02 834.63 203.35 0.98 924.83 235.41 0.97 592.02 362.95 0.98 865.66 499.98 0.98 231.41 426.38 0.96 625.16 515.08 0.99 1224.35 595.26 0.97 1305.20 599.34 0.97 1132.04 1023.92 1.00 1301.03 992.28 1.00 1242.79 1436.26 0.98 1408.20 1316.93 0.99
1500 1243.18 5.17 2045.43 1465.08 0.9015
1546.34 15.61 0.00 1528.93 0.00 0.00 1583.02 0.00 0.00 1505.04 0.00 0.01 1693.65 0.00 0.01 1430.78 21.35 0.58 1841.70 26.42 0.24 1312.57 299.44 0.86 1941.75 320.12 0.08 1349.17 573.48 0.90 1896.89 533.04 0.08 1490.02 620.96 0.99 1758.46 625.04 0.99 1483.42 1001.10 1.00 1690.77 1001.53 1.00 1498.46 1358.66 0.99 1666.25 1366.48 0.99
1530 974.95 203.88 1398.76 1155.66 0.9115
1050.85 327.82 0.74 1050.61 303.26 0.60 1054.82 303.57 0.03 1085.68 271.95 0.79 1113.85 272.99 0.01 1140.06 325.35 0.99 1219.37 304.90 0.87 1169.31 491.60 0.58 1241.11 472.62 0.01 1138.73 581.21 0.30 1151.89 569.92 0.01 1186.32 653.67 0.99 1267.84 643.12 0.96 1115.20 871.91 0.99 1246.13 873.23 0.98 1101.31 1098.01 0.98 1269.64 1095.85 0.98
1540 930.50 232.49 1255.93 1160.88 0.9079
975.31 353.37 0.93 970.60 330.61 0.94 973.02 332.95 0.06 998.53 295.22 0.96 1023.91 303.41 0.00 1064.27 344.67 1.00 1113.41 325.05 0.83 1067.33 489.02 0.99 1112.88 468.85 0.07 997.55 566.18 0.99 1023.34 538.13 0.13 1128.35 635.59 0.99 1161.41 626.80 0.92 1123.14 864.92 0.99 1129.90 854.24 0.94 1153.22 1107.29 0.98 1139.09 1068.27 0.95
1550 821.00 195.49 1228.92 1143.78 0.8862
958.40 302.61 0.88 970.91 281.66 0.89 943.18 288.52 0.57 1012.32 266.05 0.88 937.47 282.95 0.14 1095.47 366.84 0.99 948.24 387.16 0.99 1199.57 479.25 0.99 883.26 490.80 0.97 1151.60 577.63 0.99 851.82 555.40 0.94 1087.71 641.76 0.99 988.27 644.80 0.99 1096.37 845.83 0.98 972.78 837.07 0.98 1147.69 1052.75 0.98 993.07 1025.75 0.99
1560 849.36 175.44 1171.01 1135.13 0.8169
996.60 256.32 0.98 1007.31 238.70 0.94 973.07 242.00 0.99 1018.38 253.02 0.44 937.27 263.11 0.97 1077.15 365.89 0.99 929.82 387.37 0.98 1143.71 478.76 0.95 926.05 519.68 0.80 1109.38 512.68 0.94 853.27 545.81 0.82 1056.84 633.91 0.99 953.82 636.87 0.99 1064.88 832.49 0.99 958.36 825.38 0.99 1079.64 1049.50 0.99 996.72 1024.92 0.99
1570 886.45 173.43 1173.53 1135.51 0.8744
994.89 253.23 0.99 1006.42 236.09 0.96 970.83 239.05 0.99 1019.85 252.32 0.50 934.96 261.78 0.97 1080.06 366.35 0.99 932.36 385.24 0.98 1147.10 484.60 0.97 927.39 513.34 0.71 1093.44 518.70 0.97 906.04 553.55 0.54 1056.11 640.00 0.99 954.49 641.51 0.99 1062.50 837.54 0.99 953.05 828.98 0.98 1077.86 1048.34 0.99 994.01 1022.83 0.99
1580 885.30 172.59 1172.78 1135.75 0.8764
990.74 257.15 0.99 1003.10 239.47 0.97 967.19 241.86 0.99 1017.73 254.11 0.54 932.40 262.20 0.97 1078.08 363.28 0.99 933.23 383.72 0.98 1146.93 480.70 0.98 930.08 506.65 0.79 1092.22 521.51 0.98 931.91 547.31 0.52 1056.14 633.87 0.99 956.03 635.69 0.99 1061.43 834.85 0.99 953.11 826.23 0.98 1078.25 1047.25 0.99 994.62 1022.94 0.99
1590 839.85 221.83 1137.98 1105.95 0.8511
858.44 336.77 0.76 861.38 312.79 0.88 853.06 321.64 0.07 908.16 286.37 0.97 881.17 309.78 0.01 1026.81 366.21 1.00 912.52 406.73 0.95 1104.15 490.41 0.98 907.16 530.65 0.54 1032.74 520.49 0.99 853.41 559.74 0.48 1021.79 648.52 0.99 946.71 653.01 0.95 1001.73 842.89 0.98 954.93 839.87 0.91 1023.93 1038.50 0.96 992.50 1021.35 0.92
1600 637.74 382.39 900.66 579.22 0.4618
704.52 383.48 0.13 715.94 369.16 0.07 696.66 372.57 0.04 750.04 366.85 0.22 693.20 376.30 0.05 808.73 418.21 0.99 695.23 444.19 0.99 863.69 501.37 0.74 676.39 534.09 0.95 858.31 530.95 0.12 663.84 567.39 0.51 821.55 591.04 0.65 740.81 600.07 0.61 810.53 588.73 0.03 706.43 601.56 0.01 820.08 618.66 0.03 731.37 626.31 0.02
1610 599.87 388.88 875.84 651.49 0.3523
726.88 388.79 0.39 736.38 376.88 0.14 713.62 377.12 0.22 749.91 380.30 0.13 687.71 381.78 0.42 790.61 461.70 1.00 651.18 469.27 1.00 821.67 550.71 0.99 617.60 568.31 0.99 835.52 614.13 0.98 675.00 622.68 0.95 778.05 662.36 0.94 685.38 666.08 0.93 790.36 796.72 0.15 691.10 798.09 0.15 787.20 889.91 0.03 698.31 894.66 0.02
1620 618.61 372.71 885.61 1014.45 0.4623
741.39 385.56 0.75 752.96 374.33 0.43 728.09 376.82 0.52 769.46 380.83 0.45 707.55 384.77 0.60 804.87 467.42 0.99 675.30 476.32 1.00 824.72 559.44 0.99 637.07 572.07 0.99 841.21 625.21 0.98 680.48 619.59 0.99 783.19 670.01 0.97 700.37 674.24 0.99 781.31 811.64 0.81 707.28 815.08 0.94 781.38 961.34 0.82 726.66 958.96 0.95
1630 607.42 381.35 875.34 1014.66 0.6889
743.02 404.56 0.89 755.20 392.50 0.74 729.70 393.35 0.74 771.59 394.54 0.56 707.23 394.41 0.67 802.49 473.61 0.99 667.56 474.11 0.99 821.35 558.04 0.98 627.30 566.50 0.99 836.31 612.77 0.98 678.20 619.63 0.99 775.64 673.05 0.97 693.13 675.51 0.98 771.48 814.69 0.91 703.05 816.11 0.96 776.54 963.55 0.91 725.66 958.97 0.97
1640 633.81 360.95 948.12 1013.55 0.8209
762.60 380.60 0.87 775.18 369.34 0.64 749.80 370.74 0.68 791.46 376.51 0.51 728.46 377.30 0.64 823.94 460.43 0.99 688.42 465.50 1.00 855.93 551.21 0.99 655.00 569.55 0.99 899.17 618.01 0.99 727.84 619.00 0.99 802.30 673.34 0.97 717.66 677.13 0.99 800.73 814.58 0.83 719.92 817.28 0.96 800.66 960.72 0.78 730.83 958.25 0.95
1650 647.23 354.96 982.27 1013.91 0.8730
763.66 380.42 0.80 777.39 367.84 0.59 751.78 370.02 0.50 799.19 372.84 0.57 733.98 374.85 0.44 833.36 455.64 0.99 699.49 456.97 0.99 871.65 542.16 0.99 669.96 561.31 0.99 922.34 615.13 0.99 751.76 615.70 0.99 808.62 671.89 0.97 724.48 673.91 0.99 802.11 812.18 0.84 724.36 814.19 0.96 801.84 959.66 0.79 733.54 957.33 0.96
1660 678.03 295.56 1049.01 1024.99 0.7799
822.93 362.82 0.66 836.08 349.40 0.39 807.91 350.23 0.63 850.70 352.75 0.27 778.03 352.31 0.68 883.90 445.47 0.99 731.41 441.12 0.99 937.27 539.84 0.99 711.27 561.67 0.99 987.96 596.35 0.99 820.55 607.50 0.99 857.98 692.75 0.98 763.28 690.82 0.99 852.97 854.08 0.94 765.15 853.08 0.94 835.07 1026.40 0.86 751.78 1013.92 0.86
1670 697.60 273.37 1048.88 1035.73 0.8544
844.01 336.39 0.94 857.81 326.22 0.90 830.28 325.94 0.92 874.20 343.42 0.72 806.23 340.32 0.84 907.21 436.74 0.99 756.72 434.00 0.99 947.85 532.76 0.99 724.00 550.73 0.99 984.64 601.97 0.99 822.66 602.17 0.99 884.57 674.95 0.98 786.77 674.49 0.98 882.45 839.19 0.93 790.04 837.86 0.89 875.90 1005.31 0.81 797.02 999.55 0.76
1680 696.88 272.73 1048.68 1028.10 0.8586
854.76 337.82 0.97 865.64 327.18 0.88 838.20 326.58 0.98 874.35 344.84 0.35 805.70 342.22 0.95 906.48 439.03 0.99 755.95 434.61 0.99 946.91 537.02 0.99 722.88 549.18 0.99 985.95 603.16 0.99 821.07 600.45 0.99 881.02 676.22 0.99 783.70 675.29 0.98 878.43 841.51 0.93 789.37 840.77 0.90 874.33 1005.66 0.82 795.24 1001.87 0.75
1690 709.77 278.43 1027.00 1031.87 0.8904
854.53 380.12 0.81 867.79 365.70 0.61 839.56 364.85 0.85 879.81 357.11 0.40 807.57 352.76 0.91 910.32 437.70 0.99 764.09 430.60 0.99 949.63 530.55 0.99 742.41 550.83 0.99 975.26 592.67 0.99 853.82 600.42 0.99 880.71 674.71 0.98 788.83 671.95 0.98 878.76 835.63 0.92 793.82 837.33 0.89 873.04 1006.24 0.77 799.93 1001.88 0.72
1700 708.90 273.44 1025.36 1015.58 0.8866
863.39 337.04 0.97 874.68 326.87 0.89 847.01 324.24 0.98 882.53 344.40 0.32 813.01 337.49 0.95 912.23 438.94 0.99 762.35 432.12 0.99 948.58 529.94 0.99 737.14 549.78 0.99 976.43 597.65 0.99 847.30 598.25 0.99 886.94 678.16 0.99 790.71 677.27 0.98 883.67 840.58 0.92 799.50 842.06 0.89 876.77 1004.20 0.77 804.55 1001.89 0.70
1710 709.21 271.51 1024.97 1016.58 0.8713
865.96 337.52 0.96 875.20 325.85 0.81 849.09 324.99 0.97 880.61 339.22 0.20 812.54 336.33 0.96 911.32 440.16 0.99 761.46 433.35 0.99 949.03 533.63 0.99 737.54 550.68 0.99 977.40 599.14 0.99 847.99 599.02 0.99 886.53 684.18 0.98 790.12 683.18 0.98 883.76 847.94 0.89 799.01 849.50 0.87 874.50 1010.19 0.70 803.52 1009.43 0.67
1720 707.88 273.00 1023.84 1016.18 0.8815
860.74 340.06 0.97 873.46 330.20 0.90 846.11 326.52 0.97 882.62 345.76 0.45 813.68 335.87 0.94 911.62 439.74 0.99 761.32 432.66 0.99 949.74 531.51 0.99 736.63 548.20 0.99 974.71 597.45 0.99 844.05 597.23 0.99 885.81 681.17 0.99 789.34 679.65 0.98 881.84 844.04 0.91 796.40 843.76 0.87 874.98 1006.44 0.72 800.94 1002.02 0.66
1730 695.48 272.58 1032.44 1030.83 0.8672
853.69 337.82 0.98 864.76 326.28 0.92 837.90 325.86 0.98 874.64 340.93 0.42 807.31 338.46 0.94 907.32 438.02 0.99 755.25 435.66 0.99 947.45 530.63 0.99 718.30 552.98 0.99 978.36 598.53 0.99 812.60 587.96 0.99 885.11 676.39 0.99 786.10 676.54 0.98 883.02 838.93 0.94 792.31 839.78 0.92 875.47 1000.94 0.86 798.94 998.95 0.81
1740 696.39 271.06 1035.88 1024.58 0.8731
846.90 341.04 0.97 859.07 327.28 0.93 830.75 328.47 0.97 873.18 338.89 0.58 803.83 339.65 0.91 907.51 438.79 0.99 755.36 436.80 0.99 948.36 531.76 0.99 719.03 552.97 0.99 978.06 597.59 0.99 813.23 587.87 0.99 883.45 681.61 0.99 783.44 681.35 0.98 880.65 844.00 0.93 788.33 844.29 0.92 874.31 1005.77 0.83 796.36 1001.96 0.81
1750 692.08 271.64 1036.08 1025.41 0.8217
855.40 337.19 0.98 866.69 325.94 0.92 839.87 324.44 0.98 875.45 340.69 0.42 808.68 336.00 0.95 910.50 440.97 0.99 756.01 434.61 0.99 940.63 540.86 0.99 714.04 541.89 0.99 976.58 599.60 0.99 771.38 569.67 0.99 881.15 672.49 0.99 780.97 670.73 0.99 878.20 835.30 0.95 784.03 833.75 0.93 873.76 997.05 0.89 791.71 993.04 0.86
1760 691.25 273.00 1035.08 1028.75 0.8341
849.54 339.05 0.98 860.75 324.94 0.94 833.18 325.95 0.99 872.54 335.63 0.47 804.74 336.24 0.94 910.49 440.68 0.99 754.57 435.89 0.99 940.98 540.62 0.99 711.75 543.62 0.99 978.81 590.54 0.99 775.28 572.47 0.99 884.24 674.20 0.99 782.70 672.82 0.99 879.83 838.89 0.94 786.63 838.19 0.93 873.84 1002.39 0.86 792.98 998.28 0.85
1770 666.89 295.10 1022.72 1046.84 0.8301
823.26 336.08 0.86 833.91 321.25 0.50 806.43 321.78 0.77 844.20 329.77 0.19 772.18 329.51 0.69 870.77 441.59 0.99 724.11 427.23 0.99 903.22 562.38 0.99 691.60 533.31 0.99 965.57 620.49 0.99 735.35 596.31 0.99 849.87 669.28 0.98 754.77 668.47 0.98 861.27 835.87 0.94 770.48 836.44 0.94 869.05 1008.15 0.90 785.68 998.40 0.90
1780 663.14 296.63 993.70 1044.82 0.8424
823.58 332.10 0.86 835.49 318.55 0.55 807.11 318.56 0.70 845.64 329.87 0.30 773.71 328.15 0.69 870.55 441.87 0.99 721.41 432.99 0.99 897.10 566.41 0.99 691.47 544.95 0.99 949.54 646.39 0.99 723.86 610.80 0.99 848.65 675.17 0.99 754.02 677.93 0.99 860.29 840.82 0.96 769.43 841.35 0.95 867.39 1012.07 0.93 788.40 1000.48 0.92
1790 660.82 321.84 993.99 1047.33 0.8340
819.06 339.68 0.45 831.88 327.94 0.17 803.83 326.24 0.22 843.28 335.82 0.24 769.69 330.22 0.48 867.87 444.05 0.99 721.97 431.21 0.99 891.42 571.06 0.99 689.28 545.21 0.99 947.22 647.92 0.99 726.22 610.21 0.99 844.43 679.57 0.99 751.65 681.00 0.99 858.54 842.52 0.95 767.48 843.28 0.93 867.32 1014.61 0.93 787.61 999.62 0.91
1820 577.14 153.54 941.62 1040.95 0.4412
832.04 304.99 0.65 839.56 288.79 0.15 815.55 281.28 0.50 823.32 296.80 0.03 750.21 280.76 0.46 798.53 436.23 0.98 676.72 401.49 0.99 818.55 568.33 0.99 626.18 499.91 0.99 876.03 635.21 0.99 629.19 575.42 0.98 762.31 667.26 0.98 681.09 660.68 0.99 750.31 827.50 0.93 672.55 826.61 0.96 753.75 1004.83 0.97 677.70 1006.05 0.98
1830 648.82 220.53 999.93 627.97 0.5659
891.16 325.24 0.83 899.21 312.82 0.66 881.02 305.63 0.82 893.27 316.21 0.25 839.56 298.99 0.83 887.89 428.69 1.00 766.49 396.19 1.00 911.25 543.46 0.95 678.05 473.29 0.98 953.12 596.83 0.69 694.55 537.88 0.95 859.10 655.89 0.81 767.54 649.99 0.80 895.14 765.26 0.02 775.64 765.98 0.02 885.36 819.80 0.01 770.36 820.46 0.01
1890 620.91 168.95 996.99 1071.67 0.4834
828.43 273.88 0.60 842.42 259.07 0.33 810.13 257.22 0.37 854.14 274.96 0.27 773.00 270.27 0.49 878.50 403.42 0.99 743.18 390.99 0.99 906.17 524.61 0.96 685.16 429.21 0.98 950.71 551.21 0.96 669.27 475.07 0.99 861.64 665.58 0.97 760.78 663.51 0.98 876.75 844.59 0.91 749.76 840.64 0.89 860.12 1024.96 0.95 743.93 1026.80 0.94
1910 578.66 198.51 910.29 1081.92 0.5171
725.16 289.32 0.51 745.36 273.05 0.31 708.75 271.66 0.33 773.77 285.94 0.28 677.83 280.90 0.35 804.16 401.52 0.96 645.43 387.78 0.99 825.45 521.41 0.88 610.73 427.04 0.99 858.01 552.30 0.91 631.39 470.56 0.99 793.55 673.69 0.97 690.54 676.68 0.99 814.72 870.82 0.90 709.47 873.14 0.96 837.17 1047.54 0.86 743.67 1055.11 0.92
1920 683.56 356.54 964.64 901.61 0.7560
727.77 351.06 0.09 737.70 335.40 0.02 726.76 336.00 0.01 764.74 331.88 0.12 743.83 332.32 0.07 808.27 397.87 0.98 773.26 427.29 0.77 874.27 485.10 0.99 800.53 542.05 0.06 753.90 472.23 0.99 751.43 522.81 0.05 863.31 759.66 0.98 841.66 766.92 0.90 847.12 987.82 0.66 858.87 985.40 0.36 865.53 1145.52 0.06 875.95 1141.37 0.06
1930 756.25 355.97 1059.40 980.91 0.8552
913.03 474.50 0.98 939.00 465.72 0.98 906.49 450.73 0.94 980.27 452.00 0.83 897.32 412.81 0.43 1006.29 513.35 0.98 861.66 432.94 0.99 1022.93 681.53 0.99 816.88 485.14 0.99 1027.91 831.53 0.99 793.84 562.88 0.99 953.09 714.32 0.99 856.48 689.53 0.99 940.73 891.98 0.97 838.55 871.29 0.98 930.18 1074.17 0.77 823.53 1061.24 0.81
1940 564.19 263.03 897.96 1063.90 0.4532
710.76 328.13 0.52 728.06 313.24 0.28 704.70 314.57 0.11 769.68 318.66 0.50 704.59 320.56 0.05 832.53 417.04 0.99 707.66 424.97 0.99 839.79 550.99 0.99 637.04 480.56 0.99 717.81 559.55 0.99 572.05 509.60 0.95 796.08 676.83 0.99 726.86 673.04 0.99 766.74 846.73 0.96 757.11 849.46 0.93 718.63 1012.52 0.98 809.01 1020.11 0.96
1970 483.61 204.50 872.53 523.33 0.7004
547.93 275.72 0.95 559.20 255.76 0.78 524.11 265.20 0.98 589.91 270.28 0.32 500.80 293.18 0.72 648.11 396.34 1.00 512.85 386.57 0.95 749.51 500.40 0.98 497.35 441.61 0.86 834.04 387.03 0.97 532.71 346.94 0.89 639.70 610.61 0.46 539.82 605.93 0.32 665.42 650.63 0.01 544.02 648.72 0.01 670.07 653.34 0.00 563.98 669.77 0.00
1980 560.08 155.13 966.40 832.52 0.7043
774.90 229.88 0.98 783.47 214.76 0.75 750.09 214.35 0.99 786.95 241.08 0.06 700.93 239.56 0.99 811.95 377.93 1.00 634.50 353.61 0.99 918.61 356.84 0.95 617.75 432.27 0.78 936.02 263.40 0.87 761.62 436.99 0.65 765.65 682.47 0.97 661.98 676.10 0.94 753.89 862.88 0.69 689.96 864.20 0.46 732.66 1037.04 0.36 687.73 1035.43 0.19
1990 800.64 182.66 1063.41 1146.50 0.8754
851.55 278.21 0.98 869.59 258.70 0.99 841.18 262.65 0.89 914.04 266.05 0.95 840.14 273.74 0.12 971.57 368.86 1.00 843.20 396.68 0.96 986.85 265.91 0.93 842.10 523.50 0.19 900.91 189.40 0.64 844.45 597.48 0.07 951.51 693.62 1.00 850.74 692.53 0.98 976.96 886.90 0.99 869.00 891.79 0.97 992.33 1092.04 0.99 893.00 1093.47 0.98
2000 807.46 191.70 1070.72 1149.65 0.8343
865.70 283.50 0.94 878.90 262.08 0.93 860.34 265.09 0.42 929.28 264.69 0.81 882.25 271.29 0.04 989.09 362.51 0.99 905.51 380.81 0.93 977.76 265.11 0.90 886.70 453.71 0.10 913.90 215.99 0.82 863.07 453.36 0.07 940.62 688.46 0.99 887.95 686.25 0.98 945.47 881.77 0.99 911.08 885.33 0.97 956.75 1085.06 0.98 924.93 1087.25 0.98
2010 800.41 193.02 1062.31 1146.22 0.8350
853.73 283.85 0.98 870.77 262.24 0.98 846.43 266.81 0.75 917.96 267.75 0.91 854.97 276.83 0.05 976.90 371.52 1.00 864.42 396.50 0.95 974.69 247.13 0.91 855.18 517.01 0.10 893.31 187.07 0.73 842.49 575.84 0.05 942.17 698.89 0.99 859.57 696.01 0.98 968.76 880.29 0.98 875.83 882.78 0.96 984.86 1081.90 0.98 897.57 1072.87 0.98
2020 796.38 188.81 1059.05 1147.38 0.8617
863.36 273.81 0.98 882.70 252.81 0.99 848.14 259.21 0.94 922.23 265.33 0.89 839.62 278.46 0.36 969.98 372.05 1.00 845.84 406.25 0.95 969.14 234.79 0.91 842.71 535.76 0.17 881.35 145.14 0.56 832.59 612.19 0.09 945.08 699.91 1.00 843.01 698.69 0.98 977.02 888.77 0.99 864.53 892.66 0.96 991.18 1088.74 0.99 893.97 1084.27 0.98
2030 792.34 203.22 1057.92 1149.46 0.8251
874.45 270.07 0.95 891.22 250.72 0.94 862.10 256.60 0.84 929.39 261.16 0.79 856.85 273.01 0.30 970.23 366.10 0.99 846.33 393.91 0.98 963.60 256.95 0.93 832.99 522.38 0.47 884.40 192.86 0.80 843.22 584.47 0.17 941.05 684.81 1.00 846.77 686.24 0.99 975.56 881.28 0.99 861.48 885.28 0.97 993.17 1086.43 0.99 890.32 1085.60 0.98
2040 766.74 213.28 991.98 1062.17 0.8209
804.02 310.96 0.48 815.96 291.42 0.49 796.63 297.81 0.13 866.27 279.02 0.66 807.48 293.51 0.04 945.75 356.05 0.99 810.83 388.08 0.99 951.81 455.67 0.94 787.68 520.68 0.98 878.24 365.38 0.79 839.38 550.35 0.69 918.60 639.92 0.99 832.22 644.64 0.99 912.15 826.95 0.99 840.26 826.63 0.97 910.67 1029.45 0.98 860.20 1022.11 0.96
2070 255.89 330.19 700.14 678.99 0.7149
422.81 434.44 0.45 429.77 415.13 0.44 404.17 423.68 0.43 452.34 394.51 0.27 377.78 416.76 0.48 520.83 427.31 1.00 334.83 469.70 0.99 601.73 522.10 1.00 313.21 599.54 0.95 658.87 642.49 0.96 320.67 655.07 0.74 584.83 657.60 0.89 469.30 689.85 0.82 670.16 613.18 0.11 565.51 638.87 0.07 700.55 704.71 0.02 616.17 717.44 0.02
2090 1140.17 3.51 1735.03 1439.26 0.5793
1435.46 56.52 0.30 1454.58 24.18 0.07 1423.54 26.34 0.10 1461.49 22.75 0.13 1404.90 22.79 0.17 1464.28 149.70 0.94 1361.48 130.20 0.89 1480.35 306.70 0.43 1290.08 264.49 0.26 1489.39 433.29 0.22 1256.58 395.37 0.14 1360.96 579.43 0.97 1362.47 580.56 0.94 1333.64 878.42 0.99 1460.62 930.51 0.98 1216.94 1132.10 0.99 1541.01 1295.87 0.98
2100 1162.61 1.82 1835.45 1455.03 0.9413
1566.19 20.89 0.00 1551.02 0.00 0.00 1588.96 0.00 0.00 1506.68 0.00 0.03 1641.37 0.00 0.02 1399.27 50.82 0.88 1693.08 61.26 0.55 1264.29 294.50 0.96 1710.22 306.80 0.89 1301.55 531.02 0.89 1770.30 548.53 0.98 1351.49 556.50 1.00 1559.90 574.97 1.00 1292.92 938.97 1.00 1566.24 967.65 1.00 1244.57 1278.58 0.99 1531.34 1344.56 0.99
2110 1060.63 131.91 1513.24 1359.71 0.9035
1170.60 193.71 0.02 1168.76 170.17 0.01 1191.03 170.85 0.00 1180.17 146.03 0.29 1272.18 145.58 0.22 1182.49 188.15 0.98 1373.13 221.53 0.94 1150.17 351.05 0.98 1452.22 438.99 0.48 1092.94 589.95 0.99 1400.57 612.13 0.30 1241.96 660.81 1.00 1371.21 661.81 0.97 1257.88 964.43 0.99 1314.99 927.13 0.85 1313.43 1292.25 0.94 1313.70 1205.44 0.75
2120 648.36 359.99 1289.44 1253.54 0.9174
900.33 507.55 0.06 894.55 488.12 0.03 905.19 493.37 0.01 908.30 444.54 0.32 949.76 455.88 0.11 931.59 426.86 0.96 1020.72 455.04 0.89 818.72 521.74 0.96 1031.98 581.17 0.29 691.34 625.02 0.97 989.01 637.66 0.16 1139.54 576.04 0.99 1195.56 592.89 0.97 1115.77 870.87 0.99 1140.01 873.95 0.97 1133.09 1173.65 0.97 1119.40 1135.24 0.96
2130 533.38 207.68 1303.33 1247.99 0.9358
831.55 412.42 0.62 819.21 384.97 0.64 818.17 409.62 0.11 833.43 329.64 0.75 842.83 393.42 0.05 920.03 303.12 0.98 919.22 454.59 0.99 823.58 245.98 0.99 914.66 647.15 0.99 636.24 312.22 1.00 770.19 687.54 0.97 1151.57 596.66 0.99 1109.70 641.15 0.99 1128.09 875.34 1.00 1067.64 873.80 1.00 1130.00 1170.34 0.99 1094.85 1122.51 1.00
2140 698.42 186.36 1264.89 1253.51 0.9347
952.71 285.27 0.75 950.13 263.43 0.73 954.27 267.22 0.05 975.68 223.95 0.91 1013.24 234.74 0.02 1017.68 261.67 1.00 1109.72 270.44 0.93 947.71 391.69 0.98 1137.91 419.06 0.12 806.17 418.72 0.99 1012.41 465.17 0.10 1100.45 609.62 0.99 1156.61 605.56 0.97 1086.88 883.00 0.99 1099.08 868.12 0.97 1116.26 1181.74 0.98 1112.56 1126.76 0.97
2150 694.44 0.00 1429.58 1399.92 0.9478
1257.34 36.60 0.02 1236.79 13.57 0.00 1261.34 11.81 0.01 1145.64 9.10 0.24 1251.53 9.65 0.37 1045.23 133.79 0.99 1268.82 127.58 0.98 895.10 319.73 0.98 1306.96 368.30 0.97 785.73 423.79 0.98 1374.95 600.61 0.98 1050.39 586.36 1.00 1215.80 590.15 1.00 1042.83 939.05 1.00 1201.54 954.64 1.00 1032.97 1254.23 0.99 1174.48 1297.93 0.99
2160 692.77 1.90 1429.34 1401.28 0.9559
1238.16 35.79 0.03 1216.88 14.85 0.00 1236.00 11.33 0.01 1119.80 11.27 0.21 1214.67 10.09 0.44 1023.42 135.14 0.99 1252.97 123.85 0.98 883.61 318.26 0.98 1301.69 363.12 0.96 781.04 424.91 0.98 1371.82 594.87 0.99 1039.17 586.05 1.00 1204.55 585.91 1.00 1033.71 939.95 1.00 1197.16 951.84 1.00 1032.31 1260.11 0.99 1171.10 1300.54 0.98
2170 686.53 9.07 1256.32 1305.46 0.9382
1037.68 112.49 0.03 1034.45 84.28 0.07 1059.87 96.44 0.01 1036.66 89.44 0.96 1142.62 109.41 0.60 979.81 198.69 0.99 1182.13 239.07 0.99 899.96 375.67 0.98 1184.44 416.07 0.77 781.47 436.45 0.97 1124.86 433.56 0.22 1012.36 604.73 1.00 1147.09 613.53 1.00 1030.39 912.33 1.00 1130.50 884.92 0.99 1078.57 1226.81 0.99 1144.71 1158.35 0.99
2180 668.64 0.12 1262.66 1305.33 0.9282
1060.01 69.12 0.01 1053.36 40.16 0.04 1083.71 54.66 0.01 1041.82 50.41 0.97 1164.16 74.23 0.78 967.63 176.17 0.99 1207.56 204.06 0.99 882.26 357.40 0.98 1214.91 390.14 0.76 776.44 434.29 0.94 1132.17 431.27 0.26 1008.01 584.99 1.00 1163.60 589.41 1.00 1028.39 894.65 0.99 1138.29 860.83 0.99 1074.76 1218.69 0.99 1137.37 1143.68 0.99
2190 669.42 1.38 1270.45 1306.06 0.9331
1032.05 75.35 0.15 1035.11 42.20 0.44 1054.64 54.98 0.03 1061.24 43.39 0.99 1151.00 63.07 0.36 981.44 169.38 1.00 1215.24 206.96 0.99 886.98 353.32 0.98 1220.41 392.82 0.67 776.60 432.86 0.95 1130.21 435.88 0.25 1018.71 574.16 1.00 1168.85 582.26 0.99 1031.36 889.71 1.00 1137.84 863.53 0.99 1074.16 1219.61 0.99 1141.19 1150.81 0.99
2200 668.52 0.27 1266.34 1305.56 0.9335
1034.04 71.34 0.14 1036.24 37.80 0.46 1055.81 50.36 0.03 1058.64 39.66 0.99 1150.65 59.28 0.42 982.05 172.58 1.00 1215.25 208.23 0.99 887.47 355.90 0.99 1216.45 394.48 0.64 773.52 433.50 0.95 1121.60 433.48 0.20 1015.56 582.03 1.00 1166.62 588.86 0.99 1028.33 891.95 0.99 1137.74 864.53 0.99 1071.85 1222.25 0.99 1140.33 1151.05 0.99
2210 671.07 1.42 1272.61 1306.99 0.9341
1044.28 71.61 0.13 1046.30 38.29 0.42 1066.18 50.70 0.03 1068.79 39.75 0.99 1160.39 58.97 0.38 989.12 174.39 1.00 1221.98 207.44 0.99 886.02 359.69 0.99 1222.08 391.48 0.63 775.55 432.81 0.96 1130.55 435.93 0.24 1023.45 589.35 1.00 1174.54 595.73 0.99 1032.89 901.09 0.99 1143.64 872.14 0.99 1072.25 1224.87 0.98 1142.33 1152.02 0.99
2220 668.88 1.97 1274.56 1307.83 0.9335
1058.39 77.43 0.02 1053.77 46.94 0.06 1082.87 61.11 0.01 1055.80 52.72 0.97 1172.09 76.12 0.75 988.16 173.41 0.99 1220.33 211.04 0.99 884.61 357.08 0.98 1219.63 394.64 0.72 769.45 434.94 0.94 1135.42 433.91 0.27 1020.16 589.20 1.00 1172.12 597.03 0.99 1031.83 899.20 0.99 1143.58 872.54 0.99 1073.97 1219.87 0.98 1140.03 1151.55 0.99
2230 720.08 3.01 1244.25 1308.26 0.9195
997.63 95.30 0.27 1000.05 64.39 0.58 1016.75 74.40 0.04 1031.08 62.62 0.98 1111.19 78.06 0.25 967.37 193.12 1.00 1190.31 216.68 0.99 863.12 371.15 0.98 1198.53 399.82 0.74 767.81 444.54 0.89 1118.84 439.89 0.24 1009.83 598.57 1.00 1157.64 601.26 0.99 1027.30 909.60 0.99 1133.77 878.16 0.99 1073.40 1228.27 0.98 1141.39 1153.11 0.99
2240 678.02 4.43 1244.96 1311.09 0.6809
1162.74 77.48 0.21 1141.73 56.19 0.03 1155.23 52.53 0.38 1032.12 63.86 0.22 1119.62 63.28 0.97 944.11 189.84 1.00 1197.71 178.11 0.97 842.96 349.62 0.96 1201.66 325.94 0.12 748.58 445.04 0.96 1090.88 316.99 0.10 997.62 592.22 1.00 1158.49 582.05 0.99 1021.06 908.82 1.00 1151.00 877.05 0.99 1074.30 1228.36 0.98 1142.67 1155.54 0.99
2250 680.91 4.91 1249.26 1313.14 0.9127
1182.12 68.54 0.22 1164.01 46.13 0.03 1170.05 44.41 0.32 1053.17 53.86 0.15 1118.15 56.80 0.94 947.96 181.12 1.00 1195.69 172.00 0.97 838.41 338.43 0.96 1214.00 230.70 0.33 753.16 444.80 0.96 1172.53 83.22 0.54 990.39 582.04 1.00 1150.82 576.02 0.99 1024.72 904.90 0.99 1148.42 875.89 0.99 1073.02 1227.75 0.98 1143.77 1153.18 0.99
2260 706.92 5.93 1243.62 1313.79 0.9092
1173.59 81.26 0.28 1156.34 58.44 0.03 1164.12 55.23 0.52 1046.75 57.79 0.12 1112.18 57.37 0.98 941.01 179.91 1.00 1197.16 171.13 0.98 837.22 331.15 0.93 1198.36 312.03 0.14 758.81 434.60 0.94 1086.02 291.88 0.10 987.07 566.12 1.00 1150.05 555.21 1.00 1023.09 896.55 1.00 1149.58 868.12 0.99 1072.94 1224.61 0.98 1142.87 1159.01 0.99
2270 664.29 5.56 1248.66 1316.11 0.9133
1182.98 74.15 0.36 1163.79 52.16 0.03 1171.87 48.81 0.61 1050.10 56.29 0.10 1116.12 57.09 0.98 948.38 176.28 0.99 1196.27 171.19 0.98 841.07 334.81 0.94 1202.44 344.82 0.31 750.05 441.55 0.94 1113.58 378.54 0.23 990.41 572.54 1.00 1152.56 561.63 1.00 1023.58 897.44 1.00 1152.36 866.62 0.99 1074.93 1222.82 0.99 1144.22 1153.89 0.99
2280 654.43 101.63 1262.50 1244.74 0.9327
1032.91 191.96 0.73 1041.47 166.82 0.86 1043.97 174.94 0.06 1071.76 167.45 0.99 1117.59 179.83 0.05 1036.22 266.24 1.00 1163.16 287.29 0.98 902.99 412.82 0.99 1099.08 419.96 0.61 758.32 434.77 0.99 968.60 412.94 0.51 1065.84 620.41 0.99 1162.27 626.68 0.98 1038.68 877.26 0.99 1120.54 871.70 0.98 1114.53 1157.22 0.97 1123.83 1134.67 0.98
2290 661.32 106.59 1231.01 1241.16 0.9511
1035.02 188.75 0.70 1046.57 165.17 0.88 1045.16 172.43 0.04 1086.79 172.92 0.99 1111.91 182.54 0.03 1055.59 267.33 0.99 1139.48 286.75 0.95 922.66 419.19 0.99 1004.71 406.46 0.68 757.46 441.13 0.99 890.70 355.01 0.96 1062.02 635.04 0.99 1146.93 643.07 0.96 1018.58 883.59 0.99 1109.40 879.14 0.98 1117.13 1157.01 0.96 1127.16 1133.24 0.97
2300 660.44 116.30 1230.92 1240.09 0.9459
1036.60 195.65 0.70 1047.95 173.21 0.84 1046.58 179.55 0.04 1085.17 180.54 0.98 1111.36 188.25 0.03 1054.26 273.50 0.99 1138.84 289.79 0.96 921.77 417.19 0.99 998.48 399.34 0.63 764.23 448.24 0.99 890.76 362.71 0.93 1060.53 620.95 0.99 1143.58 627.89 0.97 1026.09 876.85 0.99 1107.04 872.48 0.98 1117.39 1158.57 0.97 1125.90 1132.72 0.97
2310 662.66 124.89 1231.46 1240.88 0.9518
1018.77 226.08 0.65 1023.54 198.71 0.86 1027.51 207.94 0.04 1063.99 182.74 0.98 1100.43 199.61 0.04 1049.12 276.59 1.00 1153.45 297.75 0.96 913.01 413.61 0.99 1005.14 398.94 0.77 760.41 448.26 0.99 886.59 349.38 0.96 1062.64 628.06 0.99 1151.75 634.46 0.96 1021.43 882.29 0.99 1112.99 876.04 0.98 1119.92 1159.29 0.96 1126.23 1131.95 0.97
2320 668.66 103.63 1229.01 1239.88 0.9453
1016.53 198.34 0.64 1030.33 175.02 0.82 1024.84 180.10 0.04 1083.53 179.38 0.97 1090.08 184.56 0.03 1060.52 284.23 0.99 1130.20 287.56 0.96 918.36 422.83 0.99 967.22 393.51 0.85 772.49 453.56 0.99 860.35 342.86 0.97 1064.74 623.45 0.98 1141.31 626.33 0.96 1029.01 878.09 0.99 1110.68 868.65 0.97 1117.43 1160.27 0.97 1122.82 1127.99 0.96
2330 653.42 244.61 991.28 1114.11 0.7098
809.11 318.14 0.53 820.81 299.18 0.42 807.99 300.79 0.06 856.60 295.64 0.74 839.04 298.81 0.06 900.36 370.44 0.99 878.08 385.08 0.96 880.08 498.98 0.98 834.79 544.69 0.73 744.53 450.87 0.99 763.87 522.49 0.92 868.66 688.82 0.98 873.75 688.58 0.97 851.43 886.20 0.96 880.00 882.96 0.95 907.46 1075.69 0.93 931.39 1073.21 0.96
2350 211.20 293.52 561.00 845.71 0.8104
208.60 333.80 0.06 215.64 315.26 0.07 205.68 321.47 0.01 254.01 303.48 0.35 227.44 316.50 0.05 345.11 360.20 0.99 287.90 389.57 0.47 450.87 553.10 0.99 372.48 557.25 0.04 321.69 540.35 0.99 324.44 543.39 0.14 497.27 676.98 0.96 436.05 677.34 0.63 328.35 675.60 0.33 298.58 676.33 0.04 365.11 867.66 0.10 355.45 856.61 0.03
2360 392.69 367.82 781.13 854.40 0.5142
626.37 353.24 0.11 640.19 343.35 0.03 614.71 340.29 0.02 657.70 343.26 0.17 590.61 334.80 0.11 695.74 434.52 0.99 535.18 418.45 0.99 734.80 561.67 0.99 478.85 534.11 0.99 752.12 668.85 1.00 438.24 645.59 0.98 648.15 661.58 0.99 538.55 650.04 0.99 650.69 812.59 0.79 481.87 783.72 0.72 652.85 942.33 0.26 465.73 910.63 0.25
2370 794.19 176.30 1184.08 1096.88 0.9035
1065.70 264.49 0.91 1073.78 247.66 0.36 1047.29 246.42 0.93 1065.79 259.80 0.05 999.53 255.09 0.95 1068.46 390.63 0.98 922.79 355.72 1.00 1100.96 530.99 0.90 840.70 489.45 0.99 1138.91 634.37 0.88 827.81 635.83 0.99 1017.63 657.02 0.99 933.63 649.45 1.00 1011.53 847.40 0.98 985.05 845.89 0.99 967.07 1038.75 0.97 945.05 1038.49 0.96
2380 1568.03 10.87 2046.76 1414.34 0.8214
1871.08 216.31 0.06 1882.77 178.77 0.06 1883.08 183.44 0.00 1923.94 175.06 0.17 1946.80 176.71 0.01 1942.57 290.42 0.68 1985.52 284.90 0.12 1881.04 473.33 0.35 1891.41 466.35 0.03 1802.14 575.67 0.34 1795.37 556.44 0.23 1931.76 672.46 0.86 1963.49 668.40 0.51 1812.78 956.11 0.91 1838.34 956.83 0.43 1682.15 1266.72 0.81 1675.38 1259.23 0.36
2390 1682.02 9.80 2047.10 1464.64 0.8860
1962.31 122.86 0.00 1968.46 90.86 0.01 1960.75 97.57 0.00 1983.54 68.15 0.01 1977.11 79.44 0.00 2009.50 117.32 0.01 2034.25 137.02 0.00 2022.28 245.59 0.13 2011.21 263.20 0.02 1944.41 470.08 0.62 1955.12 463.16 0.28 1999.17 540.87 0.36 2029.07 546.63 0.09 1915.53 923.65 0.93 1958.99 935.19 0.29 1810.88 1300.36 0.89 1824.62 1278.28 0.32
2400 909.85 175.22 1349.60 1215.88 0.9147
1024.44 266.16 0.31 1031.97 243.12 0.16 1035.93 243.97 0.02 1068.32 235.34 0.72 1095.68 232.88 0.07 1084.02 310.56 0.99 1160.58 308.06 0.97 1076.48 468.22 0.60 1177.29 458.78 0.04 1020.08 568.10 0.29 1115.75 559.65 0.02 1084.73 650.12 1.00 1165.04 645.62 0.99 1031.67 870.28 0.99 1197.10 884.35 0.99 997.31 1086.26 0.99 1288.69 1121.54 0.99
2410 206.49 230.92 762.03 858.70 0.7253
392.03 317.34 0.24 394.37 298.33 0.13 394.64 299.25 0.02 430.07 284.22 0.59 448.65 286.97 0.08 494.98 326.90 0.97 521.91 336.86 0.94 394.52 363.55 0.96 383.48 377.93 0.48 253.08 380.08 0.95 243.61 387.96 0.44 600.23 563.33 0.96 643.69 563.94 0.93 593.48 725.21 0.86 674.56 725.82 0.85 603.91 895.93 0.47 734.50 901.23 0.62
2420 588.77 291.27 925.95 1004.08 0.5360
654.46 319.31 0.09 664.77 306.43 0.03 661.76 302.88 0.01 694.80 314.36 0.20 703.62 302.48 0.07 713.93 409.44 0.98 766.23 390.66 0.94 736.47 543.87 0.98 753.02 536.02 0.37 626.27 641.07 0.97 637.28 635.92 0.18 781.24 659.94 0.99 831.12 649.69 0.96 759.96 849.98 0.92 813.54 851.86 0.77 797.18 1022.12 0.81 817.83 1017.75 0.68
2430 575.25 425.43 994.86 1036.61 0.9006
628.77 534.05 0.90 622.95 514.13 0.92 626.17 515.95 0.07 645.84 481.71 0.94 665.00 486.60 0.01 702.43 514.54 1.00 739.33 488.28 0.94 711.79 662.65 0.97 735.82 658.89 0.46 700.72 790.22 0.91 699.89 797.19 0.41 873.96 632.60 0.99 908.03 628.54 0.96 816.30 847.20 0.99 882.88 852.75 0.97 830.73 1054.44 0.93 861.10 1050.42 0.90
2440 678.21 208.02 1037.03 1092.07 0.8450
788.53 277.10 0.47 803.02 257.03 0.33 787.99 258.60 0.05 836.24 269.91 0.71 822.57 270.29 0.09 861.33 374.32 0.99 905.38 374.33 0.97 872.87 529.73 0.90 885.90 547.81 0.80 775.41 624.91 0.88 780.27 636.17 0.93 905.80 668.15 0.98 955.57 664.24 0.98 849.74 867.01 0.98 933.15 865.23 0.98 859.93 1063.23 0.97 964.77 1044.33 0.97
2450 755.74 174.89 1152.19 1146.48 0.9371
993.66 254.14 0.99 1000.29 235.93 0.90 968.49 242.58 0.99 1006.17 251.54 0.20 924.84 270.10 0.98 1067.24 368.07 0.99 910.71 402.93 0.99 1116.82 510.07 0.99 890.03 560.44 0.99 1104.93 633.67 0.99 824.57 665.63 0.99 1047.96 667.96 0.99 939.53 674.47 0.99 1058.44 880.95 0.99 947.72 876.05 0.99 1061.99 1079.09 0.99 963.22 1056.68 0.99
2460 734.95 168.29 1150.47 1146.52 0.9324
998.43 249.27 0.99 1008.66 232.32 0.92 975.46 235.14 0.99 1016.58 249.21 0.25 932.71 258.21 0.97 1071.02 369.96 0.99 916.75 394.30 0.99 1115.69 524.19 0.99 891.25 552.56 0.99 1104.08 652.13 0.99 803.81 638.63 0.99 1045.81 669.68 0.99 937.41 673.27 0.99 1056.90 882.66 0.99 945.45 877.33 0.99 1060.86 1077.66 0.98 962.42 1055.64 0.99
2470 737.26 167.06 1149.47 1147.82 0.9236
996.94 248.97 0.99 1007.85 231.35 0.93 973.64 234.51 0.99 1016.77 248.85 0.30 932.47 258.40 0.97 1068.43 367.92 0.99 914.22 393.79 0.99 1114.08 521.83 0.99 889.48 551.97 0.99 1101.85 653.27 0.99 804.72 639.00 0.99 1043.16 674.15 0.99 935.25 678.83 0.99 1055.88 885.88 0.99 945.00 879.75 0.99 1061.53 1079.39 0.98 962.90 1057.17 0.99
2480 735.57 202.72 1142.08 1146.76 0.9378
876.73 294.86 0.72 882.98 271.64 0.88 874.17 280.45 0.05 932.21 258.16 0.99 903.77 280.03 0.01 1049.52 349.70 1.00 907.58 406.06 1.00 1109.15 491.47 0.99 886.47 561.19 0.99 1083.32 640.24 0.99 805.53 645.16 0.99 1029.20 687.57 0.99 927.54 697.04 0.99 1051.43 892.04 0.98 940.57 882.93 0.98 1062.52 1079.53 0.98 962.86 1054.89 0.99
2490 612.17 393.57 1043.38 1094.24 0.8914
646.04 469.88 0.12 643.26 456.04 0.09 655.97 446.07 0.01 649.67 435.49 0.75 697.74 411.28 0.11 686.23 468.97 0.99 788.19 427.09 0.97 706.28 650.67 0.98 813.73 605.31 0.62 703.68 723.20 0.89 748.81 687.98 0.43 863.54 638.64 0.99 944.93 620.21 0.99 844.37 860.49 0.99 937.15 841.69 0.99 860.62 1067.66 0.97 960.99 1043.77 0.99
2500 842.79 245.91 1182.66 1157.93 0.8801
883.01 368.04 0.16 883.59 349.45 0.07 891.41 340.71 0.01 900.28 326.26 0.66 942.64 306.45 0.11 942.64 369.13 0.99 1035.83 335.45 0.96 987.07 510.40 0.81 1105.27 477.99 0.09 964.04 602.71 0.59 1032.60 576.76 0.05 1049.31 656.60 0.99 1116.27 641.78 0.98 999.44 857.28 0.99 1064.93 861.58 0.98 1090.79 1073.23 0.95 1089.06 1082.45 0.92
2510 965.16 106.19 1339.86 1173.79 0.9308
1173.02 196.27 0.99 1180.95 177.19 0.85 1146.01 180.40 1.00 1183.04 198.48 0.09 1091.27 209.52 0.99 1226.01 326.54 0.99 1081.13 352.67 0.99 1303.74 473.74 0.99 1077.51 517.15 0.98 1301.85 628.12 0.99 1028.86 641.37 0.99 1217.83 652.81 0.99 1111.29 660.40 0.99 1237.55 880.09 0.99 1130.05 878.22 0.99 1242.44 1092.78 0.99 1157.35 1065.91 0.99
2520 964.35 106.47 1338.80 1174.21 0.9303
1170.45 197.99 0.98 1178.50 179.54 0.82 1143.39 182.78 0.99 1180.32 201.43 0.09 1088.34 212.47 0.99 1219.00 327.38 0.99 1080.20 352.89 0.99 1302.72 474.14 0.99 1078.15 520.60 0.98 1295.47 632.64 0.99 1027.10 643.43 0.99 1215.86 653.26 0.99 1114.78 661.28 0.99 1235.17 879.64 0.99 1131.04 878.37 0.99 1241.75 1091.93 0.99 1158.22 1067.49 0.99
2530 902.47 167.37 1331.52 1170.50 0.9320
1029.91 300.16 0.90 1033.78 273.40 0.97 1021.31 285.21 0.12 1085.62 236.49 0.99 1045.08 268.55 0.01 1218.85 310.71 1.00 1063.02 393.98 0.99 1295.37 458.54 0.99 1046.33 551.69 0.99 1276.93 612.13 0.99 977.16 658.83 0.99 1217.54 659.87 0.99 1110.85 678.10 0.99 1232.69 885.46 0.98 1128.40 883.95 0.98 1243.15 1094.66 0.98 1158.41 1068.67 0.99
2540 902.58 126.21 1324.59 1172.06 0.9255
1127.47 199.00 0.98 1134.75 183.05 0.83 1099.91 192.90 0.99 1146.42 208.55 0.25 1060.98 235.76 0.99 1217.66 317.96 1.00 1060.92 385.52 1.00 1288.35 461.69 0.99 1049.52 549.36 0.99 1284.95 614.85 0.99 978.19 657.83 0.99 1216.38 649.17 0.99 1107.62 667.43 0.99 1233.15 878.81 0.99 1126.95 881.51 0.99 1241.23 1091.79 0.98 1158.68 1070.47 0.99
2550 898.43 130.24 1324.37 1172.25 0.9255
1126.01 198.49 0.95 1133.44 183.22 0.74 1098.85 193.80 0.98 1146.53 209.20 0.32 1061.56 237.91 0.98 1221.81 319.01 1.00 1061.60 387.58 1.00 1285.58 462.86 0.99 1048.02 551.70 0.99 1281.33 607.26 0.99 975.92 656.75 0.99 1219.40 654.21 0.99 1108.94 672.01 0.99 1233.40 877.89 0.99 1127.26 880.74 0.99 1241.80 1092.55 0.98 1158.73 1069.52 0.99
2560 897.73 162.89 1323.52 1171.43 0.9330
1024.61 282.17 0.94 1035.98 257.40 0.98 1018.40 265.02 0.21 1100.18 235.87 0.99 1041.74 256.69 0.01 1214.44 316.75 1.00 1062.80 392.95 0.99 1288.08 462.27 0.99 1047.05 558.04 0.99 1281.29 610.62 1.00 976.76 660.94 0.99 1216.59 669.28 0.99 1109.66 687.49 0.99 1231.93 889.22 0.99 1128.22 889.54 0.98 1241.76 1095.38 0.98 1159.47 1069.10 0.99
2570 890.11 134.18 1320.20 1172.41 0.9254
1125.86 216.81 0.97 1130.83 197.31 0.84 1097.46 209.84 0.99 1142.10 211.66 0.29 1057.18 245.18 0.98 1218.84 319.69 0.99 1059.93 385.40 1.00 1282.84 466.89 0.99 1046.71 551.82 0.99 1277.89 604.86 0.99 969.95 655.79 0.99 1217.74 642.03 0.99 1108.55 659.42 0.99 1231.24 872.28 0.99 1126.32 876.65 0.99 1239.97 1094.05 0.98 1157.47 1069.80 0.99
2580 890.91 159.97 1322.85 1173.13 0.9302
1017.77 273.71 0.93 1028.24 247.92 0.98 1014.15 256.17 0.12 1095.14 230.98 0.99 1046.07 252.36 0.00 1207.55 313.89 1.00 1073.25 378.27 0.99 1285.59 452.77 0.99 1065.24 543.91 0.98 1269.75 596.91 1.00 976.01 630.81 0.99 1214.06 656.71 0.99 1114.28 671.71 0.99 1228.79 881.84 0.99 1129.30 881.36 0.99 1243.86 1098.84 0.98 1159.38 1066.84 0.99
2590 1018.49 98.28 1327.55 1212.33 0.6994
1141.04 171.56 0.98 1168.62 160.44 0.98 1128.32 158.85 0.92 1207.32 194.03 0.94 1113.11 188.76 0.34 1246.43 295.31 1.00 1106.67 326.42 0.98 1291.63 452.37 0.97 1061.53 464.53 0.56 1172.14 444.42 0.91 948.78 522.52 0.64 1212.33 652.62 1.00 1112.90 656.81 0.99 1221.04 890.36 0.99 1123.74 879.79 0.99 1241.94 1120.43 0.99 1161.64 1078.43 0.99
2600 1230.45 30.87 1732.25 1490.65 0.8642
1564.58 292.49 0.11 1553.22 258.49 0.01 1548.43 258.98 0.07 1463.52 244.11 0.03 1481.84 251.08 0.47 1401.15 342.71 0.90 1425.62 377.98 0.97 1503.25 458.78 0.19 1538.85 539.61 0.51 1627.36 515.56 0.58 1666.88 554.93 0.45 1407.91 744.26 0.92 1444.46 771.36 0.97 1481.38 968.26 0.94 1485.38 1008.44 0.99 1349.41 1155.59 0.98 1432.19 1351.99 0.99
2620 1203.24 10.11 1826.35 1382.26 0.8868
1365.87 35.29 0.05 1377.89 9.52 0.02 1379.94 11.33 0.00 1415.06 0.00 0.12 1444.47 0.00 0.02 1409.60 92.84 0.97 1505.34 95.03 0.49 1388.27 358.87 0.98 1475.52 365.77 0.01 1299.24 588.28 0.98 1369.89 566.22 0.03 1416.58 617.44 0.99 1478.77 602.46 0.93 1477.72 974.84 0.98 1401.13 909.91 0.91 1718.39 1270.93 0.93 1345.84 1171.18 0.95
2630 814.56 201.47 1362.90 1223.47 0.9312
918.49 339.04 0.14 921.18 320.76 0.14 922.88 318.30 0.01 954.85 307.40 0.74 961.85 306.31 0.06 1067.01 340.81 0.99 992.81 408.16 0.99 1186.40 397.31 0.99 994.78 593.82 0.98 1204.97 540.18 1.00 882.74 657.16 0.99 1148.65 651.29 1.00 1068.91 670.68 0.99 1203.86 870.08 0.99 1064.16 873.75 0.99 1299.26 1099.25 0.99 1092.37 1064.21 1.00
2640 1394.54 10.17 2047.98 1449.93 0.5616
1773.98 96.65 0.01 1775.79 56.23 0.01 1787.65 59.95 0.00 1791.75 23.78 0.07 1852.69 27.64 0.02 1816.82 106.86 0.37 1927.81 88.16 0.12 1756.50 277.31 0.34 1805.48 243.46 0.06 1643.24 419.50 0.30 1645.45 407.73 0.24 1805.43 587.03 0.92 1926.17 572.84 0.87 1746.56 971.37 0.94 1937.19 961.78 0.96 1554.58 1238.89 0.89 1980.92 1330.27 0.93
2660 792.76 22.32 1444.35 1361.42 0.9200
1151.86 99.65 0.34 1164.45 78.19 0.30 1165.67 82.85 0.01 1203.73 93.98 0.82 1241.51 96.84 0.02 1194.61 190.38 0.98 1267.41 199.25 0.93 1049.66 245.94 0.98 1043.13 238.52 0.49 882.37 235.83 0.98 875.76 234.61 0.73 1197.35 622.74 0.99 1265.51 616.45 0.98 1225.63 937.51 0.99 1215.14 863.58 0.99 1363.71 1283.84 0.97 1159.13 1091.23 0.99
2670 689.57 173.16 1337.90 1310.92 0.9343
870.77 295.11 0.88 885.16 265.38 0.88 875.71 267.77 0.05 959.68 261.30 0.96 953.33 263.36 0.01 1042.38 349.89 0.99 1074.77 333.01 0.98 995.50 583.09 0.98 971.45 556.46 0.70 847.01 704.24 0.97 800.55 642.01 0.81 1229.00 643.00 0.99 1261.70 634.49 0.98 1114.48 895.42 0.99 1155.05 888.19 0.99 1111.85 1208.77 0.98 1214.12 1109.59 0.99
2680 739.44 188.52 1379.08 1153.58 0.9158
865.58 317.45 0.85 876.37 287.04 0.86 875.40 287.20 0.05 948.93 280.18 0.95 961.14 275.86 0.01 1033.56 389.51 1.00 1085.37 346.60 0.98 1035.22 604.51 1.00 954.82 515.44 0.80 939.97 756.24 1.00 798.63 573.12 0.71 1261.03 629.55 0.99 1310.35 619.64 0.98 1140.53 858.48 0.99 1188.74 866.15 0.98 1213.80 1101.80 0.96 1207.29 1086.90 0.96
2690 612.03 171.21 1253.01 1308.82 0.9309
760.15 328.91 0.91 764.19 296.91 0.95 745.74 313.50 0.22 833.94 260.60 0.98 791.44 305.89 0.02 999.51 290.99 1.00 861.28 395.72 0.99 944.50 436.23 1.00 872.18 617.70 0.98 735.56 435.04 1.00 784.75 776.57 0.96 1142.11 655.61 0.99 1008.99 685.04 0.98 1105.10 924.77 0.99 944.33 921.41 0.98 1156.61 1192.84 0.96 995.52 1152.87 0.95
2700 664.21 137.98 1254.24 1247.84 0.8791
910.22 274.08 0.35 917.27 248.60 0.31 916.23 248.07 0.01 977.09 234.86 0.89 993.99 233.31 0.03 1047.22 335.79 0.99 1104.35 312.29 0.99 989.77 558.37 0.98 958.38 427.91 0.81 858.62 691.23 0.98 752.27 442.37 0.88 1091.03 692.07 0.99 1162.23 678.70 0.98 1000.33 906.46 0.99 1126.35 921.73 0.98 952.09 1126.96 0.96 1183.33 1143.72 0.97
2710 605.07 4.05 1033.50 871.80 0.5952
877.69 191.11 0.42 900.15 174.46 0.31 876.81 174.75 0.07 939.17 197.14 0.67 880.24 191.92 0.11 942.93 312.10 1.00 822.35 347.19 1.00 853.09 148.97 0.92 676.30 354.20 1.00 802.37 42.32 0.80 642.88 202.67 0.98 905.44 682.13 0.99 818.24 685.94 0.98 909.09 915.66 0.88 860.02 916.74 0.78 961.59 1128.89 0.75 886.39 1130.22 0.59
2720 729.60 104.25 1175.60 1170.67 0.8838
829.77 224.05 0.98 850.54 202.26 0.98 819.89 202.70 0.83 904.72 198.60 0.94 820.37 200.13 0.06 983.92 320.32 0.99 814.27 340.61 0.99 1088.75 445.76 0.95 774.88 492.63 0.83 996.15 505.84 0.89 763.98 471.20 0.43 951.34 647.78 0.99 853.85 650.94 0.99 939.20 850.79 0.98 923.26 852.14 0.97 955.10 1071.86 0.98 1008.61 1074.49 0.98
2730 1491.48 2.06 2047.47 1450.18 0.3713
1775.71 62.64 0.01 1775.17 27.24 0.00 1793.35 32.10 0.00 1776.93 0.00 0.02 1862.86 1.53 0.01 1763.38 48.21 0.12 1938.51 37.68 0.09 1685.13 225.23 0.38 1837.00 243.50 0.06 1576.80 390.04 0.47 1729.83 433.38 0.08 1776.50 544.87 0.92 1918.24 536.97 0.88 1875.59 912.64 0.58 1992.64 917.53 0.57 1913.25 1304.22 0.36 2019.56 1316.97 0.40
2750 1279.47 9.14 2046.07 1398.32 0.3569
1292.03 160.52 0.41 1302.17 123.30 0.34 1299.18 130.67 0.02 1384.76 81.31 0.53 1400.80 93.10 0.01 1514.82 101.41 0.79 1583.37 97.50 0.36 1473.85 295.67 0.39 1550.61 307.03 0.04 1574.90 463.15 0.53 1588.08 455.29 0.12 1830.29 479.00 0.87 1875.61 476.92 0.71 1654.70 829.55 0.79 1731.89 829.31 0.46 1665.09 1258.86 0.67 1711.55 1230.44 0.45
2760 832.28 137.79 1274.01 1232.51 0.8461
953.32 278.51 0.80 949.99 248.66 0.71 950.05 258.15 0.07 989.00 217.22 0.87 1005.56 244.04 0.02 1125.29 282.04 0.99 1058.75 324.42 0.98 1179.84 399.54 0.95 948.09 425.83 0.71 972.59 377.34 0.95 873.66 300.60 0.75 1127.85 659.28 0.99 1112.29 662.81 0.98 1084.56 894.08 0.99 1129.16 889.79 0.98 1099.01 1139.02 0.97 1189.37 1090.57 0.98
2770 675.79 243.00 1091.47 1230.68 0.8926
718.44 353.04 0.95 728.05 325.62 0.98 710.51 340.51 0.29 792.06 303.49 0.98 737.65 340.68 0.01 895.02 356.85 1.00 791.90 456.19 0.99 929.34 516.18 1.00 736.20 589.05 0.78 824.12 631.30 0.99 670.46 681.53 0.39 993.65 699.49 0.99 915.66 732.35 0.96 1014.45 943.20 0.97 941.18 955.64 0.90 1035.88 1170.08 0.92 976.41 1169.05 0.91
2780 529.90 62.07 1074.35 1201.48 0.8159
878.61 171.76 0.69 913.55 161.28 0.85 875.64 148.60 0.26 968.19 198.31 0.92 865.33 161.63 0.10 983.34 340.93 0.99 784.49 280.49 0.99 1075.06 492.90 0.81 706.69 417.10 0.97 1046.81 604.92 0.32 601.40 488.36 0.95 894.35 643.14 0.99 762.45 626.23 0.99 935.86 850.57 0.97 748.04 842.27 0.97 974.86 1092.54 0.97 756.70 1071.49 0.97
2790 670.59 78.99 1077.97 1199.15 0.8348
900.29 204.14 0.93 918.48 178.90 0.93 898.75 180.29 0.36 980.49 178.33 0.89 926.58 178.17 0.02 1026.63 309.04 0.95 910.74 300.84 0.99 931.35 437.06 0.64 758.94 419.33 0.98 840.25 353.67 0.63 699.62 302.96 0.94 949.09 649.63 0.98 894.15 643.56 0.99 881.84 848.88 0.97 953.62 865.29 0.97 827.65 1069.87 0.97 944.14 1104.66 0.96
2800 639.46 125.92 1051.35 1205.41 0.8977
698.09 277.08 0.95 701.74 246.30 0.97 687.59 259.66 0.29 758.74 205.26 0.97 716.31 242.25 0.01 883.48 283.52 1.00 766.89 360.06 0.99 904.86 452.46 1.00 709.48 506.51 0.81 750.75 566.05 0.99 636.07 542.62 0.32 929.58 659.44 0.99 844.99 679.57 0.98 964.02 909.01 0.99 878.78 922.99 0.95 996.67 1140.19 0.95 905.91 1141.12 0.94
2810 960.11 14.42 1385.03 1198.97 0.9025
1239.07 156.61 0.48 1248.05 133.42 0.13 1220.66 133.31 0.36 1235.55 136.56 0.17 1174.04 136.19 0.75 1267.97 284.08 0.99 1085.32 281.87 0.99 1325.80 471.16 0.96 1010.52 479.35 0.95 1347.07 633.89 0.97 1027.41 659.82 0.92 1236.65 643.88 0.99 1130.21 648.21 0.99 1212.77 871.78 0.96 1166.96 883.67 0.98 1188.61 1079.45 0.92 1142.50 1122.52 0.96
2930 1156.77 3.57 1598.33 1377.52 0.8697
1285.16 43.79 0.09 1293.70 13.69 0.02 1299.67 12.09 0.00 1351.60 0.00 0.13 1386.60 0.00 0.01 1407.34 79.49 0.98 1484.83 70.38 0.77 1368.83 347.77 0.72 1433.17 350.15 0.02 1279.99 439.40 0.47 1293.66 435.19 0.03 1403.46 626.98 0.99 1472.37 615.24 0.93 1362.77 941.42 0.99 1406.91 919.24 0.84 1435.35 1289.66 0.89 1443.82 1261.34 0.61
2940 533.60 55.08 1224.73 1255.19 0.9286
883.56 197.32 0.64 883.40 169.36 0.77 889.56 173.12 0.04 916.31 136.81 0.96 965.82 147.53 0.03 945.65 199.79 1.00 1074.79 212.78 0.98 818.43 365.99 0.99 1131.74 407.22 0.72 623.32 388.56 0.99 1055.11 474.82 0.37 1003.59 607.52 0.99 1104.88 603.08 0.99 999.59 912.16 0.99 1102.76 897.21 0.99 1053.05 1192.40 0.97 1146.35 1165.66 0.99
2950 749.75 274.70 1291.65 1285.72 0.8847
940.76 419.80 0.33 940.53 390.27 0.26 935.18 401.79 0.03 972.13 355.79 0.68 984.53 383.29 0.06 1054.72 397.32 0.95 1081.22 419.52 0.91 942.25 321.52 0.84 907.25 349.43 0.30 831.77 446.76 0.97 795.85 449.80 0.55 1126.80 674.61 0.99 1170.91 672.52 0.98 1048.74 938.61 0.99 1123.04 920.18 0.99 1035.46 1222.55 0.99 1153.92 1158.39 1.00
2960 605.08 304.89 1269.47 1280.28 0.8962
876.28 453.28 0.08 871.13 426.15 0.07 884.17 434.20 0.01 898.99 382.45 0.45 958.29 402.20 0.11 922.96 385.96 0.97 1081.19 444.93 0.95 796.11 503.52 0.93 1076.54 653.16 0.32 688.94 670.06 0.98 1001.10 791.92 0.38 1055.30 564.80 0.99 1194.84 579.23 0.99 1041.41 925.43 0.99 1141.23 912.01 1.00 1031.59 1214.16 0.98 1150.00 1170.31 1.00
2970 916.26 91.23 1389.64 1399.21 0.9243
1073.83 181.03 0.02 1068.91 157.27 0.01 1086.75 157.83 0.00 1049.43 139.81 0.30 1138.21 138.87 0.28 1036.75 208.08 0.97 1224.00 213.31 0.93 1020.26 405.77 0.96 1319.19 387.76 0.28 979.41 615.16 0.98 1331.76 513.77 0.18 1133.70 629.58 0.99 1263.74 623.18 0.99 1157.47 957.59 0.99 1191.42 900.04 0.99 1292.38 1305.88 0.98 1158.17 1161.46 0.99
3040 1404.15 0.00 2047.09 1470.02 0.5291
1738.28 109.31 0.01 1744.75 67.38 0.01 1745.54 70.44 0.00 1726.17 32.35 0.02 1777.37 33.81 0.00 1689.56 90.13 0.11 1828.24 53.28 0.03 1646.79 338.44 0.30 1831.86 249.30 0.04 1633.77 625.86 0.14 1834.61 514.39 0.04 1720.16 510.61 0.93 1807.34 495.96 0.74 1639.52 846.10 0.93 1677.42 816.62 0.53 1722.53 1338.22 0.79 1721.47 1303.35 0.34
3050 811.77 244.78 1283.99 1282.08 0.6900
980.17 332.02 0.06 982.02 311.87 0.03 999.78 309.40 0.01 982.85 315.97 0.52 1067.37 305.91 0.31 960.76 407.80 0.98 1129.73 410.84 0.96 819.49 466.21 0.67 1172.71 579.04 0.12 764.75 517.43 0.56 1140.51 671.53 0.05 1005.22 756.61 0.98 1155.61 750.36 0.98 999.49 955.26 0.98 1187.91 938.25 0.99 1019.57 1207.72 0.98 1232.26 1191.94 1.00
3060 856.49 192.91 1680.00 1382.22 0.9116
1034.09 388.77 0.11 1030.96 357.39 0.10 1039.50 363.93 0.01 1056.37 299.60 0.64 1112.16 316.46 0.10 1128.94 280.63 0.95 1256.96 345.61 0.96 1022.81 330.36 0.61 1246.50 540.86 0.46 956.54 446.35 0.93 1213.65 735.60 0.60 1356.07 657.40 0.99 1463.31 669.92 0.99 1312.01 986.41 1.00 1413.19 965.74 0.99 1321.45 1291.83 0.98 1406.92 1232.89 0.99
3070 1018.98 166.29 1599.73 1375.36 0.8913
1099.90 335.69 0.27 1098.84 298.51 0.21 1102.74 299.71 0.02 1154.76 260.94 0.58 1201.96 268.28 0.05 1256.29 348.41 0.97 1410.14 336.26 0.96 1250.27 546.29 0.26 1533.71 591.72 0.27 1201.99 619.55 0.11 1526.61 807.24 0.28 1318.85 756.55 0.99 1453.67 737.51 0.99 1298.54 1045.14 0.99 1423.30 996.45 1.00 1310.40 1295.02 0.98 1431.15 1210.59 1.00
3150 783.29 8.63 1571.93 1454.92 0.8859
1159.93 141.04 0.01 1148.08 108.70 0.00 1195.19 110.79 0.00 1139.35 91.64 0.16 1319.51 93.09 0.16 1111.89 175.34 0.90 1427.20 187.44 0.78 938.73 380.55 0.96 1486.30 395.95 0.14 848.64 645.03 0.99 1399.75 502.35 0.13 1164.15 664.47 0.99 1385.22 667.95 0.99 1073.64 952.99 0.97 1389.27 985.13 1.00 1096.24 1253.47 0.90 1436.18 1338.55 0.99
3160 756.05 6.87 1447.65 1483.59 0.9318
1077.47 21.97 0.00 1063.68 0.00 0.00 1095.07 0.00 0.00 1008.24 0.00 0.00 1126.54 0.00 0.01 908.17 59.96 0.21 1204.21 21.12 0.14 813.90 378.87 0.91 1281.12 165.73 0.82 783.59 672.42 0.92 1362.24 428.30 0.98 968.15 578.89 0.99 1182.58 574.14 0.99 999.76 996.81 0.96 1267.66 1010.73 1.00 1026.93 1358.60 0.65 1332.04 1435.90 0.94
3170 755.97 4.69 1443.48 1481.53 0.9270
1071.17 10.92 0.00 1053.44 0.00 0.00 1094.47 0.00 0.00 998.96 0.00 0.01 1139.64 0.00 0.01 903.74 70.40 0.62 1216.01 25.43 0.51 807.89 400.78 0.95 1297.46 213.63 0.88 792.62 660.99 0.97 1365.51 455.41 0.98 974.24 618.47 0.99 1190.71 609.68 1.00 1000.63 1035.36 0.96 1276.47 1030.08 1.00 1035.86 1389.95 0.65 1336.58 1431.09 0.95
3180 763.79 3.24 1441.70 1484.66 0.9264
1089.56 15.64 0.00 1070.33 0.00 0.00 1111.56 0.00 0.00 1006.49 0.00 0.02 1152.15 0.00 0.01 907.64 61.81 0.60 1220.80 24.89 0.46 814.10 370.97 0.94 1303.49 219.15 0.88 816.44 630.97 0.97 1366.41 462.96 0.98 979.73 615.55 0.99 1202.66 610.77 1.00 1011.55 1030.80 0.97 1279.27 1038.49 1.00 1021.21 1357.14 0.73 1334.19 1432.94 0.95
3190 757.60 4.20 1443.01 1484.51 0.9327
1062.05 10.37 0.00 1040.15 0.00 0.00 1087.76 0.00 0.00 979.62 0.00 0.01 1135.31 0.00 0.01 885.56 52.64 0.59 1217.43 24.57 0.49 801.59 358.11 0.96 1299.85 246.66 0.92 815.94 612.57 0.98 1352.52 481.34 0.98 967.40 618.66 0.99 1190.03 616.00 1.00 1000.57 1017.15 0.97 1276.29 1032.59 1.00 1014.65 1369.05 0.75 1332.25 1444.25 0.96
3200 762.88 2.74 1443.44 1484.46 0.9456
1086.94 15.81 0.00 1063.28 0.00 0.00 1110.61 0.00 0.00 990.84 0.00 0.01 1149.84 0.00 0.01 896.54 50.45 0.48 1224.13 23.24 0.33 817.51 341.53 0.96 1310.51 221.21 0.90 821.08 609.64 0.98 1373.52 485.85 0.99 971.11 586.28 0.99 1199.81 583.39 1.00 1002.21 995.44 0.96 1276.47 1007.85 1.00 1027.39 1362.05 0.73 1327.09 1430.14 0.96
3210 763.74 2.96 1447.14 1487.29 0.9473
1083.59 10.97 0.00 1059.28 0.00 0.00 1108.93 0.00 0.00 988.09 0.00 0.02 1153.02 0.00 0.01 894.14 51.07 0.66 1229.93 25.82 0.50 815.04 345.73 0.96 1314.98 229.36 0.92 822.70 611.21 0.98 1375.07 486.38 0.99 975.65 595.02 0.99 1207.55 592.42 1.00 993.97 997.89 0.98 1278.35 1007.17 1.00 1013.76 1376.54 0.86 1329.49 1425.87 0.98
3220 766.45 2.49 1457.47 1483.75 0.9274
1083.94 9.50 0.00 1064.76 0.00 0.00 1106.57 0.00 0.00 1003.49 0.00 0.02 1151.81 0.00 0.02 912.22 51.83 0.60 1228.45 25.58 0.52 824.98 348.94 0.92 1318.04 227.89 0.91 808.00 630.86 0.94 1372.99 488.47 0.98 984.69 591.03 0.99 1206.89 590.46 1.00 1013.06 988.40 0.97 1277.46 1011.22 1.00 1030.34 1337.92 0.78 1328.72 1432.32 0.96
3230 769.60 3.67 1469.15 1481.41 0.9312
1082.51 35.07 0.00 1063.17 10.07 0.00 1100.41 9.37 0.00 1008.87 0.00 0.01 1135.52 0.00 0.00 932.68 52.75 0.05 1213.07 52.38 0.49 920.29 254.95 0.20 1306.02 290.62 0.91 878.15 290.35 0.19 1165.52 217.67 0.16 939.37 600.45 0.98 1167.42 596.78 1.00 977.73 1026.54 0.96 1280.87 991.72 1.00 1024.48 1391.72 0.90 1335.28 1418.16 0.99
3240 862.33 9.06 1430.60 1455.60 0.7865
1343.59 124.11 0.60 1341.90 87.58 0.03 1321.15 79.46 0.37 1261.61 93.76 0.01 1222.25 79.64 0.73 1194.05 264.15 0.92 1102.74 269.83 0.98 1314.93 479.88 0.19 1133.20 433.23 0.76 1398.06 347.14 0.26 1260.11 241.18 0.84 1150.22 741.20 0.95 1110.96 758.38 0.97 1108.16 1030.44 0.94 1133.90 1019.33 0.94 1071.18 1319.09 0.93 1143.65 1305.23 0.91
3340 701.81 154.65 1471.12 1272.94 0.9422
799.71 296.23 0.94 806.93 260.38 0.97 789.14 286.00 0.36 881.07 227.69 0.97 827.62 289.93 0.01 1058.89 248.68 0.99 896.27 406.65 0.99 1250.79 286.23 0.97 836.91 586.47 0.97 1315.47 452.08 0.98 741.22 772.23 0.90 1262.98 584.07 0.99 1133.63 639.58 0.99 1328.68 883.60 1.00 1119.93 900.55 1.00 1420.19 1173.28 0.99 1119.85 1170.56 1.00
3350 897.44 153.51 1485.08 1235.75 0.8951
1070.60 243.23 0.67 1092.28 224.45 0.66 1067.26 230.93 0.17 1161.53 246.43 0.87 1087.02 259.31 0.07 1302.73 348.17 1.00 1101.66 405.08 1.00 1432.10 465.55 0.99 1030.95 572.44 0.99 1433.06 631.04 0.99 949.52 727.95 0.95 1344.78 676.48 0.99 1204.79 687.15 0.99 1332.87 904.85 0.99 1147.47 909.40 0.99 1318.18 1113.57 0.99 1126.49 1149.91 0.99
3360 754.38 10.36 1240.87 1311.29 0.8777
993.00 120.78 0.50 1012.80 101.50 0.48 1000.82 109.38 0.02 1072.55 119.63 0.89 1058.78 130.86 0.03 1087.04 212.05 0.99 1057.18 270.35 0.99 932.31 126.07 0.97 851.36 286.04 0.94 831.10 26.13 0.81 757.87 207.96 0.94 1066.17 591.63 0.98 1069.48 605.56 0.97 1073.35 878.65 0.99 1068.59 861.55 0.99 1171.14 1193.61 0.98 1103.17 1143.19 0.99
3370 798.38 61.10 1381.72 1237.96 0.8847
1027.59 160.99 0.87 1045.13 136.12 0.91 1023.65 145.37 0.22 1110.99 144.86 0.96 1051.55 165.89 0.02 1198.87 254.52 0.99 1063.49 303.03 1.00 1299.05 391.28 0.97 948.48 415.38 0.99 1136.62 443.30 0.99 836.87 351.76 0.99 1175.92 647.97 0.99 1080.30 656.33 0.99 1199.58 895.72 0.99 1077.36 893.19 0.98 1302.00 1163.25 0.97 1120.15 1160.25 0.97
3380 951.06 44.52 1519.00 1250.14 0.9201
1289.34 147.73 0.46 1299.86 119.72 0.62 1289.50 127.68 0.02 1355.51 105.99 0.95 1334.07 122.43 0.02 1413.35 217.99 0.99 1326.64 245.96 0.98 1310.93 355.89 0.98 1189.07 421.40 0.96 1173.94 400.77 0.99 1027.92 516.63 0.98 1353.43 624.30 0.99 1283.97 623.00 0.99 1350.75 903.76 0.99 1233.43 894.31 0.99 1339.62 1168.97 0.99 1181.42 1129.99 0.99
3390 1010.46 45.80 1462.48 1243.02 0.9242
1176.46 134.29 0.98 1196.14 112.13 0.96 1147.74 120.38 0.99 1227.28 142.33 0.76 1115.27 162.09 0.96 1290.96 283.16 0.99 1095.79 324.83 1.00 1383.61 435.92 0.99 1068.02 506.52 0.99 1420.92 593.56 0.99 1032.41 649.98 0.99 1282.43 660.32 1.00 1144.75 675.82 1.00 1303.80 910.97 0.99 1177.81 920.62 0.99 1327.20 1134.61 0.99 1215.99 1131.08 0.98
3400 1136.62 23.41 1730.15 1427.68 0.7667
1387.14 199.22 0.07 1395.92 165.60 0.04 1392.93 169.29 0.02 1426.42 149.92 0.13 1446.90 154.70 0.05 1438.59 229.15 0.84 1484.58 249.27 0.78 1364.52 354.88 0.40 1312.83 406.57 0.46 1281.39 345.56 0.34 1248.89 348.16 0.62 1405.23 679.94 0.97 1478.30 693.19 0.97 1388.06 932.95 0.99 1507.82 975.09 0.99 1304.48 1205.83 0.99 1469.90 1315.98 0.99
3410 1712.09 0.00 2046.63 1485.76 0.8449
1892.49 79.28 0.00 1900.50 46.53 0.00 1887.51 56.52 0.00 1910.88 34.04 0.01 1906.69 51.65 0.00 1927.58 66.34 0.02 1969.63 71.04 0.00 1866.04 128.78 0.06 1875.36 114.11 0.01 1809.98 241.38 0.25 1814.04 235.81 0.10 1968.98 412.72 0.59 1991.08 426.74 0.50 1999.15 870.32 0.86 1961.61 892.25 0.91 1951.36 1237.45 0.94 1873.82 1334.09 0.95
