55 717.30 1104.88 1040.17 1498.64 0.5378 974.84 1443.37 0.1157 981.86 1438.00 0.0608 981.81 1432.22 0.1017 931.89 1457.03 0.1001 972.70 1445.86 0.1650 890.28 1487.36 0.2543 918.07 1483.68 0.2606 826.93 1343.32 0.2853 860.67 1340.82 0.3113 833.20 1198.32 0.4667 833.58 1203.21 0.4736 843.69 1489.63 0.1732 856.77 1489.17 0.1768 847.16 1444.60 0.0903 855.71 1441.21 0.0874 807.09 1385.43 0.0598 813.81 1384.26 0.0585
56 641.00 1190.71 1299.12 1500.00 0.8878 1038.40 1256.54 0.1962 1033.16 1244.64 0.0688 1045.29 1255.52 0.1008 997.61 1260.28 0.3972 1067.46 1288.40 0.5014 917.03 1301.77 0.9317 1078.16 1393.43 0.9500 811.66 1323.27 0.8640 1167.99 1500.00 0.8644 693.41 1334.54 0.7995 1264.04 1474.79 0.7679 847.34 1455.91 0.8457 951.84 1495.63 0.8294 827.97 1392.39 0.4985 1027.65 1453.02 0.4624 774.24 1382.90 0.2135 1042.18 1433.05 0.1906
57 812.55 926.64 1236.76 1500.00 0.8999 958.98 1077.94 0.1852 952.21 1075.36 0.0726 960.91 1072.31 0.0688 920.46 1110.40 0.4867 994.07 1101.09 0.4736 915.96 1194.81 0.9642 1037.80 1148.52 0.9706 912.27 1273.17 0.9319 1143.33 1097.11 0.9572 925.80 1344.28 0.8585 1213.03 1005.29 0.8990 927.30 1327.24 0.9881 999.26 1309.47 0.9896 898.26 1424.88 0.9413 925.93 1418.85 0.9518 871.14 1483.99 0.7527 855.72 1479.31 0.7784
58 748.22 896.84 1255.70 1338.80 0.9084 989.88 942.04 0.3329 990.32 937.48 0.1511 994.39 938.29 0.1299 971.67 966.99 0.5935 1022.04 967.62 0.4869 934.67 1032.50 0.9778 1057.75 1035.92 0.9816 849.89 1093.17 0.9569 1148.08 1067.32 0.9633 788.11 1116.52 0.9160 1217.55 1033.22 0.9191 934.41 1165.91 0.9933 1001.74 1169.70 0.9937 892.91 1212.71 0.9787 947.00 1244.51 0.9806 872.87 1254.14 0.9281 917.13 1305.33 0.9308
59 853.32 672.34 1114.39 1289.02 0.8868 1042.96 843.95 0.4425 1042.62 841.60 0.2948 1049.06 845.29 0.1488 1037.68 863.05 0.6701 1075.44 876.84 0.2823 1023.41 881.46 0.9888 1062.98 953.86 0.9623 966.49 791.82 0.9840 1060.53 1021.62 0.8941 983.90 720.83 0.9633 1057.05 1080.69 0.8204 961.78 1036.05 0.9964 988.79 1052.74 0.9920 905.06 1146.28 0.9850 931.13 1126.35 0.9667 872.44 1236.30 0.9180 908.45 1178.76 0.8718
60 892.71 683.74 1154.97 1114.51 0.8467 1055.79 743.40 0.7055 1061.73 738.76 0.6376 1058.61 741.12 0.3090 1075.64 757.85 0.8180 1084.13 766.36 0.3193 1054.45 785.53 0.9915 1097.30 834.03 0.9588 1036.57 733.47 0.9819 1130.19 876.36 0.8448 1069.15 706.99 0.9558 1143.95 820.77 0.7830 981.76 906.07 0.9944 1007.31 918.05 0.9858 957.25 994.63 0.9844 971.89 1007.66 0.9635 911.90 1051.05 0.9393 935.51 1055.13 0.8969
61 908.14 583.41 1147.79 975.50 0.7817 1070.32 644.65 0.6522 1074.63 641.76 0.6140 1076.23 639.50 0.2715 1084.83 664.39 0.7527 1100.48 656.27 0.2444 1081.93 722.03 0.9855 1089.09 691.46 0.9277 1076.93 784.57 0.9730 1070.19 671.94 0.7846 1069.85 838.87 0.9379 1082.20 628.41 0.7224 1009.32 809.26 0.9914 1013.24 796.37 0.9787 994.99 890.63 0.9783 989.71 889.97 0.9514 983.00 931.58 0.9336 956.15 929.81 0.8932
62 934.89 467.01 1174.65 904.63 0.8187 1117.46 597.87 0.6495 1120.54 594.48 0.5668 1120.83 595.20 0.2347 1122.50 611.32 0.7926 1144.06 616.58 0.2417 1102.44 634.38 0.9922 1154.58 669.78 0.9479 1074.99 568.11 0.9880 1150.06 722.36 0.8323 1085.88 491.10 0.9681 1148.82 738.04 0.7849 1056.05 750.01 0.9935 1092.50 754.41 0.9817 997.89 809.99 0.9788 1050.76 808.71 0.9413 967.93 871.66 0.9187 1028.59 860.87 0.8464
63 953.03 517.23 1181.97 871.08 0.8696 1098.57 554.67 0.2685 1101.06 548.29 0.2717 1109.65 547.69 0.0903 1112.33 551.07 0.8906 1144.25 555.20 0.4438 1101.96 590.40 0.9937 1161.17 606.65 0.9917 1041.58 607.68 0.9732 1174.96 668.85 0.9322 989.26 597.84 0.9064 1162.04 712.95 0.8183 1070.85 704.77 0.9952 1104.10 705.71 0.9946 1030.55 756.81 0.9806 1054.54 759.56 0.9717 1021.12 825.40 0.9477 1025.81 829.43 0.9322
64 983.82 483.69 1150.94 810.55 0.8347 1077.53 523.50 0.8123 1084.26 516.65 0.8377 1079.56 515.22 0.4532 1106.57 521.25 0.8411 1090.37 517.95 0.1703 1117.66 565.59 0.9893 1089.46 556.54 0.9559 1132.53 623.19 0.9752 1069.84 605.94 0.6932 1123.35 684.25 0.9486 1051.01 663.07 0.6605 1072.20 664.27 0.9886 1057.15 655.99 0.9741 1037.69 719.78 0.9769 1031.09 713.65 0.9382 1022.44 775.86 0.9452 1025.50 769.41 0.8906
65 940.61 475.90 1149.16 797.30 0.8661 1080.25 520.75 0.8955 1086.47 514.83 0.8895 1079.80 512.54 0.6812 1104.96 514.68 0.8130 1080.75 509.15 0.2745 1124.98 551.03 0.9928 1070.74 534.49 0.9887 1140.87 605.94 0.9866 1032.67 562.57 0.9481 1120.85 652.39 0.9783 998.07 594.84 0.9345 1077.17 641.33 0.9948 1046.80 629.52 0.9932 1034.32 705.12 0.9842 1020.94 694.95 0.9734 995.44 763.90 0.9471 998.69 753.09 0.9240
66 859.91 473.66 1089.78 793.79 0.8632 1016.27 525.33 0.9227 1025.53 520.62 0.8879 1013.26 516.46 0.7215 1046.36 524.76 0.8224 1015.40 513.70 0.4283 1058.27 568.78 0.9932 1010.46 531.16 0.9767 1075.10 620.79 0.9830 949.51 510.24 0.9146 1059.90 656.18 0.9660 904.04 498.77 0.8915 1014.44 651.76 0.9929 988.66 632.31 0.9865 972.02 710.87 0.9773 965.35 694.06 0.9601 928.69 757.30 0.9214 938.32 738.96 0.8930
67 756.62 459.64 1046.14 793.96 0.8927 929.46 506.87 0.9301 940.08 502.46 0.9168 928.17 496.58 0.6860 965.70 507.86 0.8934 934.40 495.65 0.3449 985.78 549.92 0.9971 927.99 527.19 0.9762 1010.00 592.77 0.9933 897.06 552.28 0.9043 1028.00 645.49 0.9808 866.27 577.39 0.8677 942.43 648.01 0.9976 902.41 629.57 0.9932 930.00 704.60 0.9919 849.09 670.62 0.9784 914.01 766.08 0.9674 816.42 720.04 0.9404
68 726.54 370.90 903.62 787.94 0.7637 828.54 483.69 0.5148 832.38 479.78 0.3525 831.35 480.09 0.2582 843.00 492.77 0.5286 853.61 491.74 0.3136 839.61 524.97 0.9569 862.15 515.66 0.9382 847.39 472.58 0.9336 870.71 464.72 0.8953 866.72 408.51 0.8959 868.92 410.74 0.8525 800.77 628.62 0.9862 813.63 620.42 0.9834 780.27 695.43 0.9652 789.65 686.06 0.9606 782.46 749.74 0.8971 785.99 742.09 0.8893
69 565.86 451.00 798.44 812.03 0.8891 698.36 491.09 0.5970 705.65 484.81 0.6181 701.56 484.36 0.2086 727.96 493.09 0.8738 721.00 491.33 0.2009 734.99 529.85 0.9921 725.39 524.19 0.9635 769.91 513.39 0.9836 755.45 502.18 0.7620 781.39 475.49 0.9686 782.50 464.63 0.7376 692.71 634.48 0.9958 693.58 629.39 0.9902 646.15 698.76 0.9917 706.27 695.66 0.9767 629.09 759.51 0.9770 742.19 755.91 0.9512
70 422.73 397.67 681.70 809.72 0.8099 560.80 481.56 0.8563 567.65 474.60 0.8517 558.57 473.95 0.4562 592.37 477.42 0.8471 571.37 475.91 0.1866 628.18 515.21 0.9937 575.44 498.06 0.9365 660.45 550.74 0.9906 584.87 470.73 0.8194 659.58 577.35 0.9780 595.72 421.49 0.7962 601.19 630.26 0.9954 561.41 618.86 0.9847 595.93 695.66 0.9874 514.56 675.45 0.9618 603.54 773.58 0.9597 491.41 736.85 0.9226
71 365.24 396.77 514.17 799.05 0.7772 444.37 444.97 0.5277 447.41 434.43 0.2726 437.18 436.71 0.4698 448.10 440.67 0.1845 432.23 445.73 0.5332 456.34 484.94 0.8820 435.84 491.51 0.9489 473.80 475.78 0.6973 463.88 484.55 0.9170 471.92 420.26 0.7056 482.52 419.44 0.8837 450.72 605.38 0.9586 435.33 608.72 0.9751 448.58 672.19 0.9280 435.40 675.35 0.9564 420.29 720.56 0.8552 404.85 725.31 0.8992
72 113.96 274.70 446.35 827.97 0.8856 233.81 457.43 0.7655 243.41 451.21 0.7503 238.37 447.27 0.2574 275.23 461.28 0.8297 260.71 446.46 0.1171 311.07 525.45 0.9950 265.28 463.39 0.9482 375.32 593.68 0.9946 218.68 372.71 0.8935 391.02 683.75 0.9855 161.13 311.79 0.8822 323.97 640.56 0.9983 287.42 620.77 0.9947 351.25 699.25 0.9942 244.27 705.65 0.9843 410.07 752.49 0.9731 240.52 775.07 0.9516
73 0.00 281.45 271.02 825.65 0.8859 64.75 468.63 0.5393 63.58 459.06 0.3909 60.35 460.53 0.2654 77.45 457.71 0.5025 77.49 458.54 0.2985 116.23 496.50 0.9548 120.14 462.20 0.9449 166.62 503.52 0.9368 180.13 400.68 0.9300 188.96 476.48 0.9082 172.41 333.46 0.9070 164.56 609.32 0.9918 156.03 593.54 0.9918 167.75 689.67 0.9787 90.28 668.55 0.9800 228.96 768.62 0.9330 81.25 746.37 0.9369
74 0.00 343.46 85.71 736.71 0.5707 0.00 415.52 0.0147 0.00 408.39 0.0120 0.00 408.40 0.0092 0.00 409.46 0.0436 0.00 408.28 0.0269 0.10 439.36 0.1373 0.00 437.83 0.0807 32.67 483.00 0.2875 34.54 485.46 0.1480 55.74 499.57 0.2945 58.14 498.14 0.1770 8.74 544.85 0.3029 7.56 545.13 0.2480 8.67 587.23 0.2960 7.95 587.45 0.2453 29.90 684.25 0.2570 29.18 684.62 0.2226
116 1658.96 1271.21 2046.81 1495.61 0.3030 1878.62 1357.92 0.0104 1878.17 1347.80 0.0069 1885.56 1347.50 0.0042 1876.52 1361.95 0.0350 1888.75 1364.11 0.0128 1855.10 1420.68 0.0875 1866.13 1423.76 0.0959 1705.18 1473.65 0.2273 1726.60 1472.02 0.1812 1692.76 1350.58 0.3825 1689.06 1347.74 0.3249 1890.70 1474.25 0.1074 1894.39 1475.81 0.1070 1763.52 1428.29 0.0620 1775.10 1444.03 0.0515 1729.94 1358.57 0.0403 1729.58 1376.47 0.0345
128 290.63 1160.06 604.30 1499.15 0.8726 422.14 1267.91 0.2314 415.74 1257.85 0.1183 428.25 1251.57 0.1296 374.36 1269.11 0.5541 464.50 1250.35 0.6507 347.64 1369.85 0.8892 520.11 1297.12 0.9251 324.45 1463.38 0.6274 581.60 1301.78 0.7651 356.59 1468.29 0.4385 539.58 1290.03 0.6023 394.37 1500.00 0.3784 520.97 1496.90 0.4580 331.26 1496.71 0.0742 507.95 1429.18 0.0958 405.26 1500.00 0.0233 607.14 1412.23 0.0278
129 164.69 948.60 568.37 1478.47 0.9179 375.50 1012.10 0.2769 372.81 1003.28 0.1562 382.71 1000.08 0.0672 362.48 1030.67 0.6572 428.24 1022.70 0.3597 327.52 1112.64 0.9753 472.06 1099.02 0.9634 232.72 1158.14 0.9559 527.87 1163.98 0.9039 195.75 1096.48 0.9138 537.65 1197.47 0.8504 363.33 1267.86 0.9813 447.89 1261.18 0.9751 358.11 1339.21 0.9417 414.57 1318.42 0.9224 377.77 1433.59 0.7631 398.37 1405.95 0.7369
130 309.94 763.50 550.37 1212.70 0.8754 396.66 830.35 0.3001 394.74 823.33 0.1613 404.65 821.54 0.1351 378.18 842.90 0.5661 442.93 835.20 0.4576 358.44 926.94 0.9539 494.09 891.60 0.9633 345.96 1016.73 0.8743 525.13 925.43 0.9143 353.04 1076.48 0.7707 511.57 919.60 0.8462 393.41 1065.52 0.9798 479.26 1051.75 0.9839 357.73 1100.45 0.9526 427.40 1110.64 0.9643 372.60 1153.00 0.8804 415.95 1184.55 0.8973
131 293.46 622.51 523.36 1128.95 0.9013 382.37 687.60 0.1084 381.14 678.07 0.0890 385.84 677.15 0.0368 372.77 694.76 0.8022 432.59 687.49 0.5723 350.27 768.89 0.9885 463.28 748.40 0.9865 324.70 859.15 0.9347 507.86 792.64 0.8845 307.49 898.31 0.7531 461.10 778.79 0.6478 379.94 906.47 0.9909 450.49 899.28 0.9904 390.92 983.55 0.9614 438.33 980.16 0.9536 400.06 1081.59 0.8844 426.50 1076.89 0.8695
132 282.91 521.08 523.05 1017.99 0.9074 432.60 577.76 0.0535 429.10 569.41 0.0244 436.17 567.38 0.0356 397.83 580.76 0.6540 457.31 582.14 0.8087 362.53 633.97 0.9890 474.30 653.98 0.9934 310.51 662.50 0.9458 489.37 749.73 0.9694 319.29 654.39 0.7792 507.26 817.27 0.8425 369.82 782.90 0.9928 442.15 789.48 0.9948 381.82 870.90 0.9391 460.74 875.65 0.9502 377.13 959.50 0.7766 455.63 966.37 0.8066
133 324.59 432.67 544.48 851.53 0.8910 417.62 490.52 0.0993 419.87 480.66 0.0833 425.95 479.21 0.0341 422.30 486.27 0.8486 475.47 483.92 0.6013 399.54 545.93 0.9896 504.99 544.82 0.9902 366.74 624.09 0.9185 529.17 628.12 0.9010 364.98 658.87 0.6738 513.87 669.70 0.6318 403.92 693.74 0.9860 474.15 692.38 0.9869 384.06 706.15 0.9340 462.44 707.19 0.9273 376.12 797.84 0.8466 452.42 797.00 0.8366
134 244.17 362.30 468.38 839.77 0.8747 334.46 409.15 0.2801 339.41 400.00 0.2912 345.36 397.15 0.0514 356.96 410.37 0.7649 394.95 403.08 0.1035 337.51 461.45 0.9759 437.69 442.29 0.8332 272.61 497.36 0.9650 412.47 459.36 0.6059 286.66 423.68 0.9152 364.00 403.41 0.5701 383.79 586.38 0.9878 443.32 581.49 0.9666 414.39 677.48 0.9825 443.82 675.45 0.9557 434.61 774.60 0.9495 436.51 778.51 0.9147
135 194.24 156.06 411.84 588.53 0.8976 233.54 233.42 0.3216 234.94 222.90 0.4509 240.25 220.67 0.0253 253.94 216.74 0.9241 297.74 208.62 0.0483 286.28 260.06 0.9898 347.63 242.72 0.9430 291.51 349.80 0.9854 377.06 318.30 0.6266 238.84 401.63 0.9549 284.20 379.19 0.5713 345.64 397.61 0.9937 387.25 387.56 0.9839 303.18 472.60 0.9873 352.29 462.79 0.9563 336.14 563.90 0.9625 382.30 543.65 0.9104
136 162.40 104.82 397.43 579.66 0.9033 189.92 177.52 0.8967 198.79 166.81 0.9509 191.15 167.43 0.4418 237.55 164.88 0.9443 207.45 167.03 0.0477 294.73 218.04 0.9958 214.22 214.55 0.9679 345.43 297.97 0.9962 208.59 277.32 0.8247 367.52 387.14 0.9913 194.08 324.93 0.8388 296.16 367.70 0.9977 241.75 362.65 0.9932 291.37 458.97 0.9939 198.71 453.70 0.9769 325.45 548.18 0.9791 200.63 537.33 0.9451
137 76.89 126.28 310.06 605.00 0.9080 174.93 214.84 0.8879 184.17 201.90 0.8785 165.15 203.05 0.7109 206.99 186.22 0.7160 153.60 189.04 0.2553 251.21 220.69 0.9905 128.99 220.64 0.9877 295.75 292.35 0.9850 99.44 279.79 0.9598 298.59 374.11 0.9757 102.14 336.48 0.9458 238.05 367.08 0.9973 162.01 367.03 0.9969 239.38 465.08 0.9923 156.27 463.79 0.9891 248.62 548.54 0.9715 182.24 545.23 0.9629
138 0.75 256.98 379.88 747.67 0.9281 206.78 344.39 0.9441 212.76 331.01 0.8722 194.13 331.40 0.8621 223.53 310.01 0.6618 167.51 312.52 0.6572 264.58 333.84 0.9910 110.39 336.39 0.9832 320.48 350.20 0.9750 29.05 366.55 0.9411 354.00 392.46 0.9520 57.13 401.17 0.9137 231.60 500.73 0.9922 137.24 499.62 0.9889 221.93 607.22 0.9626 127.41 579.80 0.9464 221.56 686.14 0.8500 154.46 622.27 0.8158
139 117.09 440.44 322.75 958.96 0.8944 248.01 527.72 0.9742 259.33 515.51 0.9200 235.18 513.62 0.9679 273.47 505.78 0.4715 207.41 500.01 0.8662 280.54 537.84 0.9881 164.84 533.66 0.9968 301.11 609.16 0.9303 127.53 603.55 0.9859 272.61 662.92 0.9176 144.53 659.95 0.9721 246.75 671.31 0.9914 173.54 671.61 0.9955 248.17 779.70 0.9707 193.21 781.16 0.9824 212.05 886.13 0.8948 195.24 890.44 0.9271
140 97.03 547.39 370.11 1019.05 0.9142 276.08 633.58 0.9763 286.39 618.41 0.8840 260.52 621.50 0.9719 296.23 609.06 0.4694 220.57 613.54 0.9221 300.40 650.91 0.9835 178.31 673.64 0.9967 342.03 717.45 0.9047 124.94 768.69 0.9865 349.18 787.24 0.8547 122.57 863.23 0.9655 290.51 795.65 0.9893 211.93 813.55 0.9948 307.17 892.59 0.9618 220.21 927.00 0.9819 304.48 937.58 0.8892 243.45 977.32 0.9295
141 189.29 697.15 437.31 1182.20 0.8891 392.64 781.23 0.9751 399.59 765.81 0.8635 375.11 769.09 0.9723 405.75 754.94 0.3939 334.70 763.31 0.9295 409.58 800.18 0.9753 281.75 821.59 0.9957 412.15 856.11 0.8570 214.02 929.66 0.9826 416.95 891.27 0.8226 242.63 1023.05 0.9634 373.90 943.05 0.9729 295.83 955.65 0.9876 395.98 1022.48 0.9215 331.25 1029.49 0.9634 367.41 1112.30 0.8071 337.11 1109.32 0.8758
142 276.70 845.39 596.83 1401.32 0.9178 527.04 922.94 0.9181 526.32 910.13 0.5205 514.84 915.54 0.8954 509.42 909.07 0.1508 464.48 918.87 0.8583 505.55 958.81 0.9686 401.04 957.60 0.9935 555.90 1016.05 0.8992 316.16 981.15 0.9865 577.15 1093.37 0.8864 301.92 1035.96 0.9761 453.37 1093.72 0.9894 392.74 1098.83 0.9950 423.52 1187.50 0.9755 401.41 1212.39 0.9879 435.51 1293.26 0.9227 423.44 1320.72 0.9480
143 430.77 1003.93 686.58 1478.16 0.8677 670.79 1091.69 0.7724 663.34 1073.53 0.2260 662.05 1083.39 0.8140 617.40 1065.73 0.0691 606.20 1092.33 0.8735 583.24 1092.82 0.8882 537.88 1171.06 0.9811 579.92 1109.08 0.7466 462.17 1290.66 0.9650 572.48 1158.30 0.7245 510.34 1387.24 0.9309 559.04 1290.27 0.8907 521.39 1329.95 0.9450 586.79 1379.64 0.5211 529.08 1439.81 0.6719 598.58 1368.63 0.2260 512.85 1408.36 0.2839
144 473.23 1160.89 905.52 1500.00 0.8977 858.89 1270.19 0.6191 860.36 1256.55 0.2021 858.27 1259.02 0.5875 833.11 1233.54 0.1478 832.36 1244.93 0.6926 789.97 1229.53 0.9088 755.03 1293.06 0.9777 753.51 1208.20 0.8451 676.27 1409.87 0.9673 797.19 1231.42 0.8123 690.36 1495.92 0.9250 636.84 1387.68 0.9520 611.15 1401.68 0.9703 599.02 1457.43 0.7610 562.14 1453.86 0.8334 513.91 1432.50 0.4909 488.26 1399.59 0.5485
145 653.21 1331.91 1092.44 1500.00 0.8667 989.02 1466.81 0.3218 995.21 1461.43 0.1069 986.91 1455.96 0.3581 997.58 1443.43 0.0517 970.95 1427.88 0.4881 977.16 1424.58 0.7676 921.94 1403.35 0.9040 1007.10 1449.45 0.7317 923.45 1430.53 0.9442 1010.47 1452.23 0.7728 975.52 1460.02 0.9216 854.01 1421.89 0.8501 814.89 1408.06 0.9070 787.72 1465.41 0.4760 755.44 1455.46 0.6226 709.58 1456.72 0.1974 696.20 1453.60 0.2882
