0 0.00 135.84 196.54 1485.90 0.3298 17.52 598.18 0.0024 17.78 568.18 0.0016 13.71 571.51 0.0011 6.27 588.70 0.0230 15.78 597.96 0.0090 18.08 787.59 0.0816 20.16 784.26 0.0202 67.79 1001.87 0.1407 103.57 988.96 0.0282 148.99 1120.50 0.1208 150.55 1137.23 0.0386 21.33 1140.56 0.1960 25.57 1146.12 0.1105 58.10 1362.43 0.0803 69.39 1379.00 0.0451 108.16 1409.44 0.0359 86.79 1430.88 0.0226
1 0.00 184.02 76.86 490.17 0.3429 7.76 217.40 0.0361 5.93 211.11 0.0335 5.79 211.58 0.0225 3.99 212.80 0.0954 4.16 212.82 0.0458 11.77 239.66 0.2448 5.24 240.27 0.1253 36.70 275.22 0.2848 33.59 281.12 0.1023 52.47 310.27 0.2689 52.13 311.91 0.1224 15.93 314.25 0.5026 12.12 315.65 0.3983 16.60 379.61 0.6340 13.80 381.37 0.5284 39.95 456.76 0.6980 36.60 458.85 0.6238
35 14.41 320.43 257.28 619.47 0.4976 70.54 349.30 0.5612 69.14 343.81 0.3717 66.57 343.54 0.3892 66.40 346.11 0.3570 61.89 343.72 0.4122 74.47 374.47 0.9493 67.87 371.28 0.9373 97.73 416.54 0.8124 80.72 414.61 0.7378 119.51 447.38 0.7189 95.68 445.78 0.6497 112.47 441.18 0.9757 109.98 443.82 0.9736 180.14 489.08 0.9696 176.80 490.64 0.9673 217.77 570.89 0.9592 217.06 570.13 0.9562
36 93.48 322.31 260.58 635.81 0.8118 136.36 358.82 0.9402 141.56 350.33 0.9052 127.67 352.69 0.8533 152.81 349.25 0.7876 117.98 356.12 0.5820 179.63 379.88 0.9937 113.71 392.10 0.9923 208.29 421.35 0.9690 115.61 439.47 0.9411 186.60 444.89 0.9465 137.88 455.68 0.9102 194.09 463.60 0.9931 150.56 470.53 0.9926 226.11 532.33 0.9817 178.04 538.14 0.9779 229.14 597.51 0.9516 192.02 603.12 0.9438
37 118.06 327.72 304.45 642.26 0.8419 143.08 368.46 0.9253 148.36 360.65 0.9474 139.11 362.43 0.6518 167.24 357.24 0.9305 141.36 363.88 0.1678 200.32 386.63 0.9945 156.47 397.49 0.9710 217.48 433.96 0.9892 170.27 445.61 0.7735 163.98 447.29 0.9772 149.84 448.65 0.7765 224.34 478.96 0.9922 193.57 484.03 0.9806 248.98 552.91 0.9826 209.27 557.06 0.9484 279.04 612.66 0.9524 229.31 613.57 0.8955
38 144.05 332.23 319.52 630.31 0.8613 159.13 375.68 0.6846 162.50 368.37 0.7279 158.63 369.26 0.2934 180.37 365.12 0.8120 171.53 367.06 0.1299 210.09 390.71 0.9842 185.75 393.06 0.9435 224.72 436.71 0.9663 194.46 437.72 0.6962 185.87 443.89 0.9325 178.54 438.82 0.6725 241.98 464.37 0.9911 223.32 465.48 0.9827 264.03 535.53 0.9878 227.07 536.05 0.9720 306.32 597.33 0.9734 251.80 594.06 0.9504
39 126.76 331.99 318.52 628.07 0.8603 145.15 378.42 0.8701 147.71 371.21 0.8761 142.88 372.75 0.5780 164.50 365.47 0.8576 153.16 369.01 0.2359 199.68 387.89 0.9906 172.83 393.87 0.9717 234.96 434.84 0.9697 196.14 442.10 0.7791 209.42 470.70 0.9408 187.94 466.30 0.7492 240.88 458.04 0.9915 221.78 461.63 0.9851 264.60 529.92 0.9865 231.74 532.43 0.9726 303.14 592.75 0.9693 257.86 592.03 0.9477
40 105.10 331.23 318.07 629.63 0.8727 129.23 375.59 0.8909 132.99 367.39 0.9036 125.83 369.30 0.5711 149.84 360.55 0.8860 133.43 365.81 0.1908 177.70 381.66 0.9940 150.85 391.87 0.9750 214.52 425.11 0.9848 169.20 441.56 0.7860 221.63 484.56 0.9696 193.04 482.39 0.7767 227.05 456.70 0.9956 208.37 463.89 0.9907 254.59 526.59 0.9941 219.52 532.39 0.9853 298.57 594.60 0.9873 250.21 597.24 0.9746
41 91.85 331.33 317.55 631.02 0.8800 117.03 376.45 0.8606 120.38 368.80 0.8807 115.30 369.81 0.4821 137.54 362.37 0.8851 127.54 364.96 0.1621 170.28 384.64 0.9929 148.31 389.61 0.9695 210.36 431.40 0.9814 169.97 438.10 0.7456 209.47 483.02 0.9625 186.33 475.05 0.7394 221.05 457.72 0.9949 208.49 461.97 0.9893 236.71 525.71 0.9938 225.59 528.21 0.9843 278.51 592.01 0.9871 272.13 589.82 0.9739
42 74.44 333.81 288.81 642.30 0.8417 101.17 373.87 0.8517 104.36 365.94 0.8879 99.39 368.01 0.4699 123.90 363.04 0.8883 112.44 367.94 0.1350 157.80 390.55 0.9928 135.28 396.85 0.9647 205.38 438.08 0.9837 144.26 441.09 0.7315 217.79 483.70 0.9652 146.70 457.70 0.7280 202.62 470.54 0.9951 189.40 475.06 0.9888 221.46 540.73 0.9926 205.39 545.01 0.9795 247.85 606.09 0.9836 228.67 607.09 0.9647
43 0.00 336.62 284.17 660.37 0.8477 71.00 370.22 0.9423 78.54 361.10 0.9513 63.32 364.04 0.8088 99.48 361.16 0.8761 60.04 368.75 0.3084 132.14 391.95 0.9932 66.87 401.48 0.9826 188.15 403.72 0.9826 33.46 410.08 0.8860 244.36 401.00 0.9695 18.43 374.60 0.8730 157.94 487.25 0.9927 121.24 492.97 0.9883 181.77 559.07 0.9747 160.85 563.73 0.9524 197.55 626.15 0.9253 187.04 627.98 0.8837
44 0.00 311.96 234.34 716.59 0.8719 45.77 374.18 0.9090 51.32 366.03 0.8833 35.08 370.00 0.7445 65.64 368.01 0.7544 24.63 378.98 0.3934 93.46 392.88 0.9848 27.46 415.05 0.9220 153.34 374.67 0.9613 24.93 423.11 0.7245 197.66 351.27 0.9230 57.21 402.34 0.7031 118.68 500.10 0.9826 74.18 513.58 0.9588 149.13 572.91 0.9680 100.07 591.29 0.9314 172.25 651.99 0.9237 107.39 662.09 0.8793
45 0.00 312.09 206.34 720.18 0.8636 29.74 385.55 0.8168 30.50 376.13 0.7780 17.48 383.11 0.6114 34.57 380.28 0.6581 1.41 399.35 0.3398 54.88 406.74 0.9715 9.35 439.75 0.8276 110.50 382.37 0.9383 35.28 445.08 0.5492 142.62 344.45 0.8907 85.91 389.73 0.5739 92.55 518.23 0.9662 60.34 538.04 0.9155 135.37 575.52 0.9450 108.45 602.97 0.8719 169.28 664.81 0.8751 131.29 683.92 0.7888
46 0.00 361.78 230.71 739.08 0.8870 73.35 404.79 0.9446 73.38 396.27 0.8820 60.05 402.03 0.8688 77.70 397.31 0.7056 41.04 414.19 0.6716 104.22 424.72 0.9909 36.53 453.50 0.9807 150.84 411.87 0.9714 12.49 474.85 0.9259 176.91 390.22 0.9478 24.26 477.71 0.9018 138.80 539.96 0.9925 95.10 556.18 0.9889 171.87 613.33 0.9796 129.45 629.53 0.9709 186.65 695.67 0.9312 130.26 700.47 0.9140
47 74.69 398.51 295.53 783.30 0.8953 151.03 440.60 0.9420 152.60 431.02 0.7702 140.07 435.87 0.9341 149.79 430.44 0.4342 116.49 441.84 0.8884 160.91 469.15 0.9693 103.34 491.14 0.9929 189.87 501.78 0.8333 98.02 547.33 0.9736 209.37 530.39 0.7766 131.82 593.19 0.9428 189.99 578.69 0.9775 157.96 594.16 0.9888 211.83 655.77 0.9519 215.80 671.93 0.9768 222.31 733.61 0.8925 251.78 746.17 0.9324
48 140.14 405.41 372.89 778.64 0.8855 233.36 441.44 0.9324 231.37 432.10 0.6676 222.68 435.30 0.9425 230.17 436.50 0.1787 195.34 442.93 0.9184 235.61 480.72 0.9802 179.02 492.42 0.9965 256.87 533.76 0.8432 158.45 558.76 0.9883 273.43 579.92 0.8191 182.91 612.68 0.9721 262.08 594.99 0.9894 221.66 604.82 0.9959 312.45 656.05 0.9698 245.66 666.58 0.9882 332.67 732.29 0.9364 247.91 748.00 0.9672
49 148.51 403.39 457.11 787.86 0.8805 347.12 439.77 0.8824 339.40 430.30 0.4681 337.63 435.29 0.8641 318.40 431.45 0.1939 307.38 446.43 0.8656 332.61 462.99 0.9702 280.51 491.80 0.9949 365.58 452.00 0.9013 222.77 519.24 0.9903 375.11 424.83 0.8728 186.99 540.20 0.9791 359.34 592.20 0.9940 325.23 607.51 0.9975 406.39 663.27 0.9853 360.52 680.63 0.9940 400.23 733.68 0.9585 321.81 748.93 0.9763
50 332.39 377.28 581.08 798.60 0.8195 439.70 452.56 0.9133 442.32 445.06 0.6061 429.89 448.58 0.8954 435.75 448.32 0.3155 407.43 456.07 0.8657 432.71 492.36 0.9627 399.89 491.28 0.9957 434.87 537.66 0.8356 365.36 477.09 0.9895 448.32 549.36 0.8000 337.87 418.11 0.9733 453.27 609.76 0.9853 442.15 617.11 0.9950 436.00 675.45 0.9715 495.38 696.74 0.9905 410.31 742.04 0.9392 526.88 774.33 0.9701
51 442.91 334.94 665.40 798.86 0.8577 537.90 454.46 0.8877 542.47 448.92 0.5610 531.39 449.53 0.8682 537.17 453.80 0.2498 510.25 453.38 0.8058 528.75 475.45 0.9360 493.90 478.01 0.9891 537.23 416.10 0.8277 497.55 413.10 0.9824 552.04 363.64 0.8046 521.71 371.39 0.9645 549.02 615.07 0.9809 517.45 623.30 0.9922 594.29 678.51 0.9615 532.21 698.31 0.9850 615.86 747.85 0.9257 536.29 783.36 0.9589
52 574.92 399.23 731.66 808.87 0.8094 659.14 461.46 0.8934 659.96 450.48 0.5361 647.61 453.45 0.9257 657.40 453.70 0.1078 623.67 458.81 0.9234 653.21 493.51 0.9510 616.49 492.23 0.9959 664.27 505.40 0.6608 581.25 472.40 0.9913 672.57 504.27 0.7071 601.60 399.08 0.9819 664.88 602.52 0.9856 641.34 606.69 0.9965 676.86 683.25 0.9648 672.31 689.29 0.9913 651.19 749.62 0.9197 647.48 760.47 0.9708
53 674.62 420.75 865.11 806.73 0.8548 780.56 470.69 0.8363 783.59 465.14 0.4216 774.92 464.23 0.8363 774.44 465.91 0.2189 753.05 463.26 0.8549 763.25 496.52 0.9426 731.93 498.71 0.9942 755.55 506.60 0.7682 709.47 514.84 0.9869 744.47 463.83 0.7141 707.88 478.20 0.9652 766.06 611.92 0.9879 754.05 615.76 0.9961 748.56 683.36 0.9805 797.45 694.92 0.9940 698.08 744.37 0.9622 815.47 772.74 0.9823
54 779.03 424.95 948.17 806.91 0.8426 890.02 468.33 0.8972 890.18 460.32 0.4977 883.57 460.85 0.9364 883.52 459.80 0.0913 858.32 458.94 0.9419 868.38 496.26 0.9569 827.21 494.78 0.9969 862.09 552.79 0.6821 786.74 540.27 0.9932 877.20 608.59 0.6868 797.58 572.51 0.9809 871.17 613.83 0.9880 841.84 618.10 0.9971 890.33 691.23 0.9684 844.70 697.59 0.9920 900.74 755.34 0.9366 827.16 766.96 0.9764
55 841.41 418.76 1074.23 811.33 0.8585 1012.49 462.02 0.8016 1007.47 452.14 0.3193 1006.61 454.93 0.8001 984.39 449.39 0.1285 981.89 457.15 0.8229 979.81 478.33 0.9182 958.79 494.35 0.9913 994.60 487.35 0.7965 929.71 542.69 0.9881 1014.29 458.98 0.7682 901.64 581.93 0.9726 986.45 606.91 0.9882 963.45 614.41 0.9962 1022.22 686.99 0.9757 935.30 704.93 0.9922 1027.70 741.38 0.9522 868.14 774.55 0.9760
56 997.58 412.62 1163.37 807.78 0.8217 1112.77 462.76 0.8007 1113.39 453.91 0.3192 1106.91 454.39 0.8550 1091.79 449.43 0.1111 1083.03 451.64 0.9139 1072.63 483.45 0.9241 1059.12 486.40 0.9931 1061.28 544.54 0.4724 1023.42 544.74 0.9787 1079.25 595.48 0.4896 1017.67 609.11 0.9433 1049.46 595.22 0.9787 1050.26 597.57 0.9942 1047.82 681.45 0.9701 1095.12 682.52 0.9915 1023.16 763.25 0.9593 1105.79 768.01 0.9837
57 1018.80 449.97 1236.92 797.65 0.8132 1200.49 501.32 0.8701 1202.42 494.31 0.4763 1193.80 494.62 0.9039 1191.37 492.32 0.1934 1174.98 493.94 0.9381 1175.92 521.11 0.9576 1154.26 521.66 0.9967 1177.82 555.47 0.5990 1098.48 559.82 0.9888 1196.62 560.03 0.6030 1081.71 603.34 0.9671 1135.17 615.23 0.9862 1136.24 614.25 0.9965 1097.73 683.95 0.9761 1178.13 682.30 0.9934 1041.11 755.71 0.9676 1184.08 757.58 0.9874
58 1173.27 444.52 1318.55 799.95 0.8660 1302.79 494.17 0.8594 1304.17 486.23 0.3974 1297.64 486.17 0.9110 1290.53 484.47 0.0847 1275.77 483.97 0.9319 1274.22 518.49 0.9465 1244.52 519.77 0.9963 1258.04 580.52 0.5995 1208.53 582.74 0.9921 1267.30 636.96 0.6102 1195.06 652.46 0.9770 1243.37 622.54 0.9820 1225.78 623.97 0.9958 1240.76 696.50 0.9526 1228.53 698.85 0.9884 1206.95 755.40 0.9047 1193.49 762.80 0.9653
59 1200.15 386.88 1476.16 825.84 0.8761 1403.51 470.89 0.7693 1403.69 461.94 0.2852 1397.80 463.08 0.8310 1384.32 466.91 0.1207 1381.25 467.70 0.9223 1365.01 501.80 0.9668 1364.45 506.83 0.9957 1395.35 458.77 0.8035 1413.14 468.10 0.9924 1445.70 407.48 0.8151 1452.99 407.52 0.9806 1351.17 632.82 0.9918 1338.33 637.48 0.9974 1375.26 715.19 0.9722 1295.95 720.41 0.9911 1378.28 773.49 0.9202 1232.33 785.79 0.9650
60 1353.33 416.83 1573.44 848.78 0.8790 1543.22 488.54 0.5592 1541.53 477.51 0.1148 1535.87 479.81 0.5976 1515.64 475.80 0.0807 1512.58 481.70 0.8683 1492.47 508.34 0.9440 1495.93 514.82 0.9898 1504.16 489.44 0.6830 1490.61 497.67 0.9754 1537.15 462.07 0.7099 1517.94 462.05 0.9487 1447.14 641.86 0.9920 1459.70 644.78 0.9969 1419.95 725.78 0.9856 1505.34 728.50 0.9944 1370.06 793.58 0.9656 1509.52 803.41 0.9831
61 1511.98 395.18 1717.64 859.91 0.8783 1672.84 486.54 0.4299 1669.79 476.95 0.1055 1670.07 479.89 0.4792 1628.74 475.43 0.1385 1650.70 480.33 0.8183 1601.32 511.10 0.9510 1627.44 514.91 0.9891 1581.51 537.47 0.7988 1659.20 502.68 0.9795 1574.18 562.12 0.7732 1649.82 472.03 0.9453 1582.27 636.15 0.9894 1594.98 640.13 0.9951 1587.86 726.37 0.9704 1597.98 731.55 0.9857 1539.19 801.82 0.9044 1543.39 815.18 0.9427
62 1574.41 410.82 1946.01 853.83 0.8931 1811.99 509.59 0.6562 1808.62 502.91 0.2375 1809.55 499.39 0.5869 1773.39 500.54 0.2395 1784.22 494.04 0.7769 1720.19 535.51 0.9614 1783.37 514.21 0.9861 1674.21 562.12 0.9126 1842.61 491.39 0.9809 1646.06 628.36 0.8778 1912.82 430.74 0.9656 1690.27 655.10 0.9929 1717.28 645.16 0.9958 1709.14 747.64 0.9755 1719.21 750.34 0.9865 1660.77 805.52 0.9147 1645.17 815.80 0.9376
63 1675.13 479.55 1961.49 871.09 0.8880 1914.95 534.05 0.7842 1923.95 528.55 0.4372 1914.86 521.68 0.7590 1921.21 531.57 0.1746 1898.09 512.85 0.7199 1889.11 570.05 0.9646 1847.96 540.15 0.9931 1851.23 641.46 0.8326 1788.82 578.17 0.9818 1832.53 658.05 0.8167 1795.91 585.27 0.9612 1820.07 673.77 0.9919 1789.90 660.87 0.9965 1805.90 752.52 0.9831 1762.94 741.96 0.9917 1768.72 819.93 0.9606 1707.46 810.20 0.9766
64 1764.02 486.30 2047.48 900.83 0.9096 1981.40 547.74 0.9516 1992.95 541.49 0.8661 1974.74 535.93 0.9179 2007.08 539.14 0.5849 1957.41 526.05 0.7442 2019.29 584.31 0.9711 1916.04 555.88 0.9864 2026.96 654.74 0.8783 1860.84 596.22 0.9547 1992.46 713.40 0.8206 1831.71 660.31 0.9104 1947.30 696.32 0.9786 1878.04 676.88 0.9856 1930.81 787.18 0.9493 1831.83 756.22 0.9659 1908.20 868.51 0.8906 1803.85 839.95 0.9152
65 1779.91 488.88 2047.79 912.44 0.9029 1986.76 541.22 0.8959 1997.17 534.41 0.8499 1987.66 530.00 0.7574 2020.54 536.76 0.6624 1987.53 524.43 0.3934 2029.59 586.53 0.9881 1961.47 556.39 0.9896 2036.48 667.82 0.9646 1914.50 587.98 0.9521 2020.84 743.16 0.9454 1921.71 611.64 0.9262 1966.11 710.14 0.9954 1919.33 693.12 0.9956 1930.15 795.63 0.9895 1852.75 780.88 0.9876 1915.64 881.93 0.9711 1819.23 866.74 0.9676
66 1751.91 517.05 2047.50 955.26 0.8730 1933.15 577.97 0.9352 1946.09 569.01 0.9277 1928.40 566.15 0.8262 1976.48 560.64 0.8167 1930.31 555.20 0.4002 2007.33 602.09 0.9766 1918.71 585.18 0.9239 2040.62 658.48 0.9081 1887.40 619.54 0.6999 2019.36 673.55 0.8250 1887.13 629.74 0.6084 1946.54 743.57 0.9735 1885.68 727.09 0.9544 1926.47 835.91 0.9550 1833.09 812.91 0.9279 1907.31 920.24 0.9153 1798.92 896.13 0.8878
67 1657.12 523.79 2036.95 1024.21 0.8911 1919.58 596.38 0.9727 1936.12 589.57 0.9493 1913.69 582.19 0.9030 1964.49 589.92 0.8656 1906.36 572.13 0.6259 1985.23 652.19 0.9953 1878.23 599.31 0.9909 2011.53 731.21 0.9804 1791.81 569.70 0.9560 1989.78 817.21 0.9567 1706.59 549.23 0.9237 1900.46 786.84 0.9945 1837.71 755.42 0.9923 1866.83 902.28 0.9787 1809.83 855.01 0.9721 1816.72 987.78 0.9091 1791.02 933.84 0.8980
68 1711.48 468.92 2010.61 1066.88 0.9088 1890.69 623.17 0.9611 1911.25 615.40 0.9368 1886.21 608.73 0.8646 1946.38 621.50 0.8586 1879.84 602.29 0.5459 1958.77 695.25 0.9939 1857.84 620.24 0.9847 1960.06 773.66 0.9782 1842.85 543.03 0.9455 1923.83 839.46 0.9582 1931.83 478.84 0.9183 1865.53 842.24 0.9938 1795.78 806.53 0.9903 1817.31 956.19 0.9682 1755.90 924.24 0.9560 1797.26 1020.99 0.8561 1754.00 989.45 0.8316
69 1599.01 576.11 1950.10 1136.36 0.8885 1806.01 686.98 0.9626 1824.43 676.42 0.9689 1800.39 671.31 0.7522 1867.05 666.07 0.9400 1802.83 654.75 0.2231 1899.12 725.07 0.9974 1790.39 677.49 0.9522 1907.29 837.32 0.9941 1770.90 653.50 0.7799 1869.41 922.33 0.9835 1776.66 606.67 0.7425 1822.22 902.32 0.9968 1745.79 875.34 0.9855 1808.95 1012.11 0.9891 1687.21 976.64 0.9562 1788.84 1101.96 0.9545 1654.63 1055.18 0.8966
70 1599.04 528.23 1897.73 1278.85 0.8993 1758.79 748.98 0.9722 1776.77 736.64 0.9481 1747.27 732.72 0.8969 1817.00 722.70 0.8543 1742.23 712.24 0.5838 1845.16 788.68 0.9949 1723.21 718.20 0.9882 1838.56 871.77 0.9792 1713.92 638.73 0.9512 1806.54 927.81 0.9605 1806.04 571.44 0.9172 1745.22 953.08 0.9957 1667.33 916.41 0.9935 1702.93 1091.33 0.9862 1651.79 1031.81 0.9814 1646.26 1190.33 0.9453 1634.61 1110.65 0.9376
71 1518.22 535.35 1862.93 1306.77 0.9094 1702.59 812.08 0.9743 1725.94 798.52 0.9638 1693.09 792.74 0.8615 1776.98 785.46 0.9171 1692.07 769.40 0.4266 1808.57 869.36 0.9972 1681.29 773.95 0.9876 1818.42 998.94 0.9897 1626.26 678.72 0.9434 1773.65 1094.22 0.9739 1604.83 594.99 0.9057 1696.10 1057.40 0.9970 1615.15 1007.67 0.9939 1639.04 1173.93 0.9859 1564.75 1113.09 0.9748 1597.66 1222.60 0.9350 1555.26 1153.94 0.9121
72 1348.56 781.83 1941.43 1427.49 0.9150 1589.50 886.99 0.9764 1613.01 870.45 0.9591 1579.69 869.62 0.8767 1657.74 859.81 0.8669 1573.05 853.77 0.4606 1689.77 920.00 0.9965 1549.71 896.54 0.9874 1804.73 978.18 0.9914 1480.74 892.68 0.9520 1861.54 993.43 0.9817 1407.59 864.46 0.9293 1606.85 1141.96 0.9973 1510.19 1130.67 0.9945 1601.58 1251.68 0.9872 1447.97 1269.63 0.9779 1610.64 1299.98 0.9312 1428.78 1341.60 0.9056
73 1358.93 847.88 1999.41 1490.90 0.8911 1425.83 981.88 0.9641 1447.42 960.90 0.9604 1411.33 957.96 0.7883 1501.45 940.56 0.8904 1408.79 935.85 0.2320 1563.39 995.35 0.9952 1418.92 984.75 0.8957 1730.83 1028.98 0.9859 1423.79 1058.33 0.6203 1914.62 1055.41 0.9640 1410.05 1160.64 0.6028 1501.03 1226.35 0.9773 1411.51 1209.90 0.9096 1489.92 1377.20 0.8809 1415.91 1322.24 0.6533 1462.53 1448.87 0.5457 1414.33 1366.36 0.3316
74 1185.48 995.43 1680.02 1497.81 0.9243 1339.89 1157.29 0.9742 1367.19 1136.12 0.9642 1324.48 1132.77 0.8811 1427.77 1112.22 0.8755 1318.40 1099.38 0.4212 1474.15 1196.38 0.9885 1321.86 1121.37 0.9642 1586.05 1330.44 0.9619 1284.31 1122.17 0.8599 1626.96 1420.72 0.9465 1258.60 1191.89 0.8459 1376.23 1419.51 0.9225 1283.66 1378.58 0.8705 1289.58 1472.06 0.5922 1219.06 1434.53 0.4810 1250.69 1496.40 0.2342 1219.97 1463.55 0.1910
75 980.13 1129.60 1352.60 1500.00 0.8498 1143.64 1293.47 0.9524 1178.24 1276.76 0.9378 1137.38 1261.31 0.8854 1248.57 1259.01 0.7789 1130.63 1224.07 0.4360 1289.92 1333.29 0.9177 1100.86 1272.23 0.9310 1256.23 1500.00 0.6739 1030.03 1403.57 0.7508 1155.31 1500.00 0.6283 1013.98 1500.00 0.6622 1216.40 1500.00 0.3046 1097.40 1470.96 0.3471 1146.30 1500.00 0.0514 1041.50 1458.25 0.0594 1073.20 1479.98 0.0181 1078.34 1419.75 0.0202
76 771.10 1253.14 1147.38 1493.12 0.7699 862.21 1417.79 0.6193 890.23 1397.41 0.8472 862.33 1394.39 0.2709 980.54 1402.50 0.7906 880.62 1393.27 0.0296 1059.96 1456.87 0.4467 869.45 1426.23 0.4181 1043.86 1500.00 0.4252 789.42 1441.13 0.2946 947.85 1469.99 0.4741 823.97 1451.15 0.3850 1036.94 1500.00 0.1067 906.48 1480.21 0.1191 999.59 1500.00 0.0334 819.36 1473.69 0.0280 962.83 1485.59 0.0410 850.07 1441.76 0.0355
77 528.33 1306.14 1132.33 1500.00 0.5411 721.21 1484.20 0.2253 712.81 1477.44 0.1851 714.55 1480.70 0.1387 721.11 1470.78 0.2607 721.67 1479.84 0.1699 777.08 1467.13 0.5249 786.15 1464.07 0.4623 925.09 1388.27 0.5087 935.70 1376.18 0.4747 1032.31 1369.65 0.5679 1024.00 1363.90 0.5349 891.04 1440.44 0.2775 901.33 1444.24 0.2638 930.38 1443.22 0.0922 954.43 1431.33 0.0885 988.25 1415.06 0.0442 1009.08 1386.53 0.0430
78 481.16 1269.17 900.41 1498.53 0.6174 552.58 1410.42 0.1558 544.89 1406.02 0.2224 578.41 1390.11 0.0812 538.49 1422.58 0.7957 673.22 1382.92 0.4369 559.28 1500.00 0.5829 788.43 1436.37 0.6756 546.00 1500.00 0.1197 861.20 1459.24 0.2212 581.14 1445.16 0.0711 780.10 1444.61 0.1320 733.02 1500.00 0.0500 897.26 1484.78 0.0780 700.61 1497.82 0.0312 848.97 1400.65 0.0490 752.08 1500.00 0.0271 916.83 1392.08 0.0399
79 421.85 1068.78 817.76 1488.10 0.9100 534.84 1186.32 0.1577 532.18 1175.03 0.1034 549.03 1161.90 0.0874 496.03 1205.11 0.7421 627.51 1168.66 0.7475 486.04 1368.21 0.8332 717.05 1268.83 0.9256 458.03 1500.00 0.2424 801.65 1333.54 0.5764 533.05 1389.92 0.1251 716.38 1371.34 0.3113 579.93 1500.00 0.1033 756.94 1500.00 0.1878 509.02 1458.83 0.0283 729.65 1350.01 0.0536 627.85 1479.12 0.0152 888.78 1351.70 0.0245
80 317.05 941.66 687.88 1495.09 0.8945 456.82 1040.15 0.1304 451.80 1033.34 0.0402 464.62 1022.61 0.0662 397.28 1068.19 0.4729 501.81 1038.40 0.6842 380.93 1200.27 0.9257 560.82 1109.57 0.9575 418.79 1361.26 0.7128 622.00 1105.53 0.8810 478.66 1470.00 0.4644 550.51 1077.71 0.7223 479.85 1408.45 0.6852 607.81 1376.22 0.7775 507.28 1493.16 0.1527 636.76 1445.39 0.2336 563.95 1500.00 0.0304 712.76 1454.76 0.0430
81 203.36 836.12 611.03 1494.55 0.9134 357.37 918.37 0.1146 354.52 908.10 0.0368 366.10 902.02 0.0485 320.01 932.49 0.4979 411.69 915.96 0.5876 300.38 1026.94 0.9523 468.75 1001.03 0.9698 252.61 1080.37 0.8820 555.44 1099.47 0.9395 233.73 970.91 0.7599 583.34 1236.25 0.8558 418.74 1246.87 0.9641 515.15 1239.63 0.9746 471.58 1415.54 0.7522 506.79 1395.45 0.8233 551.94 1470.67 0.2993 524.41 1464.62 0.3681
82 181.85 734.88 525.30 1364.77 0.9071 263.52 823.55 0.3053 265.75 813.62 0.2517 274.98 806.12 0.0625 267.37 832.57 0.8534 336.93 809.64 0.3289 266.91 930.67 0.9928 415.57 870.35 0.9605 227.20 1050.00 0.9757 490.83 946.36 0.8407 210.97 1023.95 0.9203 484.14 985.65 0.7552 359.24 1093.81 0.9938 450.77 1068.22 0.9881 383.31 1209.72 0.9849 457.60 1161.79 0.9753 438.36 1324.94 0.9337 501.32 1276.34 0.9180
83 150.48 631.31 514.35 1279.55 0.9166 207.68 742.59 0.4734 216.09 739.19 0.1913 221.57 731.23 0.2275 210.25 766.42 0.5875 257.16 742.38 0.5114 198.71 858.61 0.9763 312.75 791.22 0.9874 213.47 972.26 0.9177 337.82 741.66 0.9775 256.72 1025.87 0.8582 303.61 650.46 0.9503 297.33 1010.15 0.9907 370.51 994.59 0.9947 328.16 1073.61 0.9783 422.52 1090.75 0.9895 344.61 1163.81 0.9133 479.24 1234.54 0.9466
84 76.82 619.37 409.24 1185.31 0.9042 165.75 690.11 0.3438 169.21 680.27 0.2039 177.74 675.21 0.1154 161.22 688.94 0.7953 223.56 678.71 0.4623 144.68 752.48 0.9894 280.85 742.73 0.9750 77.52 777.21 0.9654 342.86 811.45 0.9212 95.05 724.72 0.9109 376.69 903.72 0.8491 242.34 926.87 0.9940 320.57 921.50 0.9923 305.01 1050.94 0.9813 339.34 1022.19 0.9788 353.30 1140.35 0.9204 368.26 1117.94 0.9196
85 82.66 571.31 373.62 1069.15 0.9062 159.42 627.95 0.2375 158.71 623.70 0.1348 167.59 616.50 0.0836 152.33 640.22 0.6129 209.20 623.22 0.3962 149.79 707.42 0.9713 260.28 671.36 0.9700 98.71 770.58 0.9279 333.39 730.80 0.9321 105.94 709.84 0.8615 355.12 793.85 0.8677 236.23 851.00 0.9924 302.79 837.64 0.9931 251.50 949.26 0.9805 302.36 918.19 0.9834 294.05 1037.32 0.9324 330.99 1014.40 0.9416
86 85.45 513.97 372.98 1045.08 0.9190 122.94 594.48 0.3597 124.53 590.86 0.1964 129.98 582.36 0.1183 126.20 609.92 0.5707 167.62 584.76 0.3721 124.42 685.24 0.9768 213.09 618.84 0.9786 147.53 765.33 0.9504 248.35 590.19 0.9598 177.74 822.45 0.8932 199.30 547.36 0.9258 212.06 801.78 0.9948 272.89 784.11 0.9955 256.35 893.89 0.9853 308.25 887.66 0.9888 292.98 988.58 0.9399 347.36 1004.20 0.9524
87 11.36 496.78 304.60 970.94 0.8766 89.13 553.76 0.3774 90.38 545.86 0.2257 95.95 541.60 0.1206 95.52 559.24 0.6860 140.50 547.07 0.4014 89.92 623.41 0.9833 186.75 596.90 0.9758 37.64 670.77 0.9625 245.06 638.76 0.9396 15.58 655.65 0.9178 265.93 679.95 0.8958 161.29 755.79 0.9927 218.62 747.62 0.9916 212.16 841.93 0.9787 253.68 818.60 0.9782 236.01 934.97 0.9183 267.65 913.19 0.9227
88 0.00 360.21 288.20 894.49 0.9273 91.47 504.19 0.3691 88.67 499.32 0.1641 94.69 498.38 0.1619 86.71 511.70 0.3842 124.03 507.30 0.3955 82.38 552.04 0.9343 157.92 528.21 0.9683 47.17 532.71 0.8892 210.18 463.52 0.9511 29.19 467.04 0.8295 235.28 423.51 0.9030 153.72 671.38 0.9822 198.68 668.00 0.9873 170.34 762.95 0.9621 223.64 749.99 0.9736 212.16 851.88 0.8876 261.48 837.52 0.9159
89 0.00 378.06 290.11 868.61 0.9189 91.27 487.44 0.1467 84.04 481.44 0.0474 89.51 481.82 0.0802 58.09 491.45 0.1611 94.14 493.10 0.3411 47.48 517.06 0.8436 117.63 518.10 0.9182 38.60 452.10 0.7872 132.89 448.40 0.8962 41.30 395.69 0.6970 83.52 408.75 0.8283 131.93 641.21 0.9787 178.70 647.10 0.9845 164.40 731.31 0.9698 218.96 727.10 0.9789 185.88 820.60 0.9324 250.48 811.62 0.9487
90 0.00 313.70 216.61 822.67 0.9059 73.31 458.21 0.2097 67.31 453.02 0.0441 73.33 451.85 0.1838 36.28 468.30 0.1258 76.72 463.71 0.6304 27.11 504.04 0.8259 99.90 490.62 0.9652 57.96 463.50 0.6727 151.75 437.77 0.9614 86.07 360.37 0.6064 125.24 370.36 0.9182 94.63 626.64 0.9669 138.82 625.31 0.9869 145.27 704.92 0.9436 168.69 698.42 0.9793 172.29 784.24 0.8843 195.93 789.62 0.9393
91 0.86 396.10 201.07 783.56 0.8808 27.87 445.69 0.1726 26.37 438.19 0.1344 31.48 435.95 0.0617 27.04 443.58 0.7133 68.07 434.60 0.4488 23.42 487.12 0.9828 102.70 472.08 0.9769 15.27 546.55 0.9327 138.83 525.35 0.8694 22.10 581.72 0.7961 135.04 563.87 0.6986 80.35 595.65 0.9922 132.57 590.22 0.9913 99.73 671.08 0.9808 145.24 664.72 0.9765 144.69 747.23 0.9550 188.52 735.42 0.9481
92 0.75 379.22 212.14 763.04 0.8983 22.12 417.66 0.1247 16.76 410.94 0.0395 21.33 409.16 0.0926 5.24 419.00 0.2986 34.81 410.12 0.7218 0.00 464.99 0.9715 62.60 446.70 0.9895 0.00 523.61 0.8750 119.02 492.59 0.9719 33.96 575.15 0.7423 162.18 542.86 0.9029 54.51 575.60 0.9936 98.82 570.00 0.9966 80.39 650.39 0.9785 130.96 642.55 0.9884 123.06 726.35 0.9436 182.63 715.23 0.9634
93 0.00 367.43 137.17 730.45 0.8074 8.19 405.46 0.0774 5.84 398.16 0.0271 6.96 397.87 0.0620 0.68 401.16 0.0821 15.28 399.25 0.3149 8.31 440.89 0.6782 31.65 435.64 0.8134 43.48 495.25 0.4244 77.56 487.80 0.7670 73.06 544.84 0.3433 101.67 538.38 0.6224 31.40 559.02 0.8960 48.25 557.90 0.9330 56.56 628.52 0.8188 74.32 625.50 0.8910 95.95 690.18 0.7232 111.35 684.94 0.8020
94 0.00 356.06 116.54 703.48 0.8218 33.84 398.54 0.3362 30.80 390.04 0.1501 30.13 390.29 0.2974 5.99 389.87 0.1803 26.67 391.33 0.5445 3.85 429.54 0.7639 33.09 432.99 0.8639 23.37 484.47 0.2988 49.00 487.69 0.5733 12.71 498.85 0.2273 24.40 499.28 0.4072 20.82 533.89 0.7335 43.12 536.90 0.8041 52.17 590.69 0.6185 71.31 592.20 0.7161 65.06 664.85 0.5753 83.05 667.47 0.6544
95 0.00 322.61 124.79 691.63 0.7605 43.47 383.29 0.4241 39.87 373.59 0.1607 37.57 375.40 0.4473 21.35 374.39 0.0783 16.37 378.19 0.5332 20.36 405.36 0.5699 12.23 417.79 0.6956 44.86 387.19 0.1959 29.97 417.26 0.4252 58.06 343.75 0.2275 47.46 367.93 0.3956 41.76 505.64 0.6678 37.01 514.55 0.7410 64.06 574.00 0.7133 65.55 582.53 0.7896 82.20 648.99 0.7226 82.10 661.72 0.7773
96 0.00 327.78 164.45 659.02 0.8458 45.80 369.99 0.6122 42.32 362.47 0.3485 38.68 364.29 0.4871 35.57 363.36 0.2155 17.88 366.54 0.4820 42.77 387.22 0.9553 10.81 401.70 0.9200 108.49 380.50 0.8809 49.32 424.20 0.7339 126.31 362.00 0.8512 84.10 403.31 0.7140 58.90 492.03 0.9798 36.39 502.86 0.9721 95.41 544.73 0.9620 77.43 557.89 0.9499 122.47 606.87 0.9268 99.95 625.82 0.9110
97 67.22 328.04 236.65 643.16 0.7989 128.58 358.36 0.8575 126.67 351.38 0.4698 121.98 353.32 0.8873 120.19 354.62 0.1318 103.45 358.84 0.9083 121.28 385.55 0.9764 87.68 398.81 0.9969 148.54 420.23 0.8394 83.24 455.05 0.9922 179.20 461.01 0.8106 84.85 505.32 0.9781 141.01 477.80 0.9918 117.06 487.64 0.9974 182.61 542.10 0.9678 139.71 552.61 0.9896 191.12 594.63 0.9281 123.24 610.79 0.9686
98 129.90 317.14 328.58 627.58 0.8448 200.61 346.64 0.8456 196.84 340.01 0.4938 194.08 341.68 0.8259 188.06 345.79 0.2085 177.13 347.52 0.8341 187.72 380.36 0.9785 169.70 386.43 0.9908 226.98 408.04 0.8690 177.74 430.04 0.9644 269.18 413.93 0.8379 207.97 441.58 0.9334 205.91 470.03 0.9894 192.32 476.18 0.9935 247.06 524.26 0.9764 215.35 531.09 0.9858 273.10 583.43 0.9534 222.33 594.68 0.9672
99 224.96 304.64 367.26 596.30 0.7341 273.77 335.98 0.7300 270.82 329.32 0.3387 267.42 330.59 0.7614 257.22 332.37 0.1620 255.04 334.95 0.8619 255.86 364.12 0.9330 256.26 369.52 0.9830 286.05 403.38 0.6356 283.56 414.94 0.9537 330.20 431.49 0.5905 327.67 432.56 0.9011 280.06 447.56 0.9515 281.79 453.41 0.9778 315.57 495.69 0.8924 324.00 500.50 0.9536 312.25 558.82 0.8518 326.42 565.82 0.9198
100 270.75 285.33 456.71 581.17 0.7565 364.10 324.69 0.6331 358.27 319.23 0.2715 358.52 319.76 0.5974 337.30 324.81 0.2529 346.46 324.37 0.8082 339.16 355.72 0.9790 347.84 354.41 0.9931 357.42 378.45 0.8920 361.79 378.10 0.9788 368.48 360.61 0.8508 358.95 375.81 0.9492 358.44 435.01 0.9934 368.96 435.40 0.9964 379.18 495.02 0.9824 408.08 494.20 0.9904 355.43 547.87 0.9599 402.14 548.76 0.9745
101 384.95 280.16 514.09 568.38 0.6757 433.02 317.87 0.8033 432.50 311.48 0.4299 427.62 312.17 0.8424 423.02 312.81 0.1694 415.64 313.69 0.8897 417.80 341.07 0.9422 410.57 344.47 0.9897 439.28 378.89 0.6145 430.06 387.12 0.9691 478.03 413.49 0.5864 467.78 414.05 0.9283 429.82 419.55 0.9687 425.59 423.60 0.9883 446.21 478.32 0.9392 439.23 481.53 0.9780 449.18 535.12 0.9194 437.23 540.87 0.9620
102 455.89 275.28 573.22 552.63 0.7913 502.34 312.61 0.5811 498.14 306.99 0.2269 496.72 308.02 0.5887 482.16 311.29 0.1689 487.67 311.93 0.7949 487.13 336.98 0.9465 492.05 336.59 0.9850 524.00 326.40 0.7349 531.37 325.33 0.9632 552.84 297.67 0.7032 554.85 294.29 0.9248 502.58 412.67 0.9792 506.28 414.10 0.9899 522.05 469.07 0.9526 527.10 469.59 0.9780 510.46 519.31 0.9033 518.53 521.54 0.9444
103 516.07 249.14 646.92 538.10 0.6481 560.21 292.18 0.2859 556.68 286.20 0.0811 555.37 285.82 0.3021 538.58 288.96 0.1451 548.48 287.23 0.7423 542.60 315.11 0.9155 554.77 311.43 0.9784 574.95 326.71 0.6301 586.75 322.21 0.9536 604.74 309.27 0.5559 613.85 314.70 0.8861 555.54 396.39 0.9783 568.63 395.50 0.9901 560.75 460.98 0.9527 598.78 458.16 0.9790 539.19 512.94 0.9117 597.60 509.61 0.9508
104 581.07 211.03 663.04 521.56 0.4444 609.51 287.81 0.2115 605.35 282.98 0.0792 606.21 283.35 0.1846 590.98 291.39 0.1473 609.59 289.69 0.5309 592.79 316.03 0.8743 618.35 310.80 0.9329 599.79 288.66 0.6296 639.31 282.18 0.8705 622.49 233.74 0.5449 635.36 230.17 0.7807 607.07 383.73 0.9682 623.91 381.52 0.9791 621.61 442.18 0.9532 628.12 439.00 0.9706 614.16 495.33 0.9178 616.34 491.80 0.9412
105 623.08 259.66 718.10 503.12 0.3676 665.41 283.76 0.4427 662.37 278.76 0.1464 662.37 278.74 0.5085 640.44 282.00 0.1730 654.38 281.75 0.8348 633.66 310.25 0.9153 656.97 309.42 0.9826 646.36 340.83 0.4722 681.54 334.37 0.9367 664.35 341.00 0.3909 696.59 332.45 0.8354 647.69 376.66 0.9629 664.78 377.77 0.9847 661.22 432.06 0.9326 682.31 431.56 0.9726 658.22 482.33 0.9073 679.19 482.57 0.9514
109 803.98 260.77 942.99 499.99 0.5125 860.52 287.66 0.9427 864.50 282.29 0.8843 854.76 282.87 0.9129 871.14 282.83 0.6491 845.35 283.99 0.7832 879.88 306.60 0.9905 836.25 310.95 0.9949 903.77 327.55 0.9389 819.93 342.71 0.9680 921.90 345.58 0.9091 813.69 371.07 0.9391 875.32 371.88 0.9897 850.29 374.21 0.9926 880.22 423.90 0.9662 863.92 425.69 0.9732 872.39 466.77 0.9203 864.93 469.46 0.9331
110 863.61 267.89 965.46 521.91 0.5076 901.37 292.82 0.8784 906.27 288.04 0.7897 897.84 287.84 0.7973 914.19 290.85 0.5779 890.60 290.41 0.5924 919.00 313.51 0.9771 883.89 314.95 0.9825 919.24 327.92 0.8995 876.51 332.04 0.9172 900.95 304.25 0.8645 893.79 309.27 0.8789 918.55 386.36 0.9834 893.07 387.62 0.9854 929.97 442.72 0.9700 889.11 443.24 0.9711 944.44 495.74 0.9474 889.02 495.28 0.9485
111 913.58 267.78 984.57 537.42 0.4618 953.11 297.28 0.7609 957.28 290.65 0.6211 947.75 291.20 0.6938 964.07 293.00 0.4114 939.53 293.54 0.5654 967.60 319.94 0.9345 936.71 319.37 0.9618 972.85 320.12 0.7264 925.72 317.09 0.8488 968.46 297.84 0.7105 940.65 287.52 0.8068 963.86 393.09 0.9636 944.75 393.40 0.9736 961.86 452.32 0.9498 949.97 452.27 0.9606 956.47 507.11 0.9296 947.00 506.90 0.9410
112 949.82 290.84 1029.03 559.41 0.4366 996.18 318.61 0.8249 999.55 313.17 0.7019 991.33 313.75 0.7715 1004.71 313.57 0.4739 981.66 314.08 0.6461 1011.12 337.83 0.9624 972.08 336.63 0.9773 1021.05 367.06 0.8004 955.38 356.53 0.8892 1014.81 380.15 0.7404 962.72 349.76 0.8270 1006.57 408.04 0.9733 982.61 408.67 0.9802 1005.98 466.00 0.9455 988.07 467.19 0.9559 1002.11 520.25 0.9107 989.17 522.05 0.9229
113 992.81 269.84 1114.26 580.56 0.5575 1050.97 324.79 0.8785 1052.95 319.46 0.6676 1046.41 319.31 0.8650 1053.65 324.97 0.3095 1033.00 323.24 0.7954 1051.65 351.07 0.9695 1021.68 348.49 0.9898 1060.60 338.22 0.8362 1004.95 331.83 0.9673 1061.44 293.79 0.8183 1021.92 274.03 0.9443 1047.56 432.50 0.9881 1025.51 432.97 0.9935 1058.41 493.51 0.9794 1021.63 494.21 0.9882 1072.16 547.73 0.9630 1014.31 549.97 0.9752
114 1035.93 304.19 1149.69 589.22 0.4792 1086.71 336.51 0.9099 1090.44 330.70 0.7850 1080.94 331.11 0.8834 1095.92 331.58 0.4399 1070.39 332.17 0.7680 1102.31 358.47 0.9795 1056.79 362.72 0.9925 1118.49 389.40 0.8928 1045.02 405.96 0.9715 1134.84 419.46 0.8687 1052.52 446.38 0.9472 1096.42 438.85 0.9874 1068.69 441.21 0.9926 1094.51 501.37 0.9687 1072.31 503.43 0.9802 1082.55 555.61 0.9380 1062.94 559.00 0.9564
115 1004.72 309.34 1192.60 616.12 0.8020 1088.05 351.11 0.9072 1091.60 344.79 0.8488 1082.16 346.80 0.8453 1099.58 345.02 0.6310 1072.94 350.35 0.6326 1110.86 364.74 0.9903 1063.05 379.68 0.9933 1147.13 359.91 0.9690 1036.75 402.06 0.9728 1167.80 336.73 0.9591 1023.19 406.89 0.9585 1108.20 448.47 0.9951 1081.02 455.14 0.9960 1093.78 514.80 0.9834 1083.44 521.84 0.9838 1084.91 575.25 0.9532 1084.05 585.51 0.9541
116 991.74 328.51 1181.22 630.57 0.6609 1077.66 362.37 0.9127 1081.64 356.12 0.8542 1072.05 357.77 0.8652 1090.84 355.63 0.6049 1063.78 360.29 0.6529 1106.81 376.13 0.9907 1053.20 390.82 0.9946 1153.93 380.39 0.9708 1032.06 422.45 0.9811 1185.75 363.77 0.9598 1012.04 432.67 0.9678 1111.29 464.88 0.9958 1077.39 472.09 0.9969 1129.53 532.29 0.9826 1081.92 539.22 0.9852 1147.46 591.60 0.9517 1083.14 600.80 0.9572
117 995.07 352.68 1160.77 679.01 0.7603 1074.43 392.83 0.8717 1080.37 385.74 0.8612 1069.88 386.43 0.7123 1094.45 383.48 0.7568 1065.08 385.78 0.3549 1115.48 407.07 0.9872 1060.91 412.66 0.9807 1149.10 412.91 0.9633 1035.41 427.67 0.8966 1138.02 386.96 0.9449 1014.69 419.06 0.8739 1110.31 503.33 0.9931 1076.83 504.92 0.9913 1111.27 573.89 0.9835 1080.46 575.01 0.9751 1123.87 640.85 0.9608 1095.40 640.96 0.9465
118 955.85 366.89 1131.55 683.54 0.7955 1019.92 413.20 0.8610 1024.80 406.48 0.8940 1018.69 407.58 0.5246 1045.84 402.51 0.8864 1027.33 406.73 0.1427 1073.15 425.95 0.9892 1044.93 433.81 0.9519 1100.68 455.38 0.9778 1059.68 475.76 0.7106 1090.66 463.77 0.9577 1047.57 498.72 0.7054 1078.71 517.44 0.9925 1056.52 518.15 0.9829 1082.23 585.35 0.9900 1019.16 584.72 0.9728 1111.59 649.62 0.9824 1008.27 645.82 0.9630
119 919.09 360.98 1042.10 695.68 0.8152 937.96 398.68 0.8798 943.92 390.41 0.8996 935.50 391.65 0.5835 963.43 389.79 0.8719 939.97 393.67 0.1996 987.01 427.09 0.9915 948.97 433.04 0.9676 1015.25 475.22 0.9761 955.79 488.65 0.7189 1010.94 521.29 0.9521 936.75 531.73 0.6921 984.70 531.03 0.9917 960.87 531.91 0.9825 977.97 600.69 0.9842 951.47 601.37 0.9601 1003.38 666.22 0.9677 971.98 665.07 0.9367
120 822.09 366.39 979.66 731.48 0.8320 865.99 400.92 0.9047 874.21 392.81 0.9271 862.32 393.40 0.6322 893.64 399.15 0.9177 866.83 401.89 0.2225 908.82 448.38 0.9911 877.78 447.59 0.9654 922.43 507.29 0.9769 863.13 491.97 0.7169 915.90 566.97 0.9576 843.69 530.55 0.7162 901.97 547.55 0.9908 888.25 546.12 0.9804 876.33 615.86 0.9872 902.98 614.46 0.9655 874.81 687.04 0.9796 929.24 682.90 0.9572
121 726.00 371.90 870.86 736.34 0.8425 782.20 411.55 0.9029 790.45 404.03 0.9309 781.43 403.60 0.6009 814.19 409.47 0.9178 787.70 409.76 0.1640 834.07 455.81 0.9935 794.41 455.72 0.9663 845.02 514.06 0.9866 793.59 513.08 0.7340 832.99 567.80 0.9732 784.90 564.01 0.7351 825.31 564.38 0.9939 796.48 562.07 0.9847 831.23 633.85 0.9893 777.41 631.50 0.9668 850.73 702.02 0.9776 770.79 696.51 0.9488
122 631.84 385.86 871.33 757.68 0.8912 725.74 426.32 0.0872 721.76 418.58 0.0483 727.34 417.08 0.0532 710.04 422.48 0.6815 743.99 418.60 0.7251 692.35 465.18 0.9921 768.02 457.65 0.9966 665.07 526.82 0.9703 812.06 508.17 0.9877 650.59 585.81 0.8967 843.42 554.57 0.9383 719.59 574.17 0.9976 768.36 572.01 0.9985 728.26 655.77 0.9828 789.99 653.75 0.9875 734.40 725.86 0.9376 799.52 723.06 0.9502
123 538.43 378.52 847.43 753.52 0.8722 715.58 412.68 0.2725 710.86 407.74 0.1424 716.23 406.66 0.0951 693.04 416.58 0.5010 729.59 414.92 0.3313 679.96 453.66 0.9795 757.62 440.21 0.9574 623.30 452.25 0.9743 801.88 425.64 0.9328 581.01 424.00 0.9481 826.96 410.27 0.9047 724.81 569.11 0.9961 767.21 563.80 0.9944 729.28 655.51 0.9872 767.33 646.16 0.9831 737.64 715.27 0.9460 757.30 702.93 0.9365
124 649.85 301.98 818.51 782.05 0.8532 741.05 415.83 0.9070 745.38 408.89 0.7262 732.59 410.76 0.8472 750.81 411.10 0.4729 717.06 415.53 0.7324 760.30 438.38 0.9739 704.45 448.13 0.9887 788.28 392.10 0.9316 666.80 414.92 0.9766 784.17 327.47 0.9156 671.29 360.13 0.9639 772.08 564.55 0.9921 735.24 572.14 0.9948 774.06 645.54 0.9775 744.22 666.19 0.9856 761.64 721.13 0.9246 737.42 751.25 0.9425
125 673.68 389.62 818.29 799.74 0.8111 758.10 456.06 0.9270 764.22 446.05 0.7469 748.13 446.26 0.9329 771.89 448.10 0.2639 728.96 446.89 0.8790 767.36 481.39 0.9699 719.36 476.89 0.9961 775.34 471.55 0.7986 685.79 453.45 0.9886 763.53 450.38 0.8230 701.48 413.85 0.9790 771.12 591.05 0.9886 737.62 592.05 0.9964 786.35 672.34 0.9688 752.85 673.25 0.9891 784.13 746.13 0.9314 745.65 748.73 0.9678
126 704.74 373.90 890.58 819.58 0.7962 785.73 483.08 0.9455 791.49 474.63 0.8380 776.56 477.02 0.8973 799.27 471.76 0.5559 759.18 476.75 0.7376 813.29 495.39 0.9814 741.65 501.92 0.9883 833.12 459.74 0.9409 720.31 455.37 0.9675 824.66 428.26 0.9099 732.61 398.44 0.9438 809.30 629.53 0.9908 757.67 634.28 0.9924 830.77 702.85 0.9768 756.93 708.40 0.9819 843.39 773.13 0.9384 756.89 775.30 0.9482
127 690.66 447.06 993.42 869.42 0.9222 874.63 504.59 0.9693 881.11 495.61 0.8547 865.61 495.54 0.9591 884.37 490.53 0.5219 840.89 490.04 0.9091 888.63 529.88 0.9873 813.56 537.27 0.9974 925.96 569.30 0.9253 758.25 592.82 0.9903 957.07 596.16 0.8898 726.75 651.13 0.9758 878.57 651.42 0.9951 835.85 657.66 0.9977 880.35 732.27 0.9886 853.10 745.20 0.9949 856.56 805.82 0.9678 853.15 828.23 0.9810
128 845.56 491.94 993.78 951.70 0.8724 938.78 541.62 0.9675 941.67 531.70 0.8626 927.53 533.06 0.9642 943.42 531.18 0.3982 902.05 533.92 0.9168 951.05 575.82 0.9916 881.25 584.66 0.9982 970.77 635.99 0.9296 864.22 660.57 0.9914 984.15 698.06 0.9093 859.30 736.81 0.9792 949.67 707.58 0.9944 908.37 713.70 0.9975 942.96 800.05 0.9777 927.04 806.84 0.9891 927.09 879.78 0.9265 929.85 890.86 0.9560
129 916.38 521.58 1152.15 998.08 0.8764 1039.96 576.92 0.9708 1042.73 564.47 0.8216 1026.92 567.12 0.9681 1037.57 563.99 0.3498 991.83 571.31 0.9272 1040.52 619.82 0.9725 960.41 632.98 0.9968 1042.17 691.69 0.8572 943.89 726.23 0.9901 1063.02 754.72 0.8324 967.68 801.28 0.9770 1036.68 763.38 0.9875 977.55 770.06 0.9954 1070.46 845.46 0.9724 972.06 843.25 0.9899 1081.66 942.77 0.9399 950.36 933.77 0.9684
130 1046.55 544.31 1265.38 1065.97 0.8998 1172.32 606.57 0.9573 1175.20 595.66 0.7647 1158.84 595.90 0.9664 1171.69 599.12 0.1951 1125.55 598.29 0.9397 1172.33 653.56 0.9864 1094.10 656.73 0.9980 1195.13 720.26 0.9050 1062.34 735.98 0.9947 1235.29 783.94 0.8953 1062.10 808.01 0.9869 1155.39 803.97 0.9951 1108.77 808.09 0.9982 1162.99 909.38 0.9805 1147.83 915.41 0.9928 1107.50 995.87 0.9322 1107.87 1007.09 0.9673
131 1137.21 600.05 1409.65 1144.78 0.8735 1328.10 672.28 0.9549 1327.92 659.78 0.6572 1315.15 662.61 0.9544 1313.33 655.65 0.2202 1268.55 663.74 0.9414 1306.74 710.86 0.9818 1233.99 734.06 0.9980 1335.35 779.54 0.8871 1197.63 837.20 0.9938 1375.36 843.49 0.8504 1202.34 924.31 0.9826 1290.92 869.49 0.9952 1249.29 881.31 0.9983 1274.00 968.45 0.9885 1262.93 989.09 0.9961 1219.49 1026.72 0.9686 1238.38 1048.04 0.9839
132 1231.95 642.73 1555.85 1180.79 0.9101 1506.77 726.57 0.9397 1505.48 711.30 0.5942 1495.59 713.55 0.9494 1476.55 702.46 0.1949 1448.35 711.17 0.9374 1455.37 756.42 0.9624 1396.27 776.64 0.9955 1426.49 849.74 0.8268 1392.12 901.39 0.9889 1465.92 924.52 0.7757 1480.78 969.80 0.9692 1420.99 928.23 0.9883 1369.30 936.24 0.9958 1465.33 1038.28 0.9676 1332.45 1038.57 0.9879 1461.23 1119.59 0.9249 1261.55 1107.74 0.9572
133 1463.64 694.26 1728.44 1284.48 0.8836 1687.42 802.87 0.9394 1697.65 789.42 0.6241 1679.05 789.04 0.9496 1681.76 764.34 0.2760 1641.65 765.66 0.9406 1629.09 801.66 0.9655 1574.89 814.50 0.9972 1588.25 887.27 0.8135 1497.28 916.38 0.9917 1615.87 950.02 0.8013 1586.31 969.88 0.9791 1557.50 974.77 0.9906 1529.97 990.41 0.9970 1575.22 1076.38 0.9822 1594.55 1128.73 0.9945 1503.01 1143.67 0.9576 1582.79 1229.63 0.9785
134 1614.50 826.53 2044.96 1402.46 0.7566 1893.26 955.67 0.9664 1905.42 941.42 0.7956 1879.48 935.95 0.9599 1903.47 919.20 0.3018 1833.06 907.83 0.9157 1872.93 947.54 0.9769 1727.45 941.46 0.9919 1916.47 1030.40 0.8993 1665.05 1056.10 0.9747 2003.70 1088.88 0.8879 1806.52 1068.88 0.9630 1748.54 1077.20 0.9706 1660.32 1086.20 0.9804 1879.36 1147.83 0.9328 1806.47 1158.74 0.9591 1813.61 1313.45 0.8159 1804.59 1321.42 0.8567
135 1645.58 654.63 2047.45 1408.90 0.7264 2048.00 776.56 0.0042 2048.00 766.91 0.0013 2048.00 767.74 0.0020 2048.00 767.17 0.0104 2048.00 772.55 0.0166 2046.59 806.82 0.0734 2033.59 805.84 0.2436 1892.58 811.41 0.2653 1875.46 808.57 0.6194 1705.54 917.76 0.3699 1719.03 909.79 0.6720 1906.00 1039.26 0.6711 1888.71 1032.76 0.7960 1978.21 1193.51 0.4665 1972.69 1208.92 0.6430 1875.64 1261.72 0.2486 1868.04 1306.68 0.3422
136 1801.26 587.32 2047.98 1414.39 0.8534 2011.22 728.33 0.5540 2029.76 707.85 0.4174 2003.17 706.65 0.4081 2048.00 705.30 0.3202 2006.92 695.15 0.3385 2041.24 799.14 0.5762 2010.69 765.95 0.8113 1971.35 924.77 0.3304 1975.51 838.28 0.6198 1924.67 1032.91 0.3022 1879.93 902.11 0.5306 1992.04 1070.13 0.6283 1971.59 1050.77 0.7379 1875.79 1193.18 0.4697 1867.07 1180.28 0.5854 1862.52 1332.97 0.3076 1881.25 1332.02 0.3792
137 1707.51 627.50 2048.00 1470.28 0.8453 1878.20 767.71 0.6778 1890.03 743.08 0.7780 1889.81 742.86 0.1322 1952.16 746.57 0.8624 1956.64 740.89 0.0370 2029.83 903.57 0.9669 1978.98 860.63 0.6760 2040.51 1134.59 0.9294 1922.97 1031.78 0.2800 1936.95 1253.54 0.8659 1827.12 1151.15 0.3200 1968.06 1248.30 0.8506 1945.09 1210.09 0.6292 1821.55 1125.79 0.8055 1802.32 1082.06 0.5581 1799.64 1355.41 0.6794 1797.47 1306.86 0.5075
138 1508.22 726.59 2017.83 1491.05 0.8971 1676.80 828.00 0.5796 1688.68 809.89 0.5608 1691.54 811.40 0.1036 1729.62 834.62 0.9104 1780.05 817.87 0.2614 1724.27 965.12 0.9930 1865.54 894.15 0.9584 1665.97 1091.09 0.9810 1991.90 954.05 0.8287 1580.51 1024.32 0.9447 1971.42 922.68 0.7665 1712.59 1223.49 0.9846 1785.96 1186.03 0.9698 1593.97 1319.95 0.9261 1637.77 1282.19 0.8728 1757.90 1444.95 0.6394 1747.34 1410.56 0.5609
139 1190.38 751.49 1579.09 1483.49 0.8898 1417.64 819.37 0.5745 1425.11 810.91 0.5663 1434.26 806.84 0.0830 1446.15 834.95 0.9064 1496.93 817.49 0.1268 1443.57 938.70 0.9980 1529.17 913.31 0.9687 1475.73 1092.61 0.9960 1489.59 1022.29 0.8430 1465.36 1191.77 0.9829 1393.69 1051.77 0.7778 1433.18 1142.09 0.9989 1509.63 1133.56 0.9956 1328.74 1197.15 0.9969 1478.54 1232.58 0.9890 1302.40 1305.14 0.9821 1502.62 1366.12 0.9601
140 1044.03 646.96 1382.39 1242.34 0.9079 1252.47 708.39 0.3578 1254.57 697.96 0.2781 1261.95 697.54 0.0639 1256.64 719.21 0.8284 1313.22 716.05 0.2459 1240.50 802.36 0.9954 1338.92 796.89 0.9728 1160.54 885.57 0.9922 1356.31 894.67 0.9060 1104.36 931.17 0.9743 1340.29 942.93 0.8541 1220.22 975.40 0.9986 1281.51 967.25 0.9966 1199.86 1085.73 0.9962 1248.03 1069.51 0.9913 1213.49 1194.86 0.9809 1239.25 1168.96 0.9690
141 985.97 583.29 1282.07 1191.59 0.8737 1178.29 637.57 0.3883 1181.49 627.53 0.2062 1186.97 627.42 0.1280 1167.34 645.41 0.6743 1220.54 643.54 0.4035 1133.21 716.96 0.9878 1231.14 716.44 0.9782 1056.14 780.26 0.9784 1251.03 818.22 0.9439 1026.86 758.50 0.9495 1263.44 880.18 0.8990 1122.48 887.35 0.9966 1177.25 883.38 0.9954 1109.17 1006.12 0.9917 1131.81 995.54 0.9888 1175.25 1115.04 0.9672 1152.02 1104.25 0.9611
142 1017.54 524.67 1184.61 1058.54 0.8454 1123.39 575.40 0.2012 1122.72 564.01 0.0769 1125.44 565.79 0.1466 1089.22 576.55 0.3373 1139.51 580.76 0.5670 1056.42 635.86 0.8937 1154.73 646.66 0.9463 1047.13 696.86 0.7164 1166.42 695.37 0.8719 1077.73 692.70 0.5864 1147.88 646.02 0.7524 1068.07 789.46 0.9786 1131.68 798.24 0.9845 1088.96 885.66 0.9736 1125.26 912.67 0.9821 1093.92 973.45 0.9473 1115.87 1017.36 0.9589
143 925.36 471.47 1132.63 924.93 0.8951 1065.05 521.40 0.1281 1061.59 512.62 0.0653 1067.40 512.62 0.0844 1037.79 517.47 0.6976 1079.59 520.82 0.7683 1003.90 573.29 0.9891 1093.04 584.06 0.9932 955.02 634.54 0.9239 1112.85 665.77 0.9489 949.92 681.90 0.7400 1128.80 732.50 0.7784 1005.93 717.47 0.9935 1061.57 722.34 0.9946 1013.14 799.31 0.9687 1064.09 804.33 0.9697 1021.30 877.65 0.9079 1058.93 884.84 0.9095
144 951.85 440.35 1123.61 860.41 0.8774 1058.48 481.77 0.1360 1054.81 473.56 0.0713 1060.17 473.46 0.0844 1030.88 478.53 0.6566 1070.74 481.11 0.6997 1004.13 528.83 0.9880 1082.65 537.48 0.9921 973.45 588.23 0.9327 1103.62 612.25 0.9505 972.13 636.35 0.7866 1116.97 675.83 0.8079 1007.15 659.47 0.9948 1057.52 663.35 0.9956 1006.83 741.02 0.9795 1056.19 744.83 0.9796 1009.97 818.22 0.9420 1053.54 824.04 0.9418
145 953.12 412.58 1081.73 822.16 0.8564 991.58 450.67 0.1346 992.87 442.00 0.1288 993.26 441.45 0.0451 992.48 449.95 0.7879 1027.46 446.46 0.3942 981.34 500.50 0.9846 1049.27 490.87 0.9747 975.45 570.63 0.9440 1075.16 537.07 0.8378 967.83 617.26 0.8154 1052.57 555.39 0.6328 996.41 616.31 0.9935 1042.53 613.45 0.9914 991.81 693.93 0.9842 1042.70 693.30 0.9751 996.14 772.98 0.9615 1050.68 770.20 0.9460
146 872.12 376.19 1028.18 743.11 0.8746 961.36 410.70 0.1559 960.37 403.40 0.1139 964.44 403.00 0.0707 953.48 409.87 0.6389 989.42 410.28 0.4656 940.25 452.77 0.9834 1005.05 458.39 0.9830 908.80 496.36 0.9438 1014.43 524.63 0.9209 893.39 523.67 0.8381 1017.23 573.82 0.7959 951.88 560.56 0.9929 991.20 562.02 0.9931 965.67 635.96 0.9762 987.01 637.42 0.9742 976.08 703.79 0.9361 981.00 705.28 0.9333
147 819.77 358.42 1042.66 693.17 0.8423 895.41 395.02 0.3526 898.90 387.22 0.4431 900.17 386.41 0.0960 915.54 390.47 0.9524 932.22 387.69 0.3564 906.40 433.03 0.9963 966.54 423.06 0.9906 881.40 492.59 0.9875 1011.70 457.86 0.8971 847.40 538.73 0.9512 1019.37 478.45 0.7653 918.32 529.13 0.9960 952.65 524.56 0.9932 916.99 598.52 0.9822 949.61 596.08 0.9610 937.33 663.83 0.9441 957.20 657.52 0.9016
148 817.26 344.42 963.05 668.22 0.7411 839.70 385.08 0.8544 846.60 377.67 0.8766 836.61 378.59 0.4979 866.66 379.51 0.8899 844.13 382.79 0.1851 882.03 409.85 0.9868 866.21 413.64 0.9404 889.61 429.38 0.9687 873.46 434.85 0.6142 867.13 384.99 0.9442 863.64 391.83 0.6289 890.67 507.37 0.9856 881.65 507.74 0.9659 878.28 568.04 0.9796 886.06 567.76 0.9417 892.79 636.68 0.9601 903.70 632.12 0.9146
149 748.39 338.13 869.68 658.64 0.7906 762.48 382.43 0.8787 768.73 374.62 0.9156 760.11 375.45 0.5341 788.51 372.61 0.9054 766.85 376.06 0.1389 811.43 402.47 0.9922 782.58 407.18 0.9534 838.71 444.70 0.9860 789.45 452.24 0.6865 847.67 489.21 0.9721 779.41 484.46 0.7028 817.05 496.28 0.9933 797.81 496.67 0.9818 820.87 561.12 0.9892 786.67 560.66 0.9652 846.51 625.98 0.9778 792.69 622.37 0.9479
150 655.24 331.57 811.00 657.94 0.8374 671.18 378.57 0.8902 678.92 370.56 0.9242 668.53 371.44 0.5841 702.03 371.57 0.9104 675.67 374.46 0.1679 726.98 406.33 0.9917 688.81 412.02 0.9553 765.85 446.83 0.9772 696.19 462.01 0.6323 789.64 487.28 0.9501 694.13 498.91 0.6134 732.32 500.85 0.9877 711.40 501.92 0.9706 725.65 569.40 0.9722 716.67 569.94 0.9229 747.60 632.13 0.9382 748.59 629.60 0.8720
151 565.48 359.28 743.04 675.50 0.8079 580.58 392.49 0.7927 587.56 384.90 0.8475 577.59 384.56 0.3452 604.87 385.28 0.9354 590.77 385.80 0.1745 627.33 415.24 0.9935 613.97 415.89 0.9554 683.40 444.22 0.9817 627.57 449.52 0.5805 691.57 458.88 0.9574 636.91 467.85 0.5614 635.31 507.23 0.9945 638.57 505.88 0.9844 604.03 576.17 0.9920 673.19 572.98 0.9730 607.16 641.78 0.9850 731.33 634.04 0.9636
152 469.86 353.80 629.99 676.20 0.8324 482.84 389.50 0.7814 486.86 382.00 0.8081 480.28 383.17 0.3990 502.62 379.18 0.8568 494.44 381.81 0.1968 520.62 403.44 0.9896 516.27 405.64 0.9652 537.50 429.99 0.9750 521.87 430.22 0.7690 537.19 436.94 0.9473 499.74 425.90 0.7349 553.36 495.34 0.9946 548.32 496.60 0.9896 565.11 569.46 0.9926 535.06 569.85 0.9829 606.97 638.74 0.9850 547.01 634.92 0.9720
153 394.45 339.31 531.12 665.98 0.8120 397.79 378.10 0.4505 400.84 370.25 0.4968 400.36 368.87 0.1300 416.75 369.16 0.9095 431.63 364.52 0.2821 427.71 403.97 0.9929 465.86 394.19 0.9833 436.13 460.58 0.9773 510.61 441.45 0.8656 429.82 506.00 0.9331 516.14 489.03 0.7582 458.80 498.60 0.9946 482.42 493.83 0.9914 443.96 567.78 0.9864 468.53 562.88 0.9730 467.67 632.43 0.9648 489.13 620.89 0.9413
154 311.99 336.21 487.73 653.44 0.8513 328.12 372.90 0.3293 331.76 366.18 0.4086 331.12 364.95 0.0674 341.92 371.44 0.9058 363.25 367.14 0.1704 345.85 410.37 0.9910 388.48 402.92 0.9611 339.87 468.23 0.9798 408.98 451.14 0.6986 328.69 512.76 0.9375 389.38 494.07 0.5864 380.50 496.65 0.9948 411.85 494.28 0.9879 364.40 559.11 0.9903 417.42 556.83 0.9710 392.20 623.36 0.9802 463.81 615.27 0.9553
155 240.93 329.51 402.70 645.10 0.8570 261.57 365.32 0.2460 263.26 358.81 0.3292 265.59 357.77 0.0507 272.37 363.67 0.8347 297.43 359.53 0.1066 278.52 401.82 0.9819 320.30 393.66 0.9200 271.67 458.86 0.9742 342.01 439.48 0.6450 252.61 494.86 0.9280 318.71 469.04 0.5619 311.21 487.89 0.9907 337.08 485.24 0.9779 325.09 556.52 0.9826 336.45 554.27 0.9505 367.84 615.46 0.9619 368.50 607.86 0.9185
156 155.60 317.49 354.16 630.48 0.7207 216.30 351.92 0.6368 218.51 345.27 0.7018 216.24 345.11 0.2237 229.37 346.83 0.8262 232.96 345.36 0.1117 251.30 381.14 0.9851 245.97 373.01 0.9391 280.23 434.06 0.9744 225.95 405.45 0.6923 278.76 484.31 0.9435 213.51 428.56 0.6672 281.28 470.79 0.9898 281.61 468.24 0.9783 284.54 540.79 0.9814 287.68 537.92 0.9526 317.88 604.64 0.9541 326.81 597.08 0.9088
157 152.11 314.09 323.50 628.78 0.8702 189.77 351.08 0.5711 191.90 343.82 0.6628 193.60 342.39 0.1259 204.91 344.98 0.8852 226.03 340.06 0.0957 229.15 380.31 0.9874 251.49 370.63 0.9449 235.38 442.52 0.9734 240.79 426.15 0.6218 186.23 432.59 0.9337 175.59 426.57 0.5797 266.59 466.88 0.9872 283.77 461.25 0.9718 247.54 541.37 0.9724 275.38 536.09 0.9235 279.96 607.21 0.9297 309.14 594.92 0.8567
158 120.77 316.47 316.80 621.00 0.8799 146.98 357.37 0.5794 149.47 351.14 0.6530 148.72 350.61 0.1507 161.58 351.70 0.8531 171.46 350.23 0.0958 184.90 380.03 0.9835 192.04 377.33 0.9192 194.70 425.28 0.9758 185.30 419.07 0.6176 159.85 415.15 0.9453 149.38 411.13 0.6051 223.18 469.26 0.9867 232.20 468.40 0.9671 216.74 531.84 0.9744 249.52 530.27 0.9244 243.10 597.25 0.9390 290.92 589.36 0.8693
159 87.74 314.99 239.46 621.25 0.7227 94.44 353.48 0.5912 95.67 346.60 0.5968 92.54 347.18 0.2482 105.28 344.78 0.7126 106.35 346.04 0.1631 129.85 370.09 0.9680 127.10 372.62 0.9080 151.56 410.22 0.9238 137.11 415.35 0.6074 129.16 420.77 0.8565 119.70 423.51 0.5665 169.58 452.63 0.9783 169.66 454.65 0.9620 184.34 526.93 0.9703 185.87 527.96 0.9431 210.99 592.37 0.9416 211.14 589.25 0.9065
