32 4.09 718.87 329.47 1116.65 0.7412 59.43 775.65 0.8063 59.43 764.05 0.5112 50.59 770.26 0.7421 59.69 764.01 0.3093 37.31 777.31 0.6732 90.36 800.38 0.9343 46.17 824.28 0.9752 141.90 825.78 0.8175 82.23 853.13 0.9527 152.08 820.15 0.7729 132.04 820.61 0.9222 178.57 930.72 0.9760 142.74 951.99 0.9861 243.60 1000.99 0.9574 185.13 1039.80 0.9770 289.08 1086.04 0.9117 211.45 1137.81 0.9402
33 74.88 702.63 374.41 1132.97 0.8505 113.12 757.01 0.8079 114.31 746.04 0.6528 106.90 752.17 0.5519 125.37 740.89 0.6381 106.57 756.71 0.4160 177.89 767.24 0.9883 111.96 807.69 0.9775 253.23 796.88 0.9741 122.85 873.48 0.9416 297.80 832.46 0.9519 148.72 861.77 0.9172 260.87 895.26 0.9951 221.68 917.84 0.9933 287.95 992.81 0.9882 264.89 1009.15 0.9847 327.86 1099.59 0.9551 329.77 1103.56 0.9489
34 123.65 682.95 399.89 1115.62 0.8303 193.05 730.29 0.9297 196.55 717.74 0.8730 179.67 723.48 0.8516 207.83 714.64 0.5914 160.36 730.44 0.5389 242.46 751.04 0.9828 164.22 784.07 0.9769 300.95 793.24 0.9356 177.75 854.32 0.8731 300.52 824.01 0.9058 198.02 868.70 0.8414 303.49 880.60 0.9875 254.67 900.96 0.9854 335.09 980.90 0.9764 306.61 1000.16 0.9701 371.11 1067.49 0.9401 359.79 1089.12 0.9286
35 143.54 674.45 584.56 1104.31 0.7000 259.55 707.98 0.6949 255.46 696.56 0.3529 249.59 703.93 0.4826 244.06 698.15 0.2517 223.31 717.26 0.4402 280.55 733.18 0.9668 216.32 775.21 0.9618 357.80 790.29 0.9423 226.04 844.33 0.9330 384.70 854.02 0.9093 207.16 841.97 0.9103 372.55 868.56 0.9844 335.90 898.11 0.9835 442.86 939.88 0.9646 427.60 971.85 0.9633 511.38 1044.02 0.9019 513.83 1064.05 0.9009
36 287.63 631.84 608.64 1105.11 0.8717 360.17 689.24 0.9730 364.14 675.91 0.9331 344.57 683.48 0.9230 379.27 673.67 0.7677 323.24 692.39 0.7315 417.32 721.72 0.9955 326.00 748.36 0.9908 461.37 781.15 0.9808 317.85 807.17 0.9545 429.67 830.14 0.9588 319.78 823.90 0.9318 464.09 863.85 0.9960 401.92 881.22 0.9945 510.29 964.67 0.9890 447.62 989.56 0.9856 546.89 1062.54 0.9590 475.66 1081.56 0.9521
37 343.38 620.60 668.33 1161.48 0.9089 382.46 696.38 0.9587 391.84 679.90 0.9517 370.29 688.22 0.7910 425.29 667.46 0.9155 368.43 686.32 0.4109 470.25 711.57 0.9981 385.68 737.02 0.9804 500.35 791.92 0.9946 388.69 812.69 0.8925 399.78 839.63 0.9834 374.03 831.91 0.8713 521.60 870.00 0.9983 459.14 887.30 0.9948 568.71 982.23 0.9942 510.56 1020.77 0.9844 626.20 1062.76 0.9714 565.14 1111.15 0.9471
38 367.33 614.51 691.95 1110.64 0.9095 401.08 689.45 0.8107 406.49 676.85 0.7984 399.23 679.81 0.3417 439.54 667.62 0.8537 423.71 672.18 0.1789 488.85 712.63 0.9961 453.08 708.73 0.9567 506.96 805.91 0.9940 461.19 774.47 0.8724 429.19 807.63 0.9827 417.14 769.40 0.8600 552.84 860.03 0.9982 518.51 863.25 0.9945 609.99 961.69 0.9952 536.85 976.74 0.9871 674.70 1047.00 0.9779 559.86 1074.22 0.9605
39 342.05 630.38 692.99 1099.64 0.9193 378.17 706.33 0.7815 378.46 694.73 0.7910 375.10 698.75 0.2526 400.81 677.48 0.8768 398.73 686.48 0.1352 460.62 706.23 0.9972 426.86 704.89 0.9485 519.62 800.26 0.9964 433.73 746.22 0.8400 474.02 857.00 0.9882 392.18 733.02 0.8294 538.46 844.46 0.9987 514.04 850.22 0.9944 590.41 956.95 0.9962 541.42 969.80 0.9856 669.24 1048.41 0.9808 582.50 1055.48 0.9581
40 309.95 639.25 696.22 1096.51 0.9111 355.46 715.19 0.8102 355.92 704.18 0.8026 354.52 707.45 0.3303 370.86 687.42 0.8710 369.82 695.32 0.1660 426.74 712.17 0.9977 395.37 718.87 0.9494 508.33 788.12 0.9963 407.18 757.50 0.8328 530.29 879.99 0.9873 385.07 756.12 0.8199 517.74 849.20 0.9988 495.65 859.21 0.9950 578.75 955.41 0.9973 546.57 962.40 0.9894 664.71 1048.25 0.9881 615.12 1043.01 0.9727
41 295.22 647.05 692.27 1104.61 0.9224 332.42 722.48 0.6796 332.96 712.64 0.7577 331.41 715.09 0.1534 355.36 694.95 0.8854 353.79 700.07 0.0757 416.41 714.73 0.9973 382.73 718.26 0.8797 507.01 796.01 0.9970 423.02 780.37 0.6518 514.18 888.29 0.9880 425.30 843.13 0.6554 509.08 843.70 0.9988 484.77 852.75 0.9918 569.55 955.75 0.9972 516.47 964.94 0.9827 674.51 1045.56 0.9881 588.61 1042.76 0.9642
42 273.23 652.72 626.23 1170.72 0.9089 305.24 731.53 0.9259 309.25 716.67 0.9155 299.45 724.51 0.6158 340.67 698.23 0.9097 314.22 717.63 0.2684 407.44 728.65 0.9981 351.83 755.37 0.9745 495.92 794.25 0.9951 358.80 812.58 0.8887 532.38 886.76 0.9850 324.83 822.25 0.8687 490.75 876.30 0.9985 455.82 891.18 0.9951 524.30 986.08 0.9963 505.70 994.08 0.9892 587.30 1087.64 0.9828 578.19 1080.89 0.9675
43 11.71 654.86 597.13 1223.52 0.9209 278.75 726.10 0.9755 286.89 710.50 0.9497 262.15 719.57 0.8939 317.46 702.06 0.8742 257.82 726.97 0.5956 376.23 746.74 0.9975 265.44 779.21 0.9934 469.13 732.21 0.9899 174.66 791.26 0.9636 552.75 707.07 0.9722 80.63 782.59 0.9370 427.60 917.03 0.9980 366.89 934.60 0.9967 469.90 1040.35 0.9938 441.81 1046.59 0.9909 517.52 1140.82 0.9706 493.35 1132.16 0.9646
44 0.00 558.46 530.42 1373.97 0.8915 253.72 714.56 0.9816 256.55 701.54 0.9015 229.36 716.27 0.9710 271.39 708.70 0.5333 199.69 745.11 0.8960 316.11 752.83 0.9894 199.23 800.65 0.9977 415.52 697.97 0.9455 83.48 778.41 0.9927 457.46 608.37 0.9203 3.20 738.75 0.9851 397.55 952.24 0.9977 323.20 987.39 0.9990 454.13 1093.59 0.9926 384.30 1165.94 0.9968 501.41 1193.44 0.9668 408.23 1287.33 0.9803
45 0.00 584.82 597.49 1377.55 0.9341 224.06 725.14 0.9651 226.40 710.28 0.8599 197.76 723.76 0.9207 235.67 726.01 0.5667 162.60 760.60 0.7871 287.45 783.49 0.9933 157.47 834.93 0.9942 356.63 726.04 0.9723 61.67 828.34 0.9802 375.23 633.97 0.9447 5.89 778.43 0.9688 380.89 1005.36 0.9981 294.87 1039.24 0.9984 456.30 1142.79 0.9950 366.39 1188.13 0.9960 509.99 1254.69 0.9759 407.97 1300.55 0.9795
46 0.00 672.95 684.83 1391.23 0.9091 324.43 725.95 0.9722 317.83 709.40 0.8320 296.50 725.78 0.9603 314.59 719.29 0.3676 259.04 764.87 0.9001 385.56 783.33 0.9793 247.23 852.02 0.9967 417.44 780.99 0.8789 113.48 896.23 0.9871 401.57 756.81 0.8126 7.40 892.90 0.9707 504.54 1018.96 0.9934 416.69 1056.22 0.9974 557.06 1174.19 0.9817 462.14 1211.77 0.9925 587.44 1298.27 0.9335 451.04 1319.51 0.9631
47 352.37 654.06 888.34 1448.59 0.9066 512.04 732.76 0.9227 510.73 713.98 0.5042 488.98 727.08 0.9212 492.45 720.20 0.1967 434.47 752.02 0.9279 510.19 810.28 0.9791 417.57 871.18 0.9973 556.03 895.67 0.8477 402.02 1014.95 0.9906 588.92 957.92 0.7981 471.00 1110.65 0.9780 595.00 1064.04 0.9955 553.93 1107.01 0.9985 604.75 1174.69 0.9942 685.73 1242.67 0.9982 594.99 1313.57 0.9841 780.63 1389.63 0.9925
48 519.67 590.28 999.65 1448.07 0.9216 711.63 677.14 0.8082 711.39 658.69 0.2067 698.01 665.79 0.8611 675.18 670.48 0.0759 641.88 689.92 0.9207 675.59 762.97 0.9316 597.69 822.98 0.9954 706.97 882.80 0.7249 567.92 995.79 0.9921 760.58 975.06 0.7263 637.76 1107.99 0.9823 772.07 1031.32 0.9953 716.92 1077.67 0.9989 877.95 1124.38 0.9957 781.08 1217.54 0.9990 901.26 1273.50 0.9917 785.65 1402.19 0.9966
49 778.49 518.16 1233.56 1437.53 0.9196 980.40 627.21 0.8183 974.48 608.86 0.2277 969.08 609.97 0.8762 929.56 608.97 0.0641 913.40 618.47 0.9178 926.41 699.94 0.8968 883.78 735.88 0.9930 953.99 814.06 0.5872 825.79 865.18 0.9859 997.19 916.61 0.5600 802.97 976.23 0.9645 1025.05 980.72 0.9929 990.24 1009.36 0.9982 1124.90 1127.07 0.9921 1029.01 1188.41 0.9981 1100.96 1266.11 0.9850 942.83 1355.58 0.9938
50 1048.63 181.64 1602.87 1354.20 0.8363 1230.11 521.36 0.7574 1223.96 523.56 0.1363 1211.66 525.99 0.7735 1184.41 563.69 0.0546 1165.04 573.80 0.9059 1175.54 636.11 0.9314 1152.35 650.54 0.9965 1180.06 422.53 0.7412 1163.05 429.55 0.9936 1206.12 248.67 0.6670 1163.36 240.54 0.9774 1247.76 942.68 0.9948 1258.12 954.69 0.9988 1181.66 1126.82 0.9881 1373.86 1116.50 0.9971 1135.85 1288.46 0.9503 1487.80 1259.57 0.9800
51 1301.82 205.29 1662.58 1303.14 0.8601 1475.38 372.69 0.4651 1470.34 369.29 0.0530 1469.32 364.97 0.4546 1418.10 411.67 0.0416 1441.63 404.44 0.7852 1395.73 501.80 0.8370 1428.78 506.92 0.9882 1427.19 409.94 0.7316 1455.57 400.88 0.9912 1459.41 255.11 0.7237 1452.99 238.92 0.9788 1489.26 822.07 0.9943 1495.40 839.06 0.9985 1574.43 994.19 0.9882 1522.46 1041.64 0.9971 1581.07 1148.64 0.9545 1478.20 1231.65 0.9809
52 1520.21 216.82 1926.10 1195.44 0.8865 1735.48 310.41 0.7468 1728.05 301.53 0.2688 1714.51 303.78 0.6344 1689.22 334.18 0.2094 1684.36 353.20 0.7940 1675.63 439.33 0.9601 1704.63 474.89 0.9868 1640.26 342.42 0.8871 1694.02 403.04 0.9735 1633.96 286.92 0.8470 1639.07 317.89 0.9561 1739.52 763.25 0.9944 1756.38 781.40 0.9968 1829.76 954.35 0.9883 1858.64 969.32 0.9938 1737.21 1100.04 0.9495 1753.82 1109.76 0.9660
53 1751.49 217.35 2047.69 1178.33 0.8768 1959.38 308.54 0.1271 1964.66 299.04 0.1324 1972.03 293.42 0.0210 1940.63 319.44 0.7330 2009.08 317.54 0.0496 1896.01 410.83 0.9491 2018.44 404.10 0.4681 1783.88 397.92 0.9340 1908.15 350.78 0.1822 1869.76 330.90 0.8260 1924.82 278.46 0.1541 1917.01 733.65 0.9503 2008.34 731.27 0.7931 1889.71 915.79 0.9273 2044.46 909.28 0.7122 1819.14 1102.07 0.7208 1993.98 1086.31 0.4684
54 1878.04 127.08 2047.86 1385.94 0.4408 2031.64 384.71 0.0074 2025.46 368.90 0.0032 2032.24 369.91 0.0036 2036.35 360.14 0.0102 2045.45 365.17 0.0145 2048.00 411.87 0.0283 2048.00 408.94 0.0759 2040.67 510.61 0.0982 2027.35 508.62 0.2550 1949.12 613.66 0.2228 1949.96 615.00 0.4145 2048.00 593.56 0.0741 2048.00 587.29 0.1178 2034.36 656.85 0.0466 2036.42 657.01 0.0724 1975.67 796.51 0.0292 1978.43 798.64 0.0392
86 1094.83 776.85 1934.44 1486.90 0.8312 1161.63 1043.79 0.4401 1164.37 1039.04 0.6936 1239.59 1000.49 0.0330 1267.05 1109.69 0.9753 1481.25 999.33 0.0842 1443.15 1373.61 0.7878 1676.06 1137.58 0.9161 1416.05 1500.00 0.1103 1546.16 1091.65 0.4730 1356.59 1344.62 0.0919 1211.54 1053.65 0.3692 1767.94 1431.48 0.0178 1949.90 1296.85 0.0647 1433.89 1337.15 0.0124 1572.44 1090.07 0.0391 1568.57 1371.02 0.0069 1688.78 1102.34 0.0206
87 524.45 721.13 1281.57 1489.67 0.8967 719.82 970.26 0.2902 721.33 946.42 0.4624 766.42 915.73 0.0313 751.93 984.41 0.9809 964.45 894.73 0.4758 781.56 1300.49 0.9340 1169.23 1077.59 0.9547 657.32 1500.00 0.1999 1158.62 1173.02 0.3707 593.59 1468.38 0.0595 877.98 1155.01 0.1708 974.45 1500.00 0.0266 1261.18 1466.57 0.0578 716.00 1407.92 0.0068 1038.03 1216.25 0.0149 805.05 1414.11 0.0038 1149.00 1203.94 0.0074
88 87.88 374.80 1024.53 1486.04 0.8917 570.19 784.39 0.1124 565.32 780.48 0.0739 589.79 768.50 0.0121 526.66 843.41 0.8682 692.27 816.36 0.2818 491.43 981.76 0.9652 807.57 948.80 0.9236 257.57 776.38 0.9410 909.85 762.46 0.7774 169.68 521.73 0.8095 897.11 605.43 0.5941 723.77 1422.76 0.7433 911.64 1401.89 0.6635 660.57 1453.61 0.0650 817.50 1330.91 0.0383 816.66 1500.00 0.0055 935.16 1374.60 0.0044
89 139.21 523.27 948.03 1491.77 0.9168 435.73 770.47 0.0755 434.07 778.45 0.0208 453.10 763.93 0.0209 394.06 845.52 0.4895 518.16 814.95 0.3774 374.79 950.66 0.9271 591.11 909.73 0.9623 297.86 816.92 0.8578 563.81 767.00 0.9356 308.71 597.34 0.6887 475.10 662.52 0.8356 614.58 1289.14 0.9231 758.26 1278.37 0.9514 650.54 1500.00 0.3239 828.86 1448.79 0.4391 702.84 1500.00 0.0348 926.52 1474.37 0.0519
90 0.00 535.46 717.85 1484.73 0.9244 289.85 784.23 0.1006 291.63 786.53 0.0394 311.39 773.75 0.0204 283.68 841.60 0.5631 397.42 803.72 0.3160 261.28 937.21 0.9406 463.87 866.98 0.9687 117.64 855.76 0.9173 498.20 709.81 0.9546 19.01 693.69 0.7816 455.03 624.97 0.8743 464.75 1219.47 0.9710 577.48 1203.72 0.9807 550.55 1409.35 0.6516 609.58 1375.40 0.7559 660.22 1477.69 0.1369 674.25 1453.70 0.1994
91 176.11 696.05 645.32 1473.11 0.9241 250.37 799.89 0.1947 253.68 788.25 0.1910 265.73 776.81 0.0278 253.04 805.97 0.8954 343.92 770.24 0.2849 243.49 920.57 0.9919 433.78 843.78 0.9547 252.06 1069.23 0.9700 492.94 900.86 0.7635 285.01 1148.04 0.8622 411.99 969.71 0.5928 395.77 1147.26 0.9935 524.72 1125.12 0.9865 439.98 1319.07 0.9744 536.09 1288.99 0.9542 531.71 1424.09 0.8675 620.27 1399.03 0.8321
92 116.72 731.42 641.10 1447.22 0.9273 162.64 822.61 0.1943 162.53 813.44 0.0955 181.93 803.65 0.0409 149.25 818.50 0.7747 247.59 790.72 0.3564 162.38 899.75 0.9924 329.02 851.89 0.9826 209.27 1021.55 0.9754 443.49 908.92 0.9512 272.70 1106.25 0.9307 535.51 1005.44 0.8926 334.01 1104.40 0.9977 449.43 1093.91 0.9971 358.63 1262.76 0.9940 503.10 1241.87 0.9936 395.55 1403.74 0.9663 579.93 1389.52 0.9685
93 28.24 731.00 469.90 1408.72 0.9175 139.33 811.54 0.1691 137.31 801.02 0.0614 148.67 789.98 0.0529 95.62 811.19 0.6325 180.75 782.87 0.5142 79.71 909.64 0.9867 240.38 847.66 0.9777 86.29 1067.47 0.9633 343.44 915.71 0.9442 143.78 1168.89 0.8993 388.39 1037.43 0.8777 240.86 1106.69 0.9942 340.72 1090.50 0.9933 315.69 1250.59 0.9783 362.79 1212.52 0.9774 399.30 1365.36 0.8939 415.59 1325.12 0.8997
94 64.80 710.03 404.43 1370.10 0.8809 224.73 772.94 0.3861 215.61 760.37 0.0890 222.55 758.09 0.2813 153.31 774.20 0.2967 212.17 769.90 0.8456 112.14 850.03 0.9748 221.07 847.50 0.9894 116.01 951.62 0.8999 248.90 940.15 0.9609 127.69 1011.93 0.7720 175.86 1008.48 0.8907 188.98 1045.81 0.9907 261.28 1050.67 0.9935 262.63 1188.29 0.9726 304.13 1174.98 0.9806 334.91 1306.62 0.8954 358.95 1277.24 0.9171
95 99.39 637.57 413.01 1309.91 0.8725 226.22 762.72 0.8490 218.02 752.36 0.4309 219.66 755.01 0.8122 176.00 753.21 0.2550 184.10 765.77 0.8374 177.96 782.08 0.9670 159.39 850.85 0.9889 225.68 728.41 0.8726 144.91 935.74 0.9687 224.19 661.16 0.8076 116.26 971.70 0.9380 238.69 980.22 0.9821 232.41 1010.90 0.9897 289.75 1100.01 0.9578 304.37 1119.69 0.9760 305.07 1239.64 0.8612 335.51 1254.64 0.9000
96 118.06 646.99 473.37 1259.85 0.9207 235.70 734.21 0.9168 231.51 725.54 0.6194 226.11 725.78 0.8681 204.95 729.23 0.4232 196.08 737.64 0.8653 220.88 772.39 0.9911 167.47 825.38 0.9956 286.29 742.88 0.9508 155.33 920.87 0.9812 341.14 686.58 0.9044 154.20 989.05 0.9527 261.30 965.96 0.9952 244.19 988.71 0.9966 297.69 1077.41 0.9861 358.22 1064.10 0.9902 274.68 1212.10 0.9433 414.19 1174.99 0.9549
97 245.40 652.43 558.63 1189.21 0.9067 343.24 689.83 0.8393 336.70 681.02 0.3161 333.83 682.06 0.8160 308.63 690.09 0.1917 305.76 696.00 0.9055 323.47 755.56 0.9796 294.44 768.83 0.9975 376.80 823.90 0.8835 298.14 871.11 0.9930 434.29 853.60 0.8264 316.55 961.14 0.9784 374.16 927.28 0.9954 371.34 934.89 0.9984 375.91 1037.12 0.9903 460.67 1024.59 0.9967 341.77 1154.86 0.9706 490.48 1127.42 0.9857
98 350.29 612.74 664.17 1133.93 0.8762 434.93 647.89 0.6253 429.37 643.02 0.2028 432.91 641.51 0.5176 390.82 663.79 0.2582 411.77 661.06 0.7416 378.21 736.44 0.9727 424.34 720.91 0.9888 377.34 825.97 0.9249 504.36 749.40 0.9832 366.58 898.40 0.8764 594.67 721.23 0.9667 467.50 867.60 0.9962 477.66 872.75 0.9978 558.53 948.06 0.9907 503.25 984.01 0.9954 591.94 1014.39 0.9706 474.49 1082.77 0.9803
99 465.06 566.98 710.86 1014.46 0.8842 542.08 601.31 0.6454 535.17 594.03 0.1924 536.84 595.79 0.6856 500.25 602.98 0.1773 519.61 610.50 0.8669 494.71 650.55 0.9149 523.82 672.53 0.9896 536.06 686.91 0.6959 590.94 731.25 0.9806 592.43 699.70 0.6546 653.84 758.46 0.9516 555.48 791.22 0.9786 574.08 808.61 0.9927 631.96 860.33 0.9567 651.41 879.87 0.9861 632.81 962.78 0.9025 651.07 990.28 0.9516
100 576.58 532.16 843.53 995.82 0.9120 658.85 566.88 0.7307 654.08 559.35 0.2682 654.07 559.73 0.7268 623.68 566.71 0.2559 636.70 571.71 0.8624 631.61 617.56 0.9582 631.72 628.13 0.9940 626.72 658.33 0.7733 611.21 694.43 0.9831 638.00 676.71 0.6595 600.79 761.16 0.9482 685.38 758.96 0.9894 695.60 761.44 0.9964 696.42 858.75 0.9841 765.05 830.12 0.9947 675.33 954.29 0.9704 794.96 911.26 0.9861
101 683.02 497.47 897.07 937.46 0.8428 750.94 537.52 0.6569 747.79 528.27 0.2297 745.46 529.45 0.7252 717.49 535.14 0.1798 725.73 539.11 0.8639 704.48 584.18 0.8662 734.99 592.64 0.9810 738.00 634.61 0.5192 786.53 645.81 0.9561 790.41 651.62 0.4667 828.00 680.18 0.8981 754.83 708.83 0.9627 770.31 718.86 0.9868 815.85 782.95 0.9583 805.66 802.52 0.9863 823.19 867.77 0.9446 793.89 903.52 0.9727
102 768.10 462.29 949.90 859.37 0.8653 834.07 505.19 0.5486 826.65 499.04 0.1365 829.75 498.40 0.5792 791.95 507.05 0.1365 812.67 506.68 0.8390 776.56 545.57 0.8985 824.26 540.92 0.9846 819.92 539.58 0.6851 882.50 525.39 0.9749 861.56 490.55 0.6403 900.27 488.98 0.9446 818.66 662.23 0.9781 849.27 665.52 0.9920 884.07 728.38 0.9669 915.41 733.56 0.9890 872.23 807.47 0.9374 907.63 824.18 0.9689
103 848.97 447.47 1045.04 841.82 0.8529 907.65 470.31 0.2420 900.18 463.96 0.0385 900.02 462.03 0.3253 867.91 475.05 0.1118 891.14 467.54 0.9251 863.76 517.91 0.9490 907.09 504.48 0.9937 892.38 530.15 0.5930 952.05 512.41 0.9837 947.62 484.82 0.4583 975.47 488.75 0.9322 906.18 630.69 0.9904 940.51 627.09 0.9971 935.21 724.27 0.9703 991.94 717.65 0.9915 928.07 815.50 0.9292 1006.58 806.66 0.9710
104 905.11 424.13 1045.24 800.24 0.8197 941.01 460.86 0.1374 937.65 453.86 0.0737 937.94 453.14 0.0908 926.58 459.51 0.3635 955.33 452.95 0.5418 917.63 498.77 0.9412 975.19 480.67 0.9664 909.47 550.93 0.8045 1006.66 500.65 0.9038 921.99 563.85 0.6338 1001.84 485.44 0.7638 959.50 594.72 0.9839 995.24 590.03 0.9882 997.48 679.33 0.9687 1008.80 674.84 0.9760 1008.63 766.10 0.9324 1002.52 758.10 0.9440
105 947.50 408.91 1112.16 747.86 0.8504 1011.24 437.98 0.3212 1003.71 431.86 0.0812 1004.37 430.30 0.3489 971.88 440.96 0.2637 993.65 434.61 0.9054 960.04 484.11 0.9760 1009.07 469.49 0.9946 965.90 536.58 0.7627 1046.97 502.66 0.9740 991.80 540.26 0.5950 1062.23 500.85 0.8977 996.99 574.64 0.9902 1033.24 570.59 0.9957 1026.81 651.52 0.9616 1079.33 646.04 0.9830 1019.92 722.16 0.9141 1084.95 715.63 0.9517
106 1026.93 390.81 1174.74 728.47 0.6672 1081.19 421.55 0.5563 1077.62 413.22 0.1540 1076.56 415.06 0.6035 1051.28 415.80 0.1040 1064.89 419.17 0.8415 1042.96 454.38 0.9141 1063.04 460.93 0.9816 1051.08 508.92 0.4990 1066.96 518.86 0.9410 1078.38 560.36 0.4550 1085.27 566.50 0.8660 1069.25 550.69 0.9690 1085.03 555.93 0.9876 1092.74 624.46 0.9515 1121.60 627.63 0.9815 1081.20 689.77 0.9326 1121.68 696.37 0.9668
107 1071.39 368.36 1256.04 698.37 0.7403 1155.11 400.45 0.8782 1152.80 392.95 0.5667 1147.13 394.56 0.8834 1147.64 396.62 0.2040 1126.27 398.84 0.8700 1149.76 436.07 0.9716 1112.94 438.71 0.9940 1166.06 483.10 0.7916 1085.10 487.70 0.9788 1182.29 528.59 0.7487 1084.26 539.13 0.9506 1166.21 530.50 0.9849 1141.61 534.72 0.9937 1191.16 597.08 0.9591 1152.71 602.11 0.9820 1200.37 652.93 0.9193 1146.65 661.67 0.9544
108 1151.64 348.30 1292.19 677.60 0.8575 1215.08 382.13 0.9594 1217.76 374.58 0.8518 1205.68 376.78 0.9582 1222.58 377.00 0.3883 1189.81 382.68 0.9040 1233.16 412.47 0.9843 1179.87 423.45 0.9968 1257.42 451.52 0.8776 1166.86 475.72 0.9880 1270.97 483.74 0.8592 1173.53 514.75 0.9738 1236.58 505.33 0.9880 1204.70 512.22 0.9949 1260.92 571.55 0.9632 1244.22 578.20 0.9841 1239.29 639.00 0.9237 1235.70 648.32 0.9591
109 1201.25 335.21 1415.18 665.86 0.9021 1291.93 371.42 0.9729 1294.62 363.58 0.9196 1282.15 365.80 0.9639 1299.79 366.89 0.5782 1262.58 372.00 0.8837 1304.82 398.69 0.9946 1250.12 414.84 0.9978 1344.57 418.59 0.9626 1226.23 467.21 0.9870 1381.24 422.36 0.9471 1221.16 502.20 0.9728 1315.27 496.29 0.9939 1282.02 505.74 0.9962 1327.60 570.14 0.9648 1305.07 580.42 0.9757 1324.48 630.08 0.8920 1305.26 645.02 0.9170
110 1311.96 310.36 1506.54 669.19 0.8862 1371.90 344.60 0.8994 1371.15 336.74 0.6663 1364.09 339.05 0.8749 1372.87 341.53 0.2748 1346.35 345.91 0.7938 1382.58 375.50 0.9798 1342.07 385.72 0.9909 1424.40 375.95 0.9030 1359.77 403.06 0.9708 1432.07 356.04 0.8894 1402.99 378.34 0.9528 1395.98 485.97 0.9907 1363.13 493.11 0.9943 1436.51 557.02 0.9798 1370.54 564.22 0.9875 1471.92 629.91 0.9523 1376.21 641.45 0.9658
111 1405.32 259.97 1544.03 660.11 0.7546 1478.96 319.14 0.9225 1482.36 309.83 0.7058 1468.04 311.64 0.9382 1485.37 314.38 0.2095 1448.12 317.13 0.9041 1480.85 355.73 0.9454 1446.34 351.67 0.9939 1485.90 380.66 0.5770 1416.45 348.06 0.9785 1498.17 393.95 0.6085 1425.12 306.84 0.9572 1491.45 453.22 0.9701 1470.74 455.17 0.9913 1506.91 536.75 0.9413 1507.60 539.45 0.9823 1488.24 613.58 0.9041 1491.46 618.34 0.9597
112 1501.59 259.85 1702.86 661.23 0.8483 1591.86 302.78 0.8661 1590.24 293.08 0.4379 1579.28 295.37 0.8961 1578.98 296.81 0.1614 1555.96 302.15 0.9382 1582.39 340.11 0.9585 1560.91 341.05 0.9959 1606.14 363.97 0.5738 1526.08 355.71 0.9853 1630.14 346.22 0.5707 1533.04 336.08 0.9613 1594.32 454.17 0.9891 1592.66 456.23 0.9971 1590.35 543.01 0.9824 1662.38 543.70 0.9953 1532.68 622.58 0.9697 1654.18 624.90 0.9885
113 1611.24 138.75 1847.95 658.51 0.8513 1691.04 271.86 0.8584 1690.49 262.51 0.4871 1682.33 267.19 0.8339 1679.42 269.54 0.2115 1658.44 277.51 0.7832 1682.38 313.82 0.9328 1648.66 305.79 0.9848 1712.16 300.85 0.8109 1653.71 239.83 0.9764 1738.25 265.21 0.7742 1672.67 182.17 0.9533 1702.47 449.65 0.9818 1670.75 453.60 0.9921 1740.88 530.43 0.9656 1673.68 548.13 0.9858 1784.86 602.71 0.9295 1667.02 631.29 0.9599
114 1700.43 198.38 2016.98 660.32 0.8728 1809.43 255.06 0.9383 1809.39 245.57 0.7052 1800.57 246.50 0.9182 1798.88 244.91 0.3394 1770.10 247.39 0.8795 1808.31 285.73 0.9827 1739.24 303.55 0.9940 1888.67 311.81 0.9232 1739.75 375.35 0.9827 1962.01 325.51 0.8968 1806.59 429.06 0.9660 1798.93 421.32 0.9915 1758.86 433.31 0.9947 1819.98 504.92 0.9760 1803.45 523.63 0.9864 1786.33 604.28 0.9218 1783.95 621.34 0.9442
115 1633.52 76.55 2048.00 689.83 0.9266 1861.73 253.45 0.9702 1869.70 242.59 0.8300 1848.24 247.49 0.9576 1882.40 234.79 0.4720 1825.42 247.79 0.9001 1902.76 261.00 0.9869 1801.48 308.47 0.9980 1986.44 200.74 0.9187 1736.77 358.93 0.9928 2038.65 147.83 0.8771 1674.06 401.21 0.9803 1885.93 418.76 0.9948 1839.58 438.08 0.9979 1862.60 514.79 0.9879 1896.55 541.77 0.9955 1817.92 612.86 0.9604 1932.64 655.34 0.9787
116 1690.74 153.05 2047.80 698.42 0.9168 1932.49 244.92 0.9535 1944.66 230.61 0.8394 1919.32 234.30 0.9558 1963.92 216.65 0.4243 1899.56 226.00 0.8620 1994.77 237.82 0.9060 1868.34 287.36 0.9890 2042.01 208.98 0.5975 1801.91 355.99 0.9630 2047.81 192.60 0.5566 1735.87 415.20 0.9173 1993.44 428.35 0.9445 1913.46 449.10 0.9802 2024.85 513.56 0.9022 1926.61 532.17 0.9666 2006.11 620.55 0.8316 1938.40 649.15 0.9150
117 1738.96 160.88 2048.00 709.23 0.8897 2046.36 228.83 0.2897 2047.49 217.13 0.2313 2044.73 212.08 0.1253 2030.39 221.07 0.3341 2037.77 213.85 0.1543 2000.48 279.41 0.7969 2024.70 276.30 0.5635 1882.32 350.32 0.7402 1919.09 338.48 0.3210 1798.65 393.03 0.6318 1819.33 379.38 0.3443 2025.01 455.10 0.7922 2037.16 454.05 0.6670 2019.92 546.05 0.6848 2032.03 546.04 0.5233 1961.29 653.55 0.4744 1959.61 649.22 0.3725
118 1843.74 151.31 2047.80 800.32 0.8702 2036.91 218.84 0.1460 2039.76 208.70 0.1212 2037.98 205.10 0.0596 2036.62 216.85 0.2632 2045.79 211.99 0.0936 2024.14 281.76 0.6084 2037.42 277.94 0.3999 1948.58 362.55 0.5650 1964.28 358.50 0.2480 1884.88 397.98 0.4897 1887.55 396.67 0.2756 2026.49 470.47 0.6628 2033.24 467.20 0.5537 2019.60 609.71 0.5937 2030.15 609.29 0.4736 1991.43 742.68 0.4040 1989.85 743.43 0.3327
119 1814.76 162.92 2048.00 851.17 0.9130 1941.32 271.63 0.9517 1957.29 251.21 0.8881 1923.33 259.81 0.9568 1997.40 235.82 0.5016 1912.03 257.12 0.7898 2048.00 301.94 0.7203 1905.31 326.98 0.9653 2048.00 388.53 0.2063 1877.03 427.30 0.8553 2043.46 462.24 0.2109 1850.51 520.59 0.7329 2039.76 535.65 0.7015 1944.82 541.19 0.8869 2038.86 677.30 0.6816 1948.97 678.12 0.8838 2032.24 775.46 0.6527 1970.17 787.01 0.8174
120 1773.00 200.08 2048.00 977.13 0.9301 1888.21 274.64 0.9798 1905.25 257.37 0.9312 1869.32 261.53 0.9677 1942.10 261.50 0.7023 1854.04 271.99 0.8735 1994.91 357.63 0.9804 1834.01 373.92 0.9961 2045.07 463.91 0.8390 1793.34 489.41 0.9803 2042.62 551.56 0.7958 1846.26 546.49 0.9561 1976.80 588.42 0.9860 1882.29 595.87 0.9938 1960.92 743.79 0.9609 1912.23 760.36 0.9845 1884.79 862.84 0.8774 1909.47 889.39 0.9316
121 1665.96 208.62 2021.92 1023.07 0.9356 1823.98 272.12 0.9880 1839.68 255.11 0.9488 1801.18 262.73 0.9728 1871.40 267.97 0.7630 1777.89 287.23 0.8720 1930.56 376.63 0.9954 1762.78 400.82 0.9983 1992.45 496.39 0.9691 1724.76 517.94 0.9930 1988.56 611.95 0.9460 1696.67 616.21 0.9821 1907.21 634.36 0.9985 1798.79 642.65 0.9992 1907.80 789.10 0.9948 1775.66 806.91 0.9973 1889.55 916.40 0.9743 1756.18 943.90 0.9833
122 1611.92 246.32 2033.93 1108.98 0.9133 1745.91 288.02 0.9604 1759.62 273.88 0.7768 1722.14 282.63 0.9270 1784.97 298.38 0.4430 1694.77 320.53 0.8380 1821.37 406.50 0.9894 1681.49 451.70 0.9984 1890.17 502.24 0.9579 1644.68 603.34 0.9966 1968.17 582.39 0.9453 1635.14 723.67 0.9921 1831.30 662.45 0.9992 1739.31 691.79 0.9997 1870.05 805.56 0.9982 1763.90 878.73 0.9994 1837.35 904.94 0.9926 1723.84 1018.12 0.9963
123 1568.53 238.82 1895.01 1110.43 0.8603 1743.50 270.25 0.9212 1756.30 267.24 0.6905 1719.32 276.83 0.9277 1777.71 307.16 0.3195 1699.12 332.52 0.8537 1806.47 385.47 0.8910 1697.59 431.23 0.9929 1777.33 324.30 0.5672 1655.85 412.26 0.9833 1753.18 283.67 0.5289 1613.31 358.12 0.9581 1828.13 650.07 0.9920 1752.98 672.98 0.9981 1832.75 826.35 0.9918 1758.22 870.45 0.9983 1803.61 959.89 0.9841 1753.69 1033.93 0.9942
124 1673.44 39.66 1949.93 1103.94 0.8441 1844.35 254.34 0.9384 1847.04 248.83 0.5711 1820.46 253.86 0.9386 1833.61 280.00 0.1500 1769.54 295.41 0.9135 1820.79 351.01 0.9495 1771.98 381.54 0.9944 1820.92 208.17 0.7825 1773.22 253.88 0.9882 1798.00 108.12 0.7465 1752.81 128.66 0.9743 1842.16 645.09 0.9927 1813.17 662.61 0.9977 1834.56 826.26 0.9873 1880.85 865.35 0.9963 1759.32 971.70 0.9566 1861.43 1024.29 0.9798
125 1769.45 179.58 2047.60 1123.02 0.9074 2023.82 315.42 0.4774 2023.86 303.97 0.0765 2010.82 301.39 0.6234 1986.28 310.24 0.0273 1956.80 308.22 0.7892 1958.77 388.07 0.5727 1895.98 398.67 0.9625 1966.18 425.89 0.2704 1836.76 413.62 0.9567 1999.40 393.44 0.3016 1912.52 312.24 0.9100 1956.93 679.35 0.9503 1927.19 697.36 0.9878 1960.04 838.60 0.9534 1988.34 904.12 0.9894 1835.17 953.20 0.9243 1929.84 1049.53 0.9691
126 1869.36 249.40 2047.55 1167.12 0.8346 2048.00 355.71 0.0272 2046.53 343.25 0.0112 2048.00 342.48 0.0311 2033.42 342.07 0.0222 2048.00 345.88 0.1104 2041.23 410.84 0.0450 2037.87 409.98 0.1998 2005.70 472.85 0.0356 2006.95 468.66 0.2574 2014.84 471.98 0.0500 2027.31 481.07 0.2246 2032.76 675.00 0.2439 2032.91 672.47 0.4247 2025.94 901.74 0.3495 2028.30 904.21 0.5604 1941.42 1042.60 0.3362 1929.06 1049.09 0.4759
146 1897.17 268.55 2048.00 898.40 0.3673 2046.73 410.71 0.0278 2048.00 400.18 0.0221 2047.91 401.11 0.0181 2048.00 393.36 0.0381 2048.00 397.51 0.0296 2048.00 436.51 0.0527 2048.00 436.58 0.1421 2022.47 503.12 0.1186 2020.43 491.53 0.3709 1956.22 530.51 0.1754 1948.95 529.69 0.3899 2048.00 593.83 0.0944 2048.00 591.66 0.1666 2044.17 681.78 0.0466 2048.00 679.09 0.0792 2036.82 787.08 0.0270 2040.94 783.68 0.0421
147 1781.47 212.76 2047.74 850.66 0.8807 1805.00 305.89 0.7981 1808.08 288.43 0.9168 1807.24 294.04 0.2181 1841.96 267.66 0.9663 1864.51 273.25 0.1112 1880.25 329.98 0.9966 1924.14 314.60 0.8058 1909.69 459.21 0.9925 1956.12 400.88 0.2929 1884.19 548.27 0.9684 1901.19 476.29 0.3164 1914.90 534.57 0.9940 1941.65 529.82 0.9545 1890.10 666.21 0.9896 1869.92 667.55 0.9289 2018.46 779.03 0.9675 1916.19 763.92 0.8978
148 1583.40 130.30 2048.00 862.43 0.9125 1674.67 336.75 0.9669 1686.97 316.50 0.9538 1656.79 325.79 0.8208 1730.05 294.16 0.9127 1659.10 316.54 0.4281 1775.64 350.98 0.9980 1690.47 342.90 0.9868 1902.03 330.44 0.9932 1652.60 271.81 0.9310 2008.32 279.30 0.9847 1607.76 196.29 0.9121 1757.54 574.91 0.9987 1727.41 571.08 0.9967 1689.53 665.03 0.9952 1798.06 656.71 0.9892 1703.83 797.31 0.9734 1893.17 773.99 0.9564
149 1474.93 298.36 1710.52 867.47 0.9099 1522.71 384.37 0.9457 1531.66 366.70 0.9588 1507.08 375.28 0.6931 1567.40 341.14 0.9335 1507.23 365.25 0.2142 1632.35 382.36 0.9971 1535.81 411.13 0.9245 1697.19 465.15 0.9925 1569.34 498.93 0.6525 1677.63 555.20 0.9790 1582.19 579.12 0.6573 1637.97 585.82 0.9971 1571.15 593.25 0.9858 1646.98 693.06 0.9945 1546.21 701.20 0.9754 1680.68 811.33 0.9826 1544.87 807.31 0.9560
150 1311.83 324.88 1638.94 908.36 0.8916 1360.88 427.23 0.9368 1369.72 409.94 0.9544 1349.48 420.20 0.6472 1399.98 393.93 0.9375 1351.77 415.65 0.2049 1450.52 443.48 0.9982 1375.61 451.00 0.9232 1560.06 501.90 0.9957 1405.43 445.51 0.6345 1602.68 575.57 0.9846 1441.48 421.58 0.6300 1469.59 626.22 0.9990 1417.38 636.07 0.9934 1484.92 739.08 0.9980 1413.94 772.14 0.9885 1593.31 816.31 0.9931 1476.04 845.44 0.9789
151 1094.17 364.21 1590.17 1010.61 0.8176 1212.75 485.85 0.9426 1221.44 470.78 0.9093 1199.89 476.67 0.7329 1252.10 456.16 0.8646 1200.77 470.26 0.3735 1312.30 499.93 0.9972 1223.90 482.26 0.9796 1422.03 508.35 0.9892 1166.13 415.48 0.8972 1526.89 501.30 0.9677 1081.52 357.08 0.8446 1336.72 675.14 0.9977 1297.94 665.63 0.9946 1280.69 816.60 0.9950 1348.38 775.22 0.9883 1326.42 930.39 0.9759 1461.64 856.58 0.9613
152 983.23 446.35 1328.70 1024.31 0.9063 1006.07 538.03 0.8824 1013.05 519.80 0.9218 1002.31 528.87 0.5127 1057.65 504.22 0.9077 1032.81 524.23 0.1490 1118.19 535.47 0.9923 1084.52 562.25 0.8376 1173.10 535.16 0.9828 1129.34 582.49 0.5153 1157.69 527.83 0.9501 1131.48 551.16 0.5214 1169.24 728.90 0.9945 1129.91 738.22 0.9769 1218.81 848.30 0.9902 1115.81 856.60 0.9643 1299.97 962.70 0.9695 1127.43 963.00 0.9330
153 810.70 477.61 1103.59 1068.38 0.9231 832.31 549.25 0.6810 835.87 537.09 0.7257 835.39 538.44 0.1556 866.56 528.68 0.8993 879.12 526.08 0.1409 905.94 579.73 0.9952 931.04 572.35 0.9324 964.83 663.21 0.9912 1011.32 646.38 0.7302 1000.26 748.49 0.9722 1041.66 734.49 0.6858 983.81 758.32 0.9965 1002.11 759.71 0.9862 950.79 892.41 0.9920 978.95 890.45 0.9717 1038.82 1010.22 0.9660 1059.65 992.16 0.9308
154 681.65 521.95 1049.08 1083.53 0.9081 693.39 581.98 0.5774 698.52 573.47 0.6173 703.02 570.10 0.1068 718.44 578.66 0.9235 750.94 566.64 0.1511 749.04 646.81 0.9985 793.79 628.91 0.9614 769.08 750.44 0.9958 830.54 717.50 0.7692 763.33 850.89 0.9767 825.46 782.31 0.6655 814.05 816.79 0.9993 857.87 808.10 0.9965 779.29 937.19 0.9985 898.09 903.75 0.9936 813.97 1034.75 0.9937 1009.44 977.87 0.9856
155 553.50 555.91 853.38 1082.13 0.8925 567.65 611.72 0.5429 569.38 600.13 0.6646 573.85 598.65 0.0811 586.67 604.04 0.9183 620.62 597.05 0.0907 615.72 666.31 0.9973 658.32 652.24 0.8875 624.77 764.38 0.9963 670.78 732.55 0.5970 588.00 848.25 0.9833 622.07 798.51 0.5937 677.88 828.58 0.9987 699.66 825.30 0.9913 721.13 931.77 0.9972 685.20 923.64 0.9838 803.92 1037.14 0.9892 702.90 1015.25 0.9691
156 374.78 570.13 752.19 1085.82 0.9109 469.25 627.50 0.7362 474.72 617.78 0.7372 473.94 618.33 0.1884 500.35 621.34 0.8871 505.31 620.79 0.1200 539.70 675.94 0.9979 517.39 677.70 0.9553 599.25 753.61 0.9971 488.95 731.84 0.8360 623.81 829.50 0.9894 414.09 749.32 0.8155 590.40 831.81 0.9989 581.17 838.44 0.9950 631.11 938.98 0.9967 615.75 946.55 0.9861 712.05 1032.73 0.9818 682.12 1032.56 0.9575
157 381.55 583.70 692.44 1095.25 0.9148 430.11 635.41 0.5303 430.46 625.74 0.4789 438.49 624.28 0.1005 453.37 629.52 0.7743 486.85 622.05 0.1278 502.57 686.01 0.9917 508.58 671.97 0.9552 528.51 783.55 0.9891 501.55 746.49 0.8767 452.49 808.22 0.9695 424.01 758.20 0.8392 572.50 832.28 0.9958 582.47 828.12 0.9902 582.26 951.70 0.9874 601.38 936.81 0.9726 644.83 1051.80 0.9399 668.44 1025.92 0.9125
158 344.31 615.18 692.13 1091.28 0.9299 364.83 671.15 0.5000 361.95 661.57 0.5520 365.66 660.12 0.0671 377.54 662.07 0.8809 406.69 657.26 0.1017 436.05 711.57 0.9977 448.16 700.82 0.9436 483.93 788.87 0.9967 461.72 776.61 0.7746 400.81 784.69 0.9860 395.36 784.70 0.7494 513.81 859.01 0.9987 536.35 852.90 0.9936 491.58 974.07 0.9965 585.34 946.86 0.9847 505.60 1082.06 0.9806 652.58 1029.64 0.9551
159 272.61 646.10 540.78 1104.34 0.8620 293.44 695.53 0.4833 290.21 684.57 0.3905 290.64 689.47 0.1444 298.38 684.76 0.5932 302.98 694.96 0.1524 355.07 723.27 0.9872 321.69 739.27 0.9135 416.66 791.07 0.9833 355.25 809.87 0.8176 360.80 797.34 0.9595 344.97 792.57 0.8013 429.10 854.66 0.9956 406.67 865.29 0.9890 456.35 972.13 0.9905 457.99 981.31 0.9784 508.64 1074.85 0.9615 517.08 1075.68 0.9385
160 141.14 682.12 529.14 1091.99 0.6279 186.09 735.60 0.7293 187.40 721.88 0.7015 176.11 730.33 0.4127 205.25 711.08 0.6829 182.13 731.55 0.2343 247.26 732.11 0.9674 220.84 765.26 0.8623 297.80 745.67 0.9324 264.69 788.35 0.6385 296.13 761.29 0.8567 264.35 765.82 0.5870 338.88 854.99 0.9755 318.60 876.85 0.9489 397.05 943.92 0.9624 367.06 970.58 0.9287 465.63 1037.02 0.9221 417.95 1055.44 0.8883
161 75.47 692.55 413.12 1098.66 0.8530 130.66 753.61 0.9485 131.55 738.21 0.9116 118.60 748.55 0.8383 141.43 725.15 0.8223 108.76 751.54 0.5763 181.45 746.23 0.9944 137.92 803.57 0.9749 257.83 747.30 0.9806 173.39 862.87 0.8871 287.85 774.26 0.9603 217.97 885.28 0.8681 280.41 869.77 0.9913 250.93 903.05 0.9830 336.04 948.11 0.9799 320.16 985.97 0.9631 395.83 1050.49 0.9280 387.20 1079.42 0.8974
162 16.56 719.42 395.87 1141.81 0.8745 66.17 774.82 0.9275 68.25 759.46 0.8841 55.61 772.89 0.7288 84.87 744.58 0.8020 51.92 777.35 0.3718 133.92 759.63 0.9950 84.02 825.42 0.9653 221.13 760.87 0.9883 106.02 895.63 0.8812 258.85 785.00 0.9744 141.85 931.48 0.8739 227.53 883.08 0.9950 194.61 920.46 0.9881 263.75 978.41 0.9880 241.74 1037.54 0.9731 347.60 1054.03 0.9579 307.73 1113.14 0.9303
163 0.20 729.96 302.91 1143.51 0.6669 6.27 792.21 0.4750 4.78 779.71 0.4119 0.00 783.92 0.1725 16.12 772.69 0.4152 0.00 782.15 0.0991 55.18 804.32 0.9298 37.63 821.37 0.7564 144.36 861.38 0.9112 115.56 893.68 0.4533 174.99 920.60 0.8738 147.65 920.07 0.5090 144.77 929.52 0.9710 134.04 942.40 0.9410 175.63 1017.68 0.9630 177.94 1029.01 0.9244 234.68 1097.31 0.9228 239.12 1107.27 0.8735
