47 1893.90 37.98 2047.77 1197.21 0.4805 2048.00 436.14 0.0015 2048.00 430.18 0.0016 2048.00 419.22 0.0013 2048.00 424.75 0.0085 2048.00 400.06 0.0059 2048.00 438.70 0.0037 2048.00 396.20 0.0048 2045.58 436.89 0.0096 2047.28 356.79 0.0135 2027.67 478.71 0.0198 2021.99 411.12 0.0269 2048.00 628.35 0.0417 2044.88 607.22 0.0474 2048.00 896.56 0.1641 2039.26 879.00 0.1928 2015.77 1066.76 0.2321 2023.72 1072.23 0.2657
48 1719.39 358.48 2047.56 1155.72 0.8238 2010.75 433.52 0.1883 2020.37 421.01 0.1331 2013.54 418.87 0.0950 2047.30 436.37 0.1849 2034.96 429.24 0.0909 2048.00 540.27 0.4517 2014.52 506.90 0.5412 2030.79 686.01 0.3758 1986.89 601.71 0.4790 2022.86 800.17 0.3570 1974.78 710.72 0.4177 2009.38 776.44 0.8459 1966.87 755.58 0.8689 1987.86 910.63 0.8767 1872.18 884.90 0.8980 1997.58 1076.34 0.8461 1823.93 1057.82 0.8661
49 1583.89 359.59 1915.07 1022.11 0.9093 1754.98 443.43 0.7824 1764.88 430.61 0.8664 1765.95 433.43 0.1719 1813.79 430.78 0.9446 1821.47 433.77 0.0632 1830.35 499.37 0.9981 1829.48 488.97 0.8930 1792.03 558.67 0.9963 1774.26 542.12 0.4870 1754.54 496.15 0.9827 1751.28 482.54 0.4483 1762.55 720.75 0.9985 1773.13 707.53 0.9881 1665.96 846.20 0.9976 1752.97 821.27 0.9816 1698.53 989.27 0.9890 1812.25 938.57 0.9614
50 1410.33 178.15 1715.44 1010.39 0.9065 1582.37 397.69 0.8749 1591.27 389.60 0.8897 1578.66 389.22 0.3907 1617.58 409.38 0.9241 1602.08 409.20 0.1939 1637.80 466.79 0.9976 1612.70 459.11 0.9495 1624.34 369.95 0.9961 1632.43 358.32 0.7829 1614.72 262.14 0.9858 1646.22 257.04 0.7324 1604.22 684.09 0.9988 1573.62 671.03 0.9936 1589.47 829.01 0.9966 1498.82 778.86 0.9837 1644.24 960.64 0.9816 1496.32 870.20 0.9535
51 1270.84 259.78 1557.02 912.71 0.8991 1429.03 382.53 0.7373 1437.57 377.74 0.7880 1429.67 379.42 0.1624 1467.06 395.90 0.9048 1461.58 398.26 0.0758 1471.02 440.34 0.9973 1495.51 446.93 0.9002 1479.61 378.59 0.9970 1483.83 398.16 0.6776 1456.27 310.78 0.9892 1449.15 340.56 0.6779 1451.20 631.38 0.9985 1475.10 631.92 0.9904 1367.03 738.18 0.9965 1457.08 762.09 0.9794 1344.61 857.85 0.9805 1465.29 884.84 0.9403
52 1211.71 317.17 1398.94 850.00 0.8655 1316.20 372.01 0.2789 1320.15 366.08 0.2656 1322.69 368.45 0.0405 1335.18 382.97 0.7147 1358.66 388.35 0.0686 1333.09 421.79 0.9893 1362.96 434.24 0.8797 1296.68 374.88 0.9907 1350.09 405.15 0.7393 1299.96 343.69 0.9731 1339.01 349.85 0.6986 1299.65 595.23 0.9979 1321.27 596.38 0.9920 1261.40 709.99 0.9959 1305.29 701.57 0.9848 1282.49 814.46 0.9827 1340.67 786.73 0.9612
53 1098.77 339.54 1294.58 845.53 0.8719 1171.39 389.43 0.6805 1174.67 377.42 0.7040 1174.74 378.23 0.2211 1196.78 379.88 0.8797 1220.33 378.77 0.2290 1195.56 432.05 0.9925 1262.59 412.68 0.9383 1160.58 448.46 0.9847 1277.59 408.72 0.7651 1164.79 416.30 0.9537 1265.72 382.45 0.6957 1198.25 580.57 0.9964 1231.88 569.65 0.9894 1197.04 688.63 0.9937 1170.26 664.90 0.9826 1243.41 798.09 0.9803 1146.16 755.73 0.9647
54 953.09 223.85 1180.45 786.36 0.8580 1061.88 382.79 0.7333 1065.93 375.06 0.7065 1067.00 373.39 0.2224 1090.46 376.65 0.8551 1105.95 367.05 0.1846 1105.57 431.76 0.9958 1139.38 388.48 0.9674 1125.48 502.87 0.9928 1122.96 329.31 0.8963 1102.05 573.09 0.9798 1105.53 251.12 0.8642 1115.99 561.73 0.9980 1148.89 550.09 0.9943 1058.87 635.22 0.9943 1151.80 656.89 0.9860 1015.15 723.30 0.9718 1140.02 756.04 0.9526
55 899.69 264.14 1136.38 767.14 0.8786 933.73 389.08 0.7340 938.12 383.82 0.6520 940.63 381.30 0.3125 957.90 385.82 0.8149 975.54 374.73 0.2876 972.78 436.72 0.9935 1011.12 389.27 0.9764 999.15 499.11 0.9853 1014.29 349.79 0.9309 986.36 568.24 0.9598 1008.93 292.29 0.8924 1002.90 550.18 0.9967 1037.60 533.54 0.9942 947.72 614.46 0.9904 1055.18 619.33 0.9850 942.50 699.56 0.9575 1099.15 719.56 0.9444
56 724.07 321.47 1067.09 740.77 0.9049 879.75 363.27 0.4408 880.12 354.50 0.3135 884.70 354.52 0.1409 886.94 356.04 0.7254 920.41 354.12 0.3390 883.82 396.88 0.9897 956.21 389.29 0.9734 822.36 422.77 0.9820 1009.26 430.55 0.9366 771.99 429.68 0.9559 1042.58 476.90 0.8987 916.90 521.32 0.9973 955.57 516.62 0.9958 922.90 610.47 0.9923 951.90 599.25 0.9894 939.90 695.76 0.9686 954.26 684.31 0.9627
57 771.20 248.52 947.59 732.61 0.8651 894.57 354.10 0.3643 896.98 347.31 0.2310 899.44 350.30 0.1130 893.47 356.16 0.6393 919.80 365.52 0.2600 871.63 374.49 0.9889 919.38 421.22 0.9596 817.24 327.25 0.9856 926.10 479.30 0.9036 799.03 284.71 0.9655 915.90 528.03 0.8565 859.21 493.70 0.9978 885.93 509.51 0.9953 875.00 592.11 0.9946 882.61 595.77 0.9889 906.27 677.36 0.9768 905.38 671.71 0.9644
58 673.31 311.31 981.29 692.35 0.8992 861.44 343.42 0.0953 861.04 336.52 0.0714 868.25 335.57 0.0483 855.61 338.37 0.8120 887.54 341.27 0.6444 834.00 372.25 0.9953 901.86 387.42 0.9975 764.87 394.50 0.9878 926.40 444.81 0.9912 712.46 401.21 0.9549 954.36 482.78 0.9603 834.11 489.42 0.9989 873.12 493.85 0.9992 821.77 572.34 0.9935 869.36 576.56 0.9940 829.15 650.01 0.9731 868.82 655.54 0.9748
59 759.57 231.46 882.50 676.42 0.7803 789.04 333.98 0.1532 791.32 327.19 0.1595 792.05 328.06 0.0429 796.28 333.67 0.7604 824.12 330.72 0.2331 785.34 374.83 0.9848 837.85 357.73 0.9725 770.01 428.92 0.9674 878.12 353.59 0.8656 753.37 471.69 0.9162 856.91 323.79 0.7505 801.96 476.99 0.9952 835.32 472.08 0.9933 790.89 556.06 0.9853 833.05 554.32 0.9752 805.49 634.06 0.9583 852.47 630.93 0.9393
60 700.96 299.07 828.99 648.95 0.8500 770.77 336.88 0.1556 769.03 330.41 0.1372 771.59 330.67 0.0585 761.06 334.29 0.6290 790.08 332.91 0.2643 750.23 371.16 0.9739 803.38 363.73 0.9564 731.38 427.76 0.9342 818.58 396.43 0.7929 715.19 468.43 0.8373 797.69 407.61 0.6408 769.04 461.15 0.9912 801.96 459.64 0.9877 784.15 538.31 0.9820 799.76 537.99 0.9706 804.77 614.32 0.9594 805.39 612.86 0.9421
61 699.30 288.56 794.01 609.85 0.8159 725.27 331.44 0.4068 727.37 324.59 0.4369 725.97 324.54 0.1372 733.42 325.64 0.8262 751.60 323.91 0.2555 731.92 357.20 0.9816 771.28 350.75 0.9494 725.26 407.58 0.9471 786.38 387.22 0.6897 716.56 440.40 0.8688 769.10 404.57 0.5701 745.80 442.60 0.9887 773.66 439.86 0.9799 728.56 510.98 0.9834 764.94 509.29 0.9645 735.40 580.95 0.9715 776.93 576.17 0.9502
62 648.25 241.53 767.98 593.81 0.8413 683.50 327.27 0.2075 685.44 320.27 0.1794 681.87 321.32 0.0811 686.38 322.42 0.7248 702.31 320.37 0.3795 675.10 352.90 0.9863 718.22 337.81 0.9841 655.71 396.87 0.9658 762.93 328.71 0.9300 638.82 421.78 0.9153 737.73 289.58 0.8450 694.22 438.38 0.9965 722.47 434.24 0.9961 683.18 503.13 0.9917 721.52 500.93 0.9889 692.38 565.65 0.9781 739.75 561.87 0.9725
63 621.33 298.63 807.01 579.58 0.8606 703.16 325.83 0.2180 698.06 319.70 0.0822 700.11 320.28 0.2174 673.60 323.68 0.4228 693.38 323.54 0.8198 650.29 357.76 0.9799 702.86 351.13 0.9924 630.03 400.56 0.8831 749.31 368.25 0.9712 633.11 428.81 0.7628 782.53 363.38 0.8969 659.04 436.71 0.9915 689.86 435.25 0.9950 670.47 498.19 0.9647 696.10 497.07 0.9775 679.44 553.63 0.9123 694.99 554.67 0.9349
64 642.54 304.58 721.59 576.55 0.7337 709.54 332.89 0.7882 709.45 326.69 0.3626 704.66 327.40 0.8571 700.45 326.70 0.1013 690.06 327.86 0.8987 693.15 354.26 0.9052 675.40 356.23 0.9908 685.20 396.00 0.4591 657.47 398.43 0.9792 693.66 434.18 0.4685 662.09 441.41 0.9479 691.16 434.42 0.9602 681.56 436.68 0.9892 697.13 493.28 0.9224 692.73 495.06 0.9790 681.68 544.73 0.8962 678.12 549.30 0.9599
65 642.50 300.09 749.26 570.11 0.8124 713.12 327.81 0.8707 713.92 322.55 0.5760 708.16 322.44 0.8842 711.38 325.22 0.2225 692.53 323.37 0.8812 707.23 353.65 0.9737 673.30 352.05 0.9951 712.91 390.06 0.8047 651.37 390.50 0.9835 732.45 425.15 0.7708 654.93 429.71 0.9607 701.32 430.33 0.9887 680.59 431.47 0.9954 709.25 488.81 0.9718 693.22 490.75 0.9883 704.01 540.44 0.9466 685.27 544.99 0.9717
66 666.89 303.27 858.69 568.00 0.8647 763.77 333.95 0.9228 766.07 327.63 0.7673 758.07 328.55 0.9134 767.00 326.35 0.3933 744.23 328.78 0.8560 765.14 345.70 0.9888 726.54 356.89 0.9970 798.66 349.49 0.9372 695.87 390.33 0.9891 822.80 342.07 0.9247 690.52 425.27 0.9765 751.31 427.55 0.9940 728.94 433.06 0.9970 753.05 484.56 0.9769 740.65 490.39 0.9872 736.61 530.13 0.9381 727.69 540.46 0.9602
67 759.76 293.00 882.49 567.35 0.7941 831.07 322.86 0.8840 832.55 316.76 0.5887 825.76 316.80 0.9025 826.73 320.70 0.2145 809.99 319.78 0.9012 813.83 352.76 0.9570 797.70 352.58 0.9924 816.37 394.41 0.6536 790.14 394.24 0.9701 832.55 425.94 0.6269 806.24 418.64 0.9324 812.78 431.26 0.9748 801.06 433.20 0.9903 823.84 488.44 0.9517 801.09 490.66 0.9809 834.45 539.41 0.9373 792.43 544.55 0.9684
68 842.74 267.64 914.39 566.62 0.6942 899.09 316.90 0.8157 898.74 309.73 0.4331 892.41 310.97 0.8583 886.28 312.81 0.1495 877.42 315.35 0.8880 880.27 340.13 0.9026 877.42 343.20 0.9835 881.95 332.23 0.4013 871.24 336.19 0.9443 891.97 298.68 0.4158 886.43 296.49 0.8922 882.94 418.35 0.9436 882.34 420.44 0.9796 890.24 481.05 0.9206 898.17 481.90 0.9725 867.24 535.45 0.8944 875.73 538.38 0.9513
69 879.28 294.02 1003.27 570.42 0.7545 977.12 325.72 0.7291 975.45 318.68 0.3465 971.05 319.32 0.7363 957.78 319.40 0.2621 956.19 321.51 0.8762 946.33 349.67 0.9549 952.79 351.94 0.9905 942.51 385.36 0.6091 943.08 387.28 0.9507 954.84 414.57 0.5410 951.91 417.03 0.8794 943.90 426.35 0.9761 954.50 428.07 0.9895 939.22 489.99 0.9584 982.77 490.68 0.9809 901.55 543.61 0.9409 969.15 546.27 0.9671
70 954.46 268.80 1096.25 569.07 0.8191 1049.77 323.12 0.9004 1054.33 317.81 0.6800 1045.14 316.69 0.9049 1057.42 319.22 0.2644 1031.22 316.32 0.8485 1046.50 343.67 0.9635 1014.52 342.44 0.9938 1043.46 371.89 0.7780 984.69 377.57 0.9820 1042.31 380.02 0.7645 970.63 411.79 0.9605 1030.66 427.54 0.9835 1007.72 427.62 0.9935 1046.55 487.46 0.9632 1004.05 487.42 0.9844 1057.01 541.49 0.9394 986.71 542.87 0.9675
71 1057.98 236.80 1131.96 575.17 0.7171 1113.35 315.04 0.6369 1116.16 307.85 0.3806 1108.56 307.97 0.6278 1111.91 312.59 0.2081 1097.40 312.17 0.6262 1102.92 339.96 0.8678 1092.00 340.07 0.9516 1097.65 304.98 0.5910 1085.15 306.03 0.8861 1104.15 269.06 0.6475 1101.27 267.25 0.8619 1099.04 421.33 0.9491 1091.80 422.58 0.9724 1101.34 486.67 0.9239 1103.01 487.13 0.9562 1092.90 548.09 0.8941 1094.40 550.12 0.9292
72 1090.85 297.82 1215.83 581.39 0.8059 1198.56 323.02 0.7691 1198.27 316.65 0.3550 1193.21 317.21 0.8098 1185.12 318.14 0.1566 1177.49 319.49 0.8919 1175.36 348.96 0.9428 1166.06 350.53 0.9925 1179.12 391.42 0.5347 1153.89 391.63 0.9694 1189.09 422.32 0.4952 1159.18 420.94 0.9177 1167.70 431.06 0.9722 1168.57 432.66 0.9910 1148.50 493.75 0.9418 1186.67 494.80 0.9806 1115.93 548.55 0.9131 1181.16 553.05 0.9615
73 1175.31 296.04 1289.51 576.83 0.8162 1275.79 325.41 0.7325 1278.10 319.75 0.3302 1273.11 319.51 0.7898 1268.53 322.50 0.1334 1260.48 321.73 0.8573 1250.39 353.59 0.9247 1242.12 352.09 0.9916 1220.94 394.39 0.5824 1211.54 387.27 0.9813 1214.97 427.12 0.5757 1197.96 428.56 0.9533 1239.54 435.89 0.9790 1232.73 435.73 0.9938 1240.66 491.72 0.9643 1221.10 490.97 0.9889 1244.01 543.91 0.9554 1206.87 545.77 0.9810
74 1257.89 294.21 1350.31 576.85 0.7945 1343.50 322.89 0.7327 1344.42 316.85 0.2738 1338.42 317.40 0.8291 1336.97 320.04 0.0727 1323.71 321.03 0.8975 1329.76 350.75 0.9033 1306.77 351.87 0.9938 1317.80 394.79 0.4849 1284.47 394.54 0.9901 1324.10 427.97 0.5094 1279.27 434.82 0.9720 1319.29 431.93 0.9707 1305.85 433.17 0.9937 1322.74 489.17 0.9323 1314.86 490.16 0.9854 1292.97 539.02 0.8910 1283.87 542.89 0.9643
75 1299.75 304.48 1426.03 586.04 0.8049 1404.39 332.99 0.6565 1402.59 326.25 0.2076 1400.11 326.93 0.7079 1377.79 326.01 0.1698 1389.06 328.51 0.9163 1367.77 355.01 0.9576 1385.19 359.27 0.9940 1373.17 399.84 0.5617 1391.28 405.26 0.9748 1393.91 434.90 0.4870 1408.04 441.22 0.9216 1364.45 440.36 0.9839 1382.88 442.11 0.9948 1350.14 501.74 0.9668 1400.90 501.42 0.9895 1323.66 556.75 0.9500 1400.07 559.11 0.9786
76 1385.36 299.31 1483.87 582.36 0.8057 1470.82 327.05 0.5967 1469.42 320.57 0.1802 1468.13 321.03 0.6639 1444.08 320.05 0.1273 1457.65 321.67 0.8827 1426.60 347.11 0.9316 1447.86 351.48 0.9881 1421.68 388.19 0.5053 1453.81 396.02 0.9594 1439.87 422.18 0.4438 1465.89 431.87 0.8914 1415.24 431.47 0.9731 1430.15 433.52 0.9900 1420.43 494.22 0.9520 1435.09 495.02 0.9829 1412.02 551.44 0.9312 1425.40 555.68 0.9676
77 1369.26 303.99 1533.18 581.75 0.8450 1511.97 335.47 0.8769 1516.16 330.07 0.6847 1507.62 328.93 0.8646 1517.87 331.34 0.3389 1495.25 328.50 0.7881 1512.86 356.45 0.9754 1476.13 353.39 0.9949 1517.75 372.80 0.8555 1432.13 373.11 0.9822 1514.85 368.73 0.8381 1398.17 398.66 0.9624 1486.81 431.48 0.9908 1465.27 429.52 0.9959 1480.18 491.29 0.9798 1461.39 489.11 0.9899 1466.13 549.20 0.9598 1446.39 548.58 0.9758
78 1430.27 304.72 1545.80 590.33 0.8550 1515.48 334.29 0.9446 1520.78 329.12 0.8625 1510.22 328.18 0.9219 1526.21 332.62 0.5856 1498.91 329.42 0.8253 1526.76 365.38 0.9907 1481.48 360.12 0.9967 1533.45 407.48 0.9245 1456.28 398.06 0.9798 1533.56 444.20 0.8872 1445.71 440.35 0.9547 1502.95 439.84 0.9916 1476.11 437.45 0.9953 1489.58 500.31 0.9722 1474.37 498.49 0.9820 1473.04 554.26 0.9342 1468.00 553.65 0.9515
79 1450.68 300.71 1554.00 586.52 0.8311 1521.12 328.66 0.9427 1527.10 322.98 0.8620 1515.24 322.48 0.9298 1533.88 328.38 0.5459 1502.86 326.52 0.8277 1536.49 365.62 0.9825 1486.40 362.53 0.9945 1539.24 410.26 0.8774 1463.98 401.84 0.9742 1541.55 454.15 0.8407 1462.24 445.15 0.9469 1523.43 446.82 0.9812 1491.34 445.72 0.9899 1516.68 506.48 0.9414 1482.90 505.26 0.9648 1511.53 557.24 0.8884 1476.94 556.67 0.9219
80 1478.68 305.74 1586.34 639.43 0.6509 1549.48 334.48 0.9315 1556.16 327.52 0.8490 1541.95 327.77 0.9130 1565.40 332.64 0.5254 1529.73 332.85 0.7815 1572.38 373.36 0.9701 1517.99 373.03 0.9899 1575.00 418.13 0.7958 1497.09 417.52 0.9489 1571.61 444.29 0.7561 1492.83 448.84 0.9057 1558.41 464.64 0.9671 1525.00 463.82 0.9816 1546.05 534.75 0.9248 1521.09 533.41 0.9530 1527.17 594.80 0.8686 1510.73 593.44 0.9064
81 1494.33 315.35 1654.90 671.25 0.8196 1582.00 344.35 0.9593 1589.70 338.38 0.9057 1575.06 337.11 0.9473 1599.35 345.27 0.6188 1562.75 341.64 0.8434 1606.62 384.20 0.9900 1542.59 382.51 0.9969 1635.89 411.60 0.9163 1514.58 422.54 0.9806 1642.15 405.51 0.8903 1519.51 449.94 0.9582 1582.52 479.44 0.9898 1544.04 477.50 0.9945 1564.94 552.07 0.9648 1540.16 549.46 0.9787 1541.79 629.24 0.9179 1535.83 627.46 0.9431
82 1528.34 372.22 1683.08 687.26 0.7904 1629.48 393.40 0.4879 1632.03 387.95 0.3002 1625.81 386.31 0.4015 1633.58 392.08 0.1795 1611.86 387.03 0.3283 1637.20 421.85 0.9123 1580.65 416.86 0.9349 1653.81 462.43 0.8577 1550.14 463.99 0.8989 1668.00 492.21 0.8360 1553.32 508.67 0.8652 1603.60 512.54 0.9851 1566.98 510.16 0.9870 1608.12 575.81 0.9793 1564.92 574.41 0.9809 1590.00 648.67 0.9653 1543.26 648.96 0.9677
83 1535.48 327.95 1711.83 734.08 0.8752 1686.95 367.24 0.9525 1690.92 359.37 0.7575 1678.21 359.34 0.9644 1694.04 365.09 0.2390 1656.96 363.15 0.9475 1688.93 406.98 0.9817 1636.05 405.01 0.9981 1690.50 430.83 0.7947 1613.57 436.21 0.9933 1681.39 388.79 0.7852 1655.08 407.12 0.9819 1667.95 530.94 0.9907 1628.17 529.95 0.9974 1661.86 612.67 0.9707 1592.57 612.24 0.9913 1641.95 686.82 0.9241 1546.67 689.81 0.9685
84 1591.31 328.36 1840.08 755.81 0.8920 1729.62 379.05 0.9718 1740.06 372.66 0.9010 1722.05 369.05 0.9517 1750.80 375.39 0.6546 1704.75 365.78 0.8666 1754.44 423.21 0.9900 1677.61 407.87 0.9954 1798.97 446.73 0.9450 1625.84 444.88 0.9812 1826.25 414.45 0.9157 1603.70 506.03 0.9606 1698.81 538.41 0.9931 1656.09 529.57 0.9952 1675.89 636.77 0.9789 1659.71 627.94 0.9864 1640.74 711.72 0.9267 1646.55 711.76 0.9449
85 1635.64 335.69 1906.27 795.48 0.8784 1779.43 387.98 0.9752 1788.51 380.48 0.8878 1770.35 377.02 0.9605 1795.04 385.08 0.5591 1746.56 375.64 0.8953 1797.49 440.87 0.9895 1712.83 425.46 0.9970 1839.77 497.70 0.9406 1660.00 492.81 0.9886 1879.24 502.52 0.9120 1660.84 569.73 0.9742 1751.02 566.80 0.9950 1698.02 560.48 0.9972 1748.80 659.21 0.9870 1699.72 659.10 0.9933 1703.65 737.00 0.9593 1658.97 749.52 0.9738
86 1641.54 348.59 1931.72 880.74 0.8969 1850.96 407.85 0.8986 1857.29 400.62 0.7201 1841.71 398.26 0.8144 1864.39 405.50 0.5024 1826.25 403.41 0.6843 1890.55 441.70 0.9795 1795.20 450.52 0.9891 1884.56 406.99 0.9363 1811.79 454.64 0.9716 1863.49 390.59 0.8853 1850.11 425.00 0.9343 1833.28 623.32 0.9952 1763.07 612.06 0.9962 1824.44 739.17 0.9875 1709.69 680.58 0.9906 1782.01 837.45 0.9654 1671.11 745.61 0.9721
87 1742.21 353.10 2048.00 930.10 0.9279 1959.39 427.37 0.9751 1968.91 418.64 0.8415 1950.65 414.30 0.9716 1972.05 417.67 0.3885 1920.03 406.23 0.9326 1976.14 475.72 0.9801 1865.95 467.98 0.9977 2028.91 519.71 0.8664 1802.83 545.78 0.9912 2048.00 532.77 0.8266 1769.58 632.37 0.9759 1898.40 640.01 0.9902 1838.19 631.70 0.9964 1859.22 757.62 0.9744 1837.87 747.13 0.9911 1793.88 854.36 0.9228 1822.56 855.99 0.9597
88 1812.45 214.01 2047.39 982.97 0.9051 2014.77 402.06 0.7208 2034.33 400.82 0.3871 2014.89 391.28 0.7109 2048.00 429.53 0.1852 2012.90 405.70 0.5911 2031.85 481.63 0.6716 1966.50 455.14 0.9683 1950.76 403.06 0.4293 1895.91 368.78 0.9569 1899.43 257.39 0.4314 1896.70 261.14 0.9016 1970.24 678.64 0.9499 1915.68 666.60 0.9851 1974.65 814.01 0.9415 1896.37 811.22 0.9835 1891.20 886.12 0.9039 1843.31 922.06 0.9570
89 1818.55 330.96 2048.00 1072.33 0.5674 2040.64 560.78 0.0104 2029.14 550.43 0.0093 2039.15 553.65 0.0096 2020.22 547.20 0.0282 2048.00 558.13 0.0371 2041.06 555.98 0.0353 2048.00 558.33 0.0490 2007.50 501.71 0.0372 2027.26 503.25 0.0575 2002.39 455.91 0.0374 2002.64 466.75 0.0563 2031.01 686.28 0.3099 2031.86 680.28 0.3411 2019.68 857.63 0.5964 1987.19 842.52 0.6448 1947.96 941.43 0.7273 1861.81 916.69 0.7576
101 1475.44 898.00 2048.00 1500.00 0.6221 2036.29 1098.17 0.0631 2040.44 1078.85 0.0405 2038.88 1071.75 0.0223 2021.30 1108.72 0.1081 2033.55 1095.25 0.0449 1979.15 1269.39 0.3300 1989.01 1259.31 0.2844 1763.32 1433.25 0.3966 1765.74 1419.35 0.1972 1558.05 1482.41 0.3399 1559.69 1478.78 0.2154 1917.24 1500.00 0.1614 1924.51 1484.01 0.1333 1722.66 1417.35 0.0668 1734.84 1421.35 0.0431 1565.64 1453.32 0.0375 1577.32 1470.45 0.0257
103 0.27 0.00 644.66 1478.66 0.8728 181.66 1008.56 0.0024 142.69 957.74 0.0004 175.97 958.97 0.0008 68.24 991.04 0.0019 169.84 1000.22 0.0139 118.54 1276.71 0.0608 250.86 1288.97 0.0592 477.20 1422.28 0.1211 565.74 1435.36 0.1403 333.46 719.20 0.6744 344.86 708.96 0.7238 78.74 1255.84 0.0238 200.67 1248.56 0.0235 361.20 927.10 0.0377 420.36 898.03 0.0528 443.37 755.52 0.0235 333.62 753.18 0.0296
111 0.00 760.03 102.95 1147.04 0.5510 0.00 811.70 0.0586 0.00 802.63 0.0725 0.00 803.08 0.0195 0.00 803.57 0.2424 4.97 802.90 0.0289 27.98 838.68 0.5364 18.15 836.37 0.2544 51.45 921.37 0.6153 36.07 919.94 0.1728 38.84 1007.52 0.5075 23.84 1003.94 0.1882 51.29 914.89 0.7455 45.81 912.97 0.6113 26.62 1009.93 0.7559 17.73 1008.01 0.6013 45.68 1096.65 0.6832 38.00 1092.85 0.5573
112 0.04 340.08 300.57 1115.40 0.9111 24.20 409.06 0.0230 18.46 398.75 0.0078 23.50 400.58 0.0154 3.02 408.59 0.0256 18.96 414.13 0.0604 45.37 448.49 0.3878 0.00 480.78 0.4100 78.56 451.54 0.4822 11.13 571.36 0.5620 44.09 413.45 0.3825 12.69 652.91 0.5017 106.10 702.91 0.9705 60.60 720.38 0.9741 198.28 840.09 0.9799 91.37 871.59 0.9847 209.17 979.59 0.9727 48.53 1037.22 0.9766
113 11.72 217.02 307.58 1019.84 0.9083 143.29 400.65 0.3422 132.22 394.57 0.1029 142.06 388.44 0.1406 84.50 424.42 0.3305 149.40 408.64 0.5770 57.17 526.90 0.9675 189.99 453.87 0.9788 52.47 639.86 0.9400 232.61 358.60 0.9664 55.65 736.80 0.8900 224.53 270.36 0.9358 160.84 693.03 0.9908 239.69 679.17 0.9924 218.05 819.25 0.9695 264.64 823.74 0.9760 238.47 945.26 0.8491 226.43 952.61 0.8756
114 135.48 343.59 398.04 897.98 0.8910 265.26 412.91 0.5619 255.59 399.71 0.1106 262.92 398.56 0.6395 195.66 399.80 0.1447 241.55 402.77 0.9137 170.81 459.65 0.9283 242.09 475.68 0.9887 233.18 519.28 0.6433 294.43 571.65 0.9698 321.51 506.28 0.5596 350.40 619.91 0.9196 210.11 638.28 0.9774 262.20 649.44 0.9912 292.65 721.58 0.9690 355.17 730.39 0.9889 273.35 842.75 0.9407 330.79 857.43 0.9684
115 173.26 305.68 536.95 910.98 0.8986 401.11 426.73 0.8745 397.32 418.73 0.4174 398.15 415.87 0.8344 357.73 408.94 0.3020 365.77 409.05 0.8925 343.24 432.52 0.9888 320.05 472.35 0.9972 372.93 383.60 0.9417 261.02 534.80 0.9898 403.53 326.63 0.8809 202.31 613.60 0.9662 349.39 625.92 0.9966 355.29 639.58 0.9982 341.10 739.98 0.9900 438.10 725.48 0.9946 313.58 852.29 0.9604 494.48 825.80 0.9729
116 361.83 336.70 545.18 846.88 0.8640 525.53 402.68 0.8125 525.58 392.90 0.3281 521.18 390.76 0.8321 500.58 387.96 0.1488 487.80 383.90 0.8768 484.79 435.11 0.9261 451.79 434.01 0.9923 485.26 516.23 0.7252 408.91 510.09 0.9837 510.06 582.11 0.6877 388.25 586.42 0.9605 489.93 584.47 0.9812 470.98 587.25 0.9938 504.41 693.51 0.9659 493.65 698.42 0.9888 483.93 799.57 0.9214 484.24 812.67 0.9610
117 469.03 345.43 712.66 830.90 0.8770 645.41 405.62 0.8952 644.41 394.16 0.4959 639.00 394.16 0.9044 621.81 388.94 0.1903 609.97 390.23 0.9007 603.47 438.05 0.9361 585.89 435.04 0.9948 605.99 511.27 0.7547 529.22 483.31 0.9893 637.15 570.08 0.7376 494.33 541.50 0.9748 612.63 574.58 0.9879 595.76 579.50 0.9965 662.51 664.17 0.9800 600.87 691.06 0.9944 641.63 737.77 0.9605 525.11 789.80 0.9822
118 506.58 346.63 832.44 815.37 0.9039 747.80 403.25 0.8847 752.43 395.08 0.4608 741.35 393.05 0.8780 736.75 389.83 0.2258 705.35 385.81 0.8860 717.27 435.42 0.9664 661.64 433.09 0.9962 713.09 514.54 0.8356 598.47 494.25 0.9895 720.32 578.28 0.7823 548.16 542.69 0.9716 700.69 570.30 0.9911 678.07 573.43 0.9970 691.00 659.40 0.9844 736.35 669.48 0.9947 654.65 742.10 0.9643 773.49 768.92 0.9820
119 729.84 327.56 881.27 838.97 0.8752 852.90 390.91 0.9343 856.04 380.68 0.6372 844.04 379.28 0.9353 841.44 377.55 0.2558 810.34 375.88 0.9141 829.40 432.08 0.9551 778.17 438.05 0.9958 832.05 512.00 0.7832 752.17 533.86 0.9882 861.28 563.61 0.7660 781.74 602.26 0.9727 830.61 588.29 0.9816 800.03 594.92 0.9939 839.12 684.22 0.9637 834.20 697.86 0.9883 794.55 764.93 0.9190 814.18 789.96 0.9598
120 805.73 324.85 1061.03 847.03 0.8939 976.28 375.09 0.8533 974.57 364.51 0.3074 966.39 365.42 0.9199 956.49 375.82 0.0493 935.58 376.13 0.9572 937.81 439.37 0.9603 911.18 444.41 0.9969 946.78 520.92 0.7056 912.96 537.44 0.9943 986.95 572.45 0.7025 976.42 581.92 0.9820 949.91 603.81 0.9923 921.80 610.25 0.9982 990.68 712.20 0.9774 896.63 719.64 0.9948 998.25 798.40 0.9467 835.02 813.00 0.9821
121 974.95 324.71 1175.19 871.42 0.8553 1084.82 368.78 0.7546 1085.50 360.43 0.2621 1079.14 362.02 0.7607 1062.70 372.03 0.1930 1060.16 377.17 0.8623 1054.32 438.03 0.9320 1039.34 447.28 0.9950 1058.60 513.72 0.7381 1011.71 530.89 0.9897 1084.03 575.02 0.7076 1008.04 615.31 0.9717 1058.04 597.32 0.9876 1059.61 603.32 0.9967 1038.32 706.59 0.9795 1098.28 718.11 0.9945 1006.60 807.72 0.9552 1108.21 832.61 0.9806
122 1004.20 326.23 1322.53 875.95 0.9131 1175.44 374.69 0.3919 1172.24 364.88 0.1328 1177.18 365.40 0.1901 1145.74 375.88 0.4252 1191.36 379.20 0.5908 1114.45 437.15 0.9765 1203.66 449.22 0.9895 1062.61 510.25 0.9498 1246.27 535.89 0.9790 1033.64 560.88 0.9186 1287.30 600.02 0.9548 1116.87 600.28 0.9965 1173.48 607.29 0.9974 1107.33 709.40 0.9929 1183.18 727.51 0.9949 1082.79 813.29 0.9746 1161.46 842.08 0.9797
123 899.46 317.19 1437.00 868.75 0.9201 1195.08 356.29 0.2986 1191.77 351.83 0.1047 1196.09 353.25 0.1335 1161.86 373.09 0.4700 1210.87 376.78 0.5549 1127.89 431.16 0.9846 1232.04 433.75 0.9862 1039.98 415.03 0.9719 1311.30 403.71 0.9763 959.30 380.29 0.9445 1390.81 355.80 0.9519 1133.38 593.32 0.9989 1191.87 596.18 0.9989 1115.89 713.54 0.9966 1187.28 729.89 0.9970 1112.67 812.43 0.9834 1168.29 840.88 0.9846
124 1031.70 215.01 1289.44 864.93 0.9057 1158.14 350.09 0.2323 1161.37 346.35 0.1075 1166.13 345.52 0.0547 1157.45 371.97 0.6138 1208.97 368.63 0.2831 1126.16 421.35 0.9870 1239.06 413.25 0.9770 1053.76 355.84 0.9828 1264.97 346.60 0.9596 1039.40 265.82 0.9571 1262.85 277.61 0.9201 1127.85 596.52 0.9984 1196.05 592.14 0.9978 1119.92 710.55 0.9959 1182.87 706.35 0.9949 1125.08 820.89 0.9787 1191.67 823.88 0.9765
125 1084.59 304.19 1283.96 845.69 0.8912 1188.30 372.55 0.1422 1188.18 364.79 0.0579 1190.26 367.09 0.0421 1171.15 378.87 0.4379 1215.53 385.15 0.2607 1140.53 417.27 0.9667 1248.54 424.67 0.9565 1100.16 370.81 0.9596 1268.02 379.87 0.9366 1129.90 330.39 0.9198 1247.37 341.70 0.8859 1153.26 585.32 0.9964 1221.60 587.79 0.9957 1130.36 690.98 0.9926 1188.25 698.42 0.9916 1125.56 797.64 0.9712 1185.26 809.81 0.9691
126 1039.96 227.51 1278.34 833.89 0.9119 1174.55 362.10 0.3691 1175.00 358.32 0.2333 1182.40 358.97 0.1137 1178.11 373.02 0.6000 1217.83 373.68 0.2478 1158.58 416.23 0.9784 1243.99 408.02 0.9590 1096.88 360.44 0.9770 1248.39 334.93 0.9424 1066.18 303.58 0.9654 1250.57 271.85 0.9319 1166.32 565.08 0.9972 1217.79 562.48 0.9962 1144.76 661.78 0.9901 1203.93 670.95 0.9871 1155.86 763.87 0.9480 1193.93 782.70 0.9396
127 1019.24 320.72 1300.65 760.36 0.8948 1173.68 358.01 0.4594 1172.24 348.40 0.2391 1175.89 349.16 0.2156 1151.91 354.64 0.6283 1193.34 356.79 0.5455 1131.73 409.61 0.9888 1207.88 410.74 0.9838 1080.07 465.03 0.9730 1242.41 465.38 0.9560 1050.91 512.36 0.9350 1276.09 501.52 0.9128 1139.59 539.49 0.9971 1186.88 539.58 0.9964 1142.35 629.99 0.9917 1189.31 627.91 0.9905 1151.58 718.18 0.9670 1185.13 713.41 0.9647
128 1103.27 318.77 1232.73 707.13 0.8857 1198.78 356.85 0.1507 1195.07 348.84 0.0705 1198.01 349.20 0.1038 1168.39 352.73 0.5074 1204.48 355.89 0.6826 1141.79 394.68 0.9808 1211.23 403.97 0.9870 1115.40 444.37 0.8870 1216.07 472.69 0.9209 1125.95 482.34 0.7017 1213.74 529.48 0.7469 1138.98 513.03 0.9930 1185.65 516.77 0.9941 1137.81 594.65 0.9801 1183.52 598.26 0.9809 1132.47 672.74 0.9534 1176.97 679.08 0.9546
129 1091.83 314.91 1249.64 691.34 0.8678 1172.07 349.74 0.1543 1171.04 341.19 0.1017 1172.51 341.61 0.0881 1158.93 344.99 0.6770 1190.57 346.27 0.6204 1139.37 388.18 0.9858 1204.43 388.20 0.9899 1118.11 449.75 0.9446 1225.17 437.51 0.9550 1104.82 501.68 0.8405 1229.59 466.88 0.8503 1141.90 498.68 0.9956 1184.02 499.23 0.9963 1135.26 576.77 0.9869 1177.24 578.48 0.9868 1133.01 649.09 0.9653 1172.19 651.96 0.9648
130 1074.13 302.54 1191.23 650.52 0.8807 1150.84 335.96 0.1758 1149.60 329.10 0.1151 1152.83 329.31 0.0958 1136.23 332.55 0.5928 1167.66 335.08 0.4977 1117.70 370.11 0.9791 1175.90 376.67 0.9818 1093.66 417.43 0.9093 1184.09 431.37 0.8970 1085.69 455.80 0.7675 1172.45 475.58 0.7349 1115.64 467.12 0.9926 1152.58 470.22 0.9927 1125.06 541.64 0.9829 1148.97 545.03 0.9806 1134.50 611.84 0.9628 1146.80 616.42 0.9589
131 1072.24 300.21 1191.55 635.23 0.8835 1157.47 330.73 0.1642 1153.82 323.32 0.0834 1156.90 323.55 0.1155 1130.44 326.48 0.5126 1160.79 328.72 0.6473 1109.91 363.40 0.9799 1166.96 369.88 0.9874 1088.53 408.89 0.9032 1177.73 424.62 0.9384 1085.96 447.39 0.7664 1178.62 471.76 0.8146 1112.06 459.73 0.9946 1149.08 462.75 0.9956 1113.48 529.06 0.9887 1142.99 531.90 0.9893 1115.00 593.70 0.9763 1139.27 598.56 0.9769
132 1062.37 299.81 1177.61 607.16 0.8712 1112.07 330.54 0.2105 1112.73 323.22 0.1801 1112.19 323.34 0.0912 1107.78 327.82 0.7576 1134.33 327.43 0.4694 1096.32 364.12 0.9862 1149.40 361.46 0.9820 1087.92 413.94 0.9429 1167.25 398.30 0.8792 1078.93 451.01 0.8359 1150.26 416.88 0.7203 1102.09 450.71 0.9939 1138.53 450.12 0.9928 1091.81 515.90 0.9860 1133.82 516.84 0.9803 1086.87 577.64 0.9692 1134.41 578.14 0.9600
133 1046.68 292.68 1152.94 577.72 0.8063 1118.97 319.30 0.3039 1116.66 312.59 0.1638 1116.04 313.09 0.2266 1098.23 315.98 0.5137 1119.66 316.89 0.6978 1079.48 347.59 0.9773 1126.53 347.71 0.9834 1061.02 389.47 0.8657 1135.87 385.13 0.9032 1060.27 418.85 0.7159 1131.42 405.73 0.7610 1081.66 423.77 0.9900 1113.40 424.27 0.9914 1087.54 482.67 0.9803 1116.75 483.55 0.9815 1082.84 542.10 0.9651 1112.45 544.58 0.9665
134 1067.30 297.84 1187.20 573.16 0.7406 1149.74 327.03 0.3043 1145.62 320.72 0.1041 1147.17 321.61 0.3336 1121.09 319.54 0.2746 1139.50 321.43 0.8147 1100.38 343.75 0.9544 1141.14 343.03 0.9871 1083.07 381.62 0.7158 1163.93 367.18 0.9544 1085.60 398.65 0.5751 1174.81 368.13 0.8606 1092.06 415.06 0.9846 1117.48 414.80 0.9921 1091.56 476.22 0.9715 1110.33 476.05 0.9845 1084.61 535.99 0.9525 1097.15 538.75 0.9690
135 1102.21 221.63 1201.86 472.42 0.7887 1190.36 246.64 0.6168 1190.61 240.51 0.1932 1189.20 240.89 0.6770 1167.47 237.60 0.1230 1180.50 239.71 0.8696 1149.70 256.46 0.9474 1165.05 262.69 0.9926 1149.98 294.76 0.6383 1168.76 303.39 0.9808 1168.76 318.89 0.5985 1183.29 325.85 0.9461 1129.28 332.78 0.9845 1140.73 335.81 0.9948 1134.29 392.11 0.9694 1149.10 393.91 0.9900 1124.53 446.12 0.9477 1141.69 451.64 0.9769
136 1118.49 196.93 1223.17 469.04 0.7249 1200.37 221.97 0.9009 1203.18 216.80 0.6632 1194.99 216.77 0.9157 1204.33 220.91 0.2456 1180.72 219.95 0.8875 1195.97 250.16 0.9607 1165.41 249.13 0.9936 1193.98 282.78 0.7020 1145.07 283.18 0.9777 1203.55 303.06 0.6803 1153.52 307.35 0.9492 1183.62 325.68 0.9793 1162.43 326.19 0.9922 1195.82 387.33 0.9573 1163.58 388.21 0.9834 1189.84 440.31 0.9371 1140.01 443.35 0.9688
137 1155.46 207.18 1248.12 475.23 0.7300 1208.79 234.22 0.9231 1214.92 229.06 0.8570 1204.39 228.31 0.8729 1223.16 231.24 0.6570 1196.63 229.11 0.7068 1229.87 260.67 0.9890 1183.15 257.65 0.9938 1234.72 300.71 0.9353 1167.46 292.79 0.9642 1232.42 337.02 0.9041 1169.29 326.18 0.9345 1216.38 333.63 0.9915 1186.92 332.28 0.9937 1213.03 392.77 0.9794 1184.13 391.14 0.9829 1206.67 448.00 0.9567 1179.04 445.88 0.9619
138 1124.66 252.42 1278.96 543.60 0.7791 1205.12 279.94 0.9510 1209.91 274.83 0.9063 1200.29 275.01 0.9046 1218.71 276.13 0.7151 1192.62 276.58 0.6996 1231.89 302.31 0.9933 1181.08 304.07 0.9962 1256.14 319.27 0.9693 1155.79 321.71 0.9818 1259.60 313.89 0.9544 1147.24 319.95 0.9674 1224.41 387.94 0.9939 1192.61 388.68 0.9956 1221.53 455.16 0.9757 1187.23 455.71 0.9797 1218.92 515.61 0.9224 1182.68 516.70 0.9310
139 1154.73 297.20 1247.66 589.97 0.8404 1194.51 325.28 0.9421 1201.40 319.30 0.9095 1189.50 319.56 0.8777 1213.26 323.28 0.7752 1183.39 324.26 0.6470 1226.16 357.46 0.9925 1175.61 358.86 0.9936 1235.43 401.91 0.9621 1168.94 400.59 0.9579 1228.67 435.20 0.9394 1184.70 426.69 0.9302 1219.33 437.05 0.9909 1187.38 437.44 0.9917 1215.59 500.75 0.9722 1188.15 500.31 0.9713 1212.76 556.60 0.9303 1194.83 555.32 0.9287
140 1139.59 291.68 1261.96 615.64 0.8760 1194.24 317.37 0.9521 1201.64 311.07 0.9325 1189.00 311.13 0.8938 1215.50 317.18 0.8093 1183.57 317.65 0.6322 1230.96 358.63 0.9938 1174.79 360.83 0.9944 1250.25 400.71 0.9623 1161.72 409.34 0.9500 1250.65 435.35 0.9331 1153.82 454.84 0.9112 1218.19 450.74 0.9926 1182.87 450.57 0.9931 1212.37 516.47 0.9764 1173.62 515.66 0.9739 1208.95 578.58 0.9459 1172.85 577.27 0.9418
141 1111.53 305.04 1233.76 650.57 0.8720 1156.19 332.58 0.9549 1163.94 325.87 0.9486 1151.02 326.13 0.8690 1178.51 331.24 0.8736 1145.43 333.32 0.4952 1197.24 371.89 0.9956 1141.23 378.93 0.9926 1223.92 409.11 0.9847 1134.44 430.38 0.9403 1216.45 423.00 0.9730 1127.29 464.58 0.9166 1187.01 472.62 0.9959 1150.87 474.28 0.9944 1192.58 546.93 0.9898 1149.76 547.39 0.9832 1202.28 613.72 0.9727 1155.86 613.19 0.9607
142 1072.99 309.23 1206.99 662.10 0.8699 1113.70 339.43 0.9329 1121.37 332.35 0.9441 1110.96 332.99 0.7454 1141.54 336.94 0.9113 1112.75 339.31 0.2917 1166.08 379.83 0.9954 1112.43 381.04 0.9858 1189.55 429.99 0.9848 1101.12 423.04 0.8587 1192.46 473.60 0.9677 1090.59 444.82 0.8248 1155.97 480.51 0.9939 1124.72 479.76 0.9890 1146.22 553.96 0.9820 1131.58 553.51 0.9606 1145.07 622.34 0.9507 1145.04 619.83 0.9133
143 1021.46 312.40 1161.84 691.95 0.8544 1062.53 345.97 0.9318 1071.29 337.76 0.9553 1060.80 337.70 0.6838 1097.45 341.31 0.9336 1064.70 343.19 0.1643 1128.35 388.96 0.9942 1067.97 392.13 0.9678 1148.54 446.54 0.9875 1065.30 453.62 0.7349 1132.62 500.51 0.9747 1050.13 513.16 0.7379 1112.71 506.07 0.9932 1072.88 504.35 0.9824 1113.94 581.14 0.9868 1061.27 578.99 0.9586 1120.93 657.82 0.9695 1059.79 652.41 0.9297
144 948.19 316.11 1111.49 724.14 0.8673 987.18 368.87 0.9408 996.63 360.27 0.9565 984.27 359.88 0.7257 1021.24 360.42 0.9251 986.11 361.12 0.1924 1044.67 404.65 0.9949 991.18 404.86 0.9759 1066.23 469.01 0.9903 991.98 465.46 0.8092 1054.97 531.25 0.9811 979.18 518.58 0.8086 1035.46 524.73 0.9957 998.17 523.09 0.9896 1046.59 607.56 0.9916 982.47 605.22 0.9747 1086.34 680.82 0.9795 994.11 675.29 0.9538
145 816.67 334.11 1062.16 764.50 0.9112 931.94 383.42 0.9618 940.64 373.34 0.9365 922.57 375.35 0.8607 963.62 369.41 0.8779 919.27 375.51 0.6101 994.53 418.41 0.9968 917.36 425.09 0.9904 1036.57 469.27 0.9866 886.05 477.11 0.9427 1045.31 529.17 0.9659 848.64 514.25 0.9044 977.11 545.70 0.9968 938.72 543.98 0.9944 943.71 630.33 0.9908 949.81 615.37 0.9847 932.06 718.40 0.9649 982.34 688.32 0.9532
146 790.83 331.75 985.64 802.69 0.8814 872.27 385.09 0.9610 881.02 373.21 0.9504 860.90 376.27 0.8320 903.94 369.68 0.8928 856.35 379.25 0.4693 937.37 420.56 0.9957 862.92 432.91 0.9740 972.22 489.90 0.9867 866.13 505.24 0.8646 949.73 555.94 0.9698 868.10 557.88 0.8362 920.41 569.20 0.9942 869.70 570.04 0.9854 920.56 678.22 0.9831 851.70 676.58 0.9602 926.54 775.81 0.9384 835.36 763.67 0.8979
147 601.20 339.11 1043.06 865.19 0.9245 828.22 404.54 0.9820 837.72 393.10 0.9212 816.85 394.93 0.9629 849.93 388.70 0.6591 793.53 391.96 0.8653 871.91 443.94 0.9941 764.90 448.02 0.9972 937.37 501.24 0.9673 701.04 496.11 0.9883 995.99 546.75 0.9401 638.75 531.75 0.9734 859.49 609.85 0.9972 793.09 614.31 0.9981 870.61 720.68 0.9923 790.24 730.25 0.9950 896.04 800.32 0.9736 802.58 816.51 0.9801
148 717.74 213.38 1001.87 934.62 0.9104 876.91 411.94 0.9823 880.06 398.78 0.8727 860.44 399.47 0.9747 880.26 393.84 0.3585 816.83 393.60 0.9288 894.15 449.98 0.9888 776.78 430.87 0.9974 928.52 422.99 0.9376 737.90 355.35 0.9913 970.73 390.95 0.9091 772.58 271.14 0.9803 879.14 644.10 0.9957 803.55 636.97 0.9979 872.27 768.86 0.9888 794.65 740.23 0.9945 863.41 886.13 0.9613 791.09 829.27 0.9760
149 805.42 323.72 987.84 1015.29 0.8557 974.25 435.65 0.9055 980.33 424.77 0.5487 964.38 425.11 0.9337 960.09 420.88 0.1665 921.52 421.46 0.9105 917.28 465.21 0.8716 893.11 463.69 0.9893 889.70 449.15 0.5281 867.76 389.46 0.9718 898.22 452.30 0.5281 885.26 329.87 0.9337 904.90 656.41 0.9708 887.81 664.58 0.9910 904.76 781.45 0.9734 912.16 815.80 0.9920 878.14 889.58 0.9587 907.20 947.05 0.9806
150 924.62 264.67 1125.65 1052.39 0.8742 1104.63 452.16 0.7600 1104.90 443.32 0.2015 1098.84 440.33 0.7935 1079.72 445.27 0.0667 1055.87 435.39 0.8573 1049.06 509.19 0.9028 1021.67 469.50 0.9923 1055.39 578.82 0.7162 1005.28 398.93 0.9906 1062.71 678.45 0.6921 1029.26 325.53 0.9763 1033.17 705.45 0.9939 1010.13 699.31 0.9983 1053.41 832.55 0.9900 1032.11 864.95 0.9975 993.70 923.55 0.9770 977.54 984.98 0.9903
151 983.12 225.10 1332.62 1089.66 0.9126 1284.33 492.65 0.8476 1278.35 480.17 0.2789 1276.61 476.40 0.8885 1230.10 475.28 0.0739 1229.96 467.28 0.9341 1202.55 539.75 0.8927 1183.36 497.81 0.9950 1175.90 607.23 0.6747 1210.35 392.43 0.9934 1228.66 670.17 0.6613 1280.20 267.55 0.9768 1185.88 757.05 0.9901 1152.00 746.91 0.9976 1245.23 898.02 0.9856 1118.27 878.57 0.9965 1243.02 1024.98 0.9683 1029.36 991.37 0.9877
152 1099.93 405.51 1548.47 1254.81 0.9101 1510.53 524.90 0.9084 1520.75 509.71 0.4290 1503.01 507.60 0.9393 1493.42 492.41 0.1222 1445.49 488.02 0.9446 1428.49 556.04 0.9425 1369.20 572.30 0.9974 1386.63 667.03 0.6553 1222.97 685.39 0.9899 1361.16 774.73 0.5940 1146.35 796.03 0.9665 1378.64 793.63 0.9946 1358.27 811.02 0.9987 1326.86 918.97 0.9944 1393.78 991.70 0.9986 1249.42 1036.82 0.9885 1414.22 1163.29 0.9949
153 1361.40 406.04 1825.69 1319.25 0.9290 1794.42 540.38 0.7637 1797.99 526.17 0.1091 1785.88 518.48 0.8207 1762.26 530.45 0.0176 1706.01 511.32 0.9076 1715.88 624.13 0.9065 1576.36 609.93 0.9972 1701.60 779.34 0.8056 1441.17 755.45 0.9971 1682.82 902.85 0.8220 1398.65 897.63 0.9928 1639.26 883.88 0.9971 1544.38 886.78 0.9994 1667.81 1053.31 0.9924 1531.25 1094.59 0.9984 1604.28 1118.30 0.9709 1466.48 1198.20 0.9881
154 1504.57 458.06 2048.00 1487.52 0.9401 2048.00 568.29 0.0243 2048.00 557.61 0.0018 2048.00 550.48 0.0522 2032.12 579.10 0.0038 2010.65 567.10 0.3939 1993.98 695.35 0.1382 1932.29 707.84 0.9367 2001.50 911.56 0.0779 1826.38 952.10 0.9644 2001.14 1088.56 0.0764 1891.77 1072.01 0.8556 1931.64 1031.30 0.9321 1914.51 1043.57 0.9907 1825.11 1240.88 0.8563 1986.02 1313.64 0.9790 1546.30 1239.64 0.7316 1911.84 1356.89 0.8999
