30 1337.94 191.87 1427.32 424.08 0.6950 1383.62 214.50 0.9086 1388.34 210.03 0.8952 1379.99 209.84 0.7801 1395.99 212.47 0.7991 1375.15 212.47 0.4394 1406.98 238.93 0.9912 1366.16 239.20 0.9866 1419.94 266.91 0.9682 1356.34 269.94 0.9239 1408.75 290.44 0.9523 1353.42 298.64 0.8994 1394.90 304.90 0.9885 1368.53 303.99 0.9863 1385.52 355.17 0.9662 1358.77 352.96 0.9567 1374.26 399.16 0.8904 1351.24 396.69 0.8702
31 1336.21 203.14 1413.32 441.30 0.6813 1380.18 223.03 0.8692 1384.69 218.66 0.8001 1376.17 218.53 0.7923 1391.02 221.34 0.6262 1369.97 221.12 0.6086 1398.52 248.80 0.9843 1358.36 247.78 0.9882 1403.08 280.02 0.9131 1348.42 279.85 0.9474 1400.00 307.27 0.8746 1346.17 309.11 0.9128 1388.02 315.82 0.9831 1361.54 314.94 0.9850 1384.61 368.13 0.9520 1356.74 366.78 0.9581 1379.31 414.27 0.8650 1356.27 412.60 0.8777
32 1336.79 216.29 1427.36 448.70 0.7615 1382.79 238.03 0.7990 1387.36 233.23 0.7801 1378.96 233.32 0.5448 1395.97 234.51 0.7423 1374.30 235.31 0.2721 1409.52 258.49 0.9836 1368.28 259.43 0.9766 1418.24 291.00 0.9217 1360.44 287.31 0.8674 1418.25 319.15 0.8566 1363.47 267.51 0.8081 1399.56 324.11 0.9858 1370.94 323.41 0.9835 1397.27 375.11 0.9712 1362.93 370.87 0.9657 1391.26 421.42 0.9263 1354.92 413.71 0.9182
33 1345.56 227.31 1436.90 453.43 0.5090 1378.88 247.36 0.5742 1383.05 242.51 0.5791 1376.59 242.96 0.1848 1395.97 241.40 0.7006 1377.13 243.35 0.0799 1414.53 263.12 0.9709 1372.21 265.25 0.9305 1426.36 297.31 0.9432 1358.55 294.61 0.7628 1408.28 322.19 0.8944 1361.67 290.32 0.7030 1403.58 333.56 0.9687 1375.59 333.17 0.9540 1393.51 383.48 0.8894 1371.10 382.29 0.8308 1385.95 430.11 0.6687 1368.83 428.90 0.5883
34 1353.48 225.76 1423.88 454.08 0.5526 1381.88 244.88 0.8896 1386.46 240.89 0.9136 1380.80 240.01 0.3942 1398.16 243.06 0.9125 1381.47 241.84 0.0621 1411.03 268.50 0.9933 1377.61 266.04 0.9533 1409.74 303.42 0.9821 1367.02 291.96 0.5871 1378.39 315.66 0.9618 1352.41 289.15 0.5714 1397.55 333.71 0.9899 1373.47 331.94 0.9743 1398.91 383.45 0.9825 1371.32 383.22 0.9482 1394.82 420.15 0.9513 1371.40 425.65 0.8954
35 1341.78 231.25 1421.46 478.49 0.8676 1379.33 255.36 0.9805 1385.19 250.77 0.9816 1376.40 250.04 0.9046 1397.02 252.45 0.9413 1373.08 250.99 0.3381 1407.23 281.17 0.9971 1367.25 272.66 0.9955 1408.49 324.57 0.9804 1355.17 300.81 0.9321 1375.54 333.77 0.9660 1352.75 308.10 0.9080 1387.47 349.45 0.9968 1361.62 344.00 0.9959 1382.44 403.01 0.9916 1360.43 396.84 0.9878 1379.37 453.37 0.9711 1364.89 445.36 0.9625
36 1330.41 235.99 1421.11 489.81 0.8792 1379.40 263.07 0.9875 1385.05 257.87 0.9910 1376.92 257.51 0.8727 1397.38 258.82 0.9704 1374.32 258.69 0.1605 1408.24 289.23 0.9980 1371.42 284.24 0.9913 1402.40 331.82 0.9921 1365.88 314.65 0.8637 1362.20 334.83 0.9887 1350.30 324.46 0.8772 1391.99 364.96 0.9964 1365.68 361.10 0.9931 1387.19 418.82 0.9966 1353.12 412.14 0.9920 1381.15 467.09 0.9913 1355.44 457.01 0.9843
37 1318.14 242.45 1413.36 505.32 0.8801 1365.64 268.72 0.8830 1369.30 263.81 0.9129 1366.22 263.42 0.1975 1382.99 265.57 0.9321 1375.94 265.52 0.0145 1393.68 296.33 0.9934 1381.99 291.01 0.9386 1373.22 337.33 0.9842 1368.15 319.11 0.5235 1345.22 319.99 0.9706 1351.72 301.39 0.5644 1377.15 370.49 0.9954 1365.32 366.18 0.9859 1370.36 425.98 0.9974 1347.57 420.92 0.9898 1387.82 479.12 0.9939 1346.97 474.92 0.9841
38 1341.11 243.64 1432.18 506.79 0.7959 1374.76 271.35 0.0717 1375.39 266.49 0.0852 1375.49 265.39 0.0157 1379.35 268.78 0.8381 1399.29 263.70 0.2212 1383.75 300.20 0.9968 1417.74 290.27 0.9663 1368.42 341.58 0.9497 1426.40 319.13 0.4192 1366.47 336.39 0.5765 1401.16 320.80 0.1191 1389.02 375.73 0.9979 1406.60 368.06 0.9929 1384.41 428.09 0.9970 1376.64 419.58 0.9883 1391.69 489.83 0.9948 1366.94 462.01 0.9859
39 1357.74 242.57 1435.70 505.68 0.8504 1376.62 268.73 0.0988 1377.31 264.19 0.1020 1378.99 262.91 0.0307 1379.15 266.63 0.8377 1400.19 262.40 0.3699 1381.13 297.54 0.9924 1417.75 288.08 0.9850 1372.45 338.89 0.9163 1427.11 319.36 0.7468 1363.85 360.07 0.6484 1419.49 339.64 0.4226 1390.31 370.32 0.9948 1412.93 365.28 0.9929 1383.48 425.22 0.9834 1397.56 419.87 0.9750 1389.76 479.25 0.9488 1393.50 472.87 0.9312
40 1353.52 240.85 1434.15 506.24 0.8582 1371.56 267.41 0.2051 1372.04 262.46 0.2783 1373.51 261.44 0.0371 1376.61 262.07 0.9391 1395.12 259.11 0.1924 1383.40 290.86 0.9964 1414.05 283.50 0.9873 1377.38 337.49 0.9755 1424.99 318.34 0.7591 1362.12 376.01 0.8672 1416.38 345.07 0.4930 1389.03 367.32 0.9970 1407.24 363.08 0.9946 1384.84 424.89 0.9890 1394.08 421.01 0.9764 1392.08 481.60 0.9574 1391.65 476.77 0.9264
41 1353.88 240.48 1438.68 506.66 0.8445 1371.44 268.62 0.2801 1372.08 263.39 0.2912 1371.36 262.98 0.0538 1376.94 262.20 0.9002 1393.67 259.71 0.2321 1383.08 290.10 0.9977 1413.66 286.72 0.9945 1379.00 336.79 0.9915 1425.44 321.37 0.9376 1368.35 373.27 0.9537 1426.36 303.32 0.7756 1387.06 366.58 0.9980 1404.49 363.55 0.9971 1382.64 422.38 0.9885 1391.75 419.53 0.9829 1394.03 478.09 0.9434 1387.36 472.14 0.9261
42 1300.99 240.84 1412.04 494.27 0.8923 1355.46 269.87 0.5664 1356.50 264.35 0.7036 1354.88 263.71 0.0753 1364.13 263.36 0.9510 1376.33 259.89 0.0631 1376.59 293.67 0.9980 1395.95 286.97 0.9212 1377.31 338.57 0.9919 1402.42 328.51 0.2392 1364.91 379.12 0.9592 1389.71 367.01 0.1947 1376.60 369.34 0.9976 1394.34 365.48 0.9832 1349.10 415.34 0.9977 1385.50 418.52 0.9783 1336.20 469.99 0.9954 1389.56 471.35 0.9755
43 1276.64 226.96 1370.72 489.86 0.8465 1320.35 255.99 0.8401 1324.49 251.62 0.8500 1321.75 250.81 0.1928 1336.31 256.58 0.8993 1330.80 254.59 0.0216 1343.39 289.52 0.9903 1329.11 276.13 0.9771 1348.53 316.58 0.9810 1313.57 259.67 0.8988 1336.33 301.83 0.9753 1304.98 245.15 0.9075 1330.19 363.44 0.9965 1322.74 358.48 0.9949 1318.08 417.80 0.9963 1320.95 413.17 0.9941 1310.05 465.46 0.9878 1353.19 447.79 0.9840
44 1208.56 203.95 1400.97 489.90 0.9165 1282.38 256.36 0.9891 1288.21 252.16 0.9898 1280.00 251.25 0.8953 1300.32 255.92 0.9554 1278.18 253.98 0.1749 1313.51 282.68 0.9978 1271.91 273.25 0.9965 1348.54 273.41 0.9936 1253.25 245.76 0.9817 1376.21 252.86 0.9933 1240.20 219.72 0.9834 1295.23 361.82 0.9986 1267.48 357.87 0.9983 1296.64 419.14 0.9976 1250.11 414.09 0.9971 1305.14 467.86 0.9907 1234.68 465.72 0.9899
45 1168.73 189.80 1380.08 505.64 0.9082 1247.17 256.10 0.9912 1252.59 251.87 0.9818 1242.49 251.85 0.9734 1260.83 257.42 0.8339 1234.88 257.09 0.7272 1274.04 284.18 0.9983 1221.79 278.26 0.9979 1313.08 272.04 0.9930 1194.31 250.85 0.9876 1347.99 247.63 0.9935 1178.89 215.95 0.9890 1253.16 364.17 0.9985 1222.62 361.95 0.9984 1240.27 421.63 0.9979 1218.62 418.82 0.9977 1239.28 477.24 0.9935 1227.03 469.13 0.9928
46 1109.46 248.01 1362.85 520.68 0.9294 1222.87 270.97 0.9915 1228.38 266.10 0.9700 1217.86 266.09 0.9868 1234.72 269.39 0.6312 1208.05 268.89 0.9135 1249.34 294.60 0.9986 1193.24 294.45 0.9985 1291.68 291.89 0.9944 1155.61 290.30 0.9914 1333.76 279.24 0.9943 1126.61 276.14 0.9909 1233.07 379.76 0.9987 1201.49 377.51 0.9987 1221.37 441.99 0.9974 1189.78 435.39 0.9969 1207.33 494.99 0.9891 1201.49 459.79 0.9877
47 1143.40 265.40 1242.58 549.33 0.8898 1196.70 294.89 0.9757 1201.49 289.50 0.9596 1190.98 290.10 0.9631 1208.67 289.70 0.6813 1181.78 290.74 0.7936 1221.56 318.58 0.9968 1173.23 316.94 0.9617 1230.86 357.46 0.9754 1167.47 350.26 0.4944 1235.98 395.18 0.9461 1174.76 368.41 0.5325 1210.80 399.88 0.9948 1178.60 399.64 0.9805 1212.02 460.30 0.9967 1172.66 459.58 0.9850 1203.55 501.27 0.9956 1160.97 518.56 0.9851
48 1130.77 273.60 1220.45 562.64 0.8744 1177.97 306.54 0.9849 1183.24 300.83 0.9665 1172.91 301.10 0.9700 1190.68 298.52 0.7694 1163.45 299.00 0.8287 1203.30 326.20 0.9982 1148.74 325.74 0.9971 1210.89 366.11 0.9885 1140.32 363.59 0.9675 1211.33 404.40 0.9837 1141.76 395.89 0.9608 1193.13 412.90 0.9975 1157.62 413.09 0.9970 1192.35 474.92 0.9968 1155.23 475.35 0.9956 1185.47 530.12 0.9915 1157.20 526.32 0.9889
49 1025.06 290.98 1338.57 594.65 0.9278 1188.78 330.21 0.9860 1194.10 324.31 0.9390 1182.96 323.59 0.9802 1199.07 320.10 0.4814 1169.42 318.21 0.9154 1211.89 341.84 0.9978 1150.33 339.54 0.9979 1256.47 349.76 0.9890 1103.04 344.92 0.9859 1305.98 351.06 0.9870 1051.48 342.35 0.9830 1193.37 441.95 0.9982 1156.26 437.96 0.9981 1183.31 516.23 0.9960 1145.95 498.73 0.9952 1175.36 568.00 0.9837 1149.22 531.59 0.9819
50 1077.11 232.17 1281.70 643.75 0.9256 1187.57 353.75 0.9904 1192.99 347.18 0.9780 1181.02 346.48 0.9750 1202.84 340.88 0.7448 1170.60 340.16 0.7158 1213.69 354.85 0.9967 1156.05 355.46 0.9973 1242.93 318.67 0.9824 1123.09 326.50 0.9899 1261.91 265.66 0.9866 1100.27 281.51 0.9917 1199.09 461.44 0.9981 1162.58 464.55 0.9983 1192.37 526.19 0.9975 1159.60 540.19 0.9981 1173.66 559.40 0.9931 1157.66 614.76 0.9941
51 1134.64 292.13 1229.24 668.92 0.8538 1186.00 368.29 0.9742 1192.51 361.32 0.9416 1180.42 360.86 0.9442 1201.16 357.09 0.5673 1168.86 355.88 0.5940 1207.59 376.86 0.9878 1155.87 375.14 0.9890 1212.89 338.95 0.9453 1155.45 338.42 0.9545 1209.04 310.43 0.9564 1181.03 307.43 0.9636 1195.65 484.67 0.9960 1159.96 484.65 0.9962 1200.18 564.44 0.9974 1155.76 563.91 0.9975 1194.30 631.30 0.9947 1159.10 620.90 0.9948
52 1140.46 327.49 1252.65 703.52 0.8902 1201.01 393.35 0.9790 1208.12 385.89 0.9619 1194.62 385.53 0.9553 1218.02 383.21 0.6920 1183.54 382.20 0.6112 1229.16 408.17 0.9887 1173.12 405.19 0.9920 1240.62 378.74 0.9299 1169.26 365.67 0.9602 1240.86 356.13 0.9422 1192.68 346.45 0.9637 1214.49 524.14 0.9956 1175.73 521.72 0.9963 1208.05 608.26 0.9958 1162.03 603.57 0.9963 1195.79 667.53 0.9904 1152.17 629.89 0.9917
53 1107.70 363.96 1314.37 782.09 0.9256 1208.24 433.56 0.9875 1215.20 424.93 0.9668 1199.97 425.98 0.9765 1225.21 416.21 0.6415 1186.28 418.81 0.7888 1240.08 437.64 0.9970 1170.08 434.14 0.9968 1296.71 426.19 0.9893 1123.56 405.38 0.9888 1255.99 411.00 0.9917 1177.73 378.70 0.9921 1219.27 562.29 0.9983 1178.36 564.47 0.9984 1219.52 635.62 0.9974 1177.45 651.56 0.9976 1195.61 680.19 0.9916 1172.40 734.85 0.9913
54 1135.93 310.72 1299.64 798.84 0.9150 1240.82 466.36 0.9904 1248.52 458.72 0.8746 1234.66 457.27 0.9915 1251.20 450.68 0.0976 1212.68 443.54 0.9648 1245.29 482.03 0.9968 1179.97 453.96 0.9972 1251.96 516.90 0.9871 1162.57 399.31 0.9884 1271.59 553.52 0.9865 1196.85 344.35 0.9909 1223.34 599.47 0.9985 1175.78 593.77 0.9985 1245.63 682.00 0.9979 1173.27 681.77 0.9977 1258.68 766.65 0.9909 1179.00 745.46 0.9892
55 1151.05 403.96 1345.67 910.95 0.9280 1311.89 530.57 0.9949 1321.93 523.84 0.8909 1307.94 518.99 0.9957 1324.85 517.54 0.0493 1286.11 501.97 0.9760 1310.20 545.85 0.9968 1248.52 519.33 0.9976 1300.72 581.34 0.9924 1211.23 491.44 0.9899 1315.53 619.66 0.9944 1187.19 443.20 0.9936 1270.61 668.67 0.9986 1223.37 653.45 0.9985 1265.72 756.51 0.9986 1190.52 725.24 0.9979 1271.24 865.90 0.9944 1174.69 749.82 0.9925
56 1109.15 483.73 1554.25 916.51 0.9418 1318.64 556.09 0.9952 1330.92 547.84 0.9932 1311.10 544.29 0.9822 1349.29 531.37 0.9131 1295.72 523.11 0.6469 1371.13 553.82 0.9992 1266.51 541.46 0.9983 1441.49 580.24 0.9965 1203.30 581.29 0.9801 1512.91 592.04 0.9945 1148.52 621.04 0.9698 1308.83 698.00 0.9991 1243.56 688.29 0.9989 1307.35 785.96 0.9971 1203.11 779.21 0.9956 1272.09 860.25 0.9843 1158.79 866.51 0.9782
57 1204.19 471.64 1447.37 1039.59 0.9334 1238.82 619.09 0.9926 1247.03 607.59 0.9970 1228.70 610.71 0.8492 1270.13 588.46 0.9839 1223.39 600.35 0.0359 1322.55 599.99 0.9979 1235.07 632.53 0.9295 1377.18 557.34 0.9729 1246.55 673.63 0.2942 1419.98 505.72 0.9365 1251.53 705.48 0.3389 1319.29 757.20 0.9963 1265.07 770.51 0.9796 1302.25 845.17 0.9975 1261.64 862.14 0.9875 1280.32 869.89 0.9959 1257.21 978.16 0.9867
58 1083.98 566.45 1555.70 1057.67 0.9519 1222.12 651.50 0.9978 1232.19 637.90 0.9988 1211.37 641.41 0.9385 1261.76 616.61 0.9929 1203.81 628.87 0.0677 1322.74 651.13 0.9996 1202.65 664.33 0.9991 1417.56 687.03 0.9980 1163.97 718.93 0.9908 1508.23 719.77 0.9975 1122.02 771.72 0.9903 1311.88 823.85 0.9998 1241.49 826.43 0.9997 1315.29 929.09 0.9995 1241.16 920.53 0.9994 1305.69 998.31 0.9969 1256.36 985.20 0.9969
59 1079.81 540.37 1380.34 1242.66 0.9390 1257.89 714.12 0.9961 1273.68 701.77 0.9974 1246.93 700.13 0.9719 1304.16 686.19 0.9760 1232.68 681.10 0.3320 1335.68 743.72 0.9987 1212.66 706.96 0.9979 1341.80 825.37 0.9945 1150.15 659.22 0.9673 1341.60 907.50 0.9915 1106.97 584.20 0.9744 1288.87 913.66 0.9983 1211.10 890.04 0.9977 1263.75 1039.25 0.9962 1209.98 984.99 0.9933 1235.08 1151.73 0.9772 1229.26 993.25 0.9723
60 1111.43 672.75 1395.52 1399.66 0.9278 1238.57 839.51 0.9970 1257.85 823.97 0.9981 1224.40 821.09 0.9293 1297.63 797.41 0.9846 1208.51 788.25 0.0720 1340.57 857.37 0.9992 1202.09 800.52 0.9974 1356.26 967.10 0.9967 1175.40 726.46 0.9589 1375.05 1083.24 0.9931 1234.03 699.23 0.9675 1284.94 1033.92 0.9994 1194.57 1022.64 0.9992 1273.48 1135.42 0.9989 1177.98 1169.91 0.9986 1227.67 1176.86 0.9946 1154.69 1318.97 0.9932
61 1089.41 752.72 1384.07 1489.46 0.9310 1236.90 1001.12 0.9921 1257.63 984.56 0.9948 1220.59 983.15 0.9523 1299.72 951.57 0.9572 1198.81 945.26 0.2833 1329.74 998.03 0.9983 1168.71 948.94 0.9971 1330.94 1078.05 0.9941 1131.59 890.22 0.9717 1343.18 1179.95 0.9883 1214.85 817.20 0.9734 1272.03 1210.64 0.9994 1163.54 1191.30 0.9992 1275.87 1356.25 0.9969 1150.48 1322.84 0.9958 1257.58 1419.77 0.9761 1166.30 1370.35 0.9724
62 921.77 990.31 1477.41 1491.99 0.9460 1283.77 1278.38 0.9599 1309.66 1258.96 0.9393 1264.16 1253.84 0.9412 1355.08 1215.85 0.6741 1234.78 1201.46 0.6688 1406.80 1230.77 0.9821 1194.04 1181.02 0.9949 1430.69 1314.70 0.8915 1092.70 1129.74 0.9945 1444.43 1365.96 0.7316 1002.08 1047.19 0.9889 1336.69 1448.79 0.9614 1195.52 1429.44 0.9766 1324.25 1485.58 0.1298 1161.73 1487.18 0.2565 1330.59 1478.91 0.0106 1161.05 1496.31 0.0196
63 833.10 1085.29 1373.29 1492.51 0.9261 1198.24 1407.18 0.1025 1200.77 1405.51 0.1423 1208.53 1403.10 0.0569 1214.00 1424.12 0.6221 1267.27 1414.69 0.3054 1185.08 1423.33 0.6582 1263.34 1419.20 0.6518 1046.31 1245.11 0.4864 1066.98 1257.11 0.4039 911.26 1142.44 0.5029 916.64 1154.80 0.4869 1203.22 1485.18 0.0151 1267.05 1478.55 0.0158 994.50 1370.92 0.0033 1105.62 1358.98 0.0022 1000.64 1433.26 0.0034 1089.39 1482.72 0.0027
66 414.60 1251.40 968.43 1493.81 0.7562 805.10 1391.77 0.0325 801.27 1383.00 0.0622 823.71 1378.69 0.0110 812.32 1419.85 0.5420 949.51 1397.99 0.1545 806.50 1500.00 0.5399 982.85 1480.27 0.0820 636.45 1452.80 0.5147 800.82 1465.60 0.0148 487.15 1363.49 0.5722 537.33 1366.14 0.0709 817.00 1497.41 0.0071 945.08 1478.05 0.0021 626.04 1391.45 0.0057 728.66 1378.33 0.0010 574.00 1400.26 0.0081 658.52 1456.67 0.0021
67 553.02 945.16 1141.61 1495.20 0.9270 667.20 1184.13 0.0629 657.71 1177.20 0.0265 684.19 1160.37 0.0362 621.44 1210.01 0.5435 742.51 1155.58 0.5295 628.49 1427.21 0.7582 854.22 1255.00 0.9661 648.14 1500.00 0.0763 1001.76 1125.29 0.8533 765.08 1453.86 0.0477 1084.53 1031.76 0.7100 727.34 1500.00 0.0803 884.45 1500.00 0.2587 776.66 1476.70 0.0115 878.06 1451.56 0.0434 734.14 1480.25 0.0031 1009.75 1463.89 0.0070
68 400.87 800.55 778.57 1495.25 0.9170 538.78 1002.31 0.0160 523.27 990.88 0.0098 542.41 986.42 0.0109 473.76 1017.93 0.7663 573.70 995.67 0.7114 452.69 1179.79 0.9920 630.99 1057.26 0.9961 501.81 1297.78 0.7643 629.97 895.30 0.9825 485.85 1217.88 0.2310 529.07 802.46 0.8949 565.30 1368.02 0.9901 695.33 1322.13 0.9932 605.99 1500.00 0.4059 714.24 1446.66 0.6194 660.95 1500.00 0.0339 724.99 1500.00 0.0666
69 327.45 787.60 663.83 1494.60 0.9220 441.99 888.56 0.0199 430.70 872.98 0.0214 444.25 871.68 0.0125 407.95 886.72 0.9120 499.82 870.04 0.8592 391.32 1038.80 0.9992 536.26 924.91 0.9982 404.51 1177.02 0.9983 587.65 854.46 0.9825 396.31 1248.70 0.9849 518.40 890.23 0.8806 488.17 1215.99 0.9980 575.06 1167.16 0.9971 542.03 1373.63 0.9653 594.88 1252.44 0.9467 600.72 1459.66 0.7546 623.92 1358.60 0.7219
70 271.30 588.37 619.62 1357.68 0.9196 367.72 782.01 0.0284 353.93 774.77 0.0218 371.98 769.66 0.0122 329.11 799.05 0.8390 408.52 772.27 0.7033 331.50 913.08 0.9993 447.06 808.03 0.9981 375.68 1055.50 0.9957 447.77 669.30 0.9688 415.59 1130.29 0.9529 403.42 594.01 0.9076 436.22 1069.52 0.9998 523.27 1042.63 0.9997 441.35 1159.64 0.9976 550.67 1185.67 0.9968 463.97 1223.22 0.9784 571.11 1294.27 0.9690
71 192.22 475.47 525.49 1207.98 0.9288 306.09 698.56 0.0189 300.29 691.40 0.0152 305.17 689.83 0.0186 254.47 715.19 0.8716 329.10 700.53 0.8589 236.48 823.01 0.9990 363.51 743.63 0.9992 236.65 951.59 0.9939 409.95 635.67 0.9984 242.30 1013.52 0.9620 418.02 542.74 0.9897 323.61 977.02 0.9998 408.22 948.40 0.9998 364.30 1090.58 0.9986 448.91 1034.26 0.9993 440.27 1182.11 0.9926 474.53 1139.43 0.9956
72 0.00 575.75 597.74 1188.77 0.9418 274.27 646.43 0.1000 269.89 641.50 0.0237 281.62 640.25 0.0334 235.64 655.65 0.5287 308.05 648.13 0.6478 208.55 727.44 0.9963 349.65 718.47 0.9968 94.03 704.44 0.9835 451.18 765.78 0.9775 18.13 632.12 0.9140 552.16 774.07 0.8719 294.46 910.12 0.9994 369.93 891.20 0.9993 354.80 1032.61 0.9974 401.95 932.25 0.9967 429.25 1135.95 0.9828 431.92 1011.09 0.9825
73 10.76 532.09 427.95 1063.94 0.9430 251.74 585.85 0.0233 248.84 576.89 0.0215 253.49 575.54 0.0138 230.84 584.65 0.9098 290.68 580.42 0.8999 214.83 648.43 0.9997 329.24 650.09 0.9996 127.35 692.33 0.9982 364.34 747.59 0.9967 47.52 668.26 0.9760 388.74 823.15 0.9696 256.56 813.36 0.9999 326.83 817.07 0.9999 274.34 902.32 0.9985 374.02 923.20 0.9985 296.36 969.40 0.9887 391.37 1017.91 0.9892
74 96.20 502.20 400.24 970.35 0.9314 175.32 558.38 0.0456 169.45 549.34 0.0426 174.84 547.81 0.0213 157.43 558.32 0.8888 211.90 548.14 0.8108 152.39 629.50 0.9993 259.61 605.56 0.9986 148.36 730.09 0.9980 322.78 690.40 0.9865 130.79 808.59 0.9828 362.26 754.45 0.9100 216.67 778.34 0.9993 284.31 768.61 0.9989 255.29 867.59 0.9916 316.62 836.78 0.9870 309.63 931.79 0.9411 341.75 910.45 0.9239
75 102.04 486.04 338.26 959.85 0.9266 176.77 533.63 0.0276 170.56 526.25 0.0181 177.92 524.15 0.0175 148.30 537.18 0.7571 201.36 526.53 0.7596 133.99 596.61 0.9976 246.03 576.40 0.9979 146.62 665.31 0.9244 280.55 641.48 0.9641 172.72 687.02 0.5023 265.46 675.52 0.7026 198.99 742.08 0.9989 271.99 729.77 0.9989 240.48 834.07 0.9957 290.25 794.69 0.9965 294.78 918.08 0.9854 304.93 859.87 0.9889
76 92.98 450.57 336.90 883.95 0.9308 172.18 495.46 0.0360 165.85 489.42 0.0229 171.13 488.46 0.0247 140.95 497.51 0.8000 188.84 489.88 0.8343 119.01 549.64 0.9992 226.67 530.25 0.9992 109.10 609.18 0.9951 279.90 576.08 0.9967 125.02 662.55 0.9695 295.90 630.73 0.9816 182.84 686.17 0.9998 252.74 680.96 0.9998 208.16 769.71 0.9994 281.04 760.17 0.9995 235.65 840.70 0.9972 299.92 849.21 0.9977
77 0.35 435.54 348.29 849.01 0.9444 199.06 481.86 0.3572 192.79 474.63 0.0290 194.63 473.97 0.3399 149.09 477.35 0.1431 184.98 474.55 0.9793 110.78 520.87 0.9993 202.99 510.35 0.9996 51.53 571.91 0.9951 239.07 563.51 0.9977 13.14 619.08 0.9755 271.06 624.24 0.9868 166.10 656.69 0.9996 220.65 654.58 0.9996 214.50 737.01 0.9977 270.47 715.12 0.9979 247.53 819.76 0.9823 296.09 803.27 0.9833
78 168.34 428.82 393.48 845.20 0.9072 261.16 474.42 0.9591 259.87 465.10 0.1279 254.23 465.91 0.9792 214.95 466.21 0.0063 230.05 470.35 0.9954 189.16 508.14 0.9839 229.42 521.30 0.9994 193.42 566.96 0.3989 231.02 605.51 0.9962 224.69 633.74 0.3746 256.00 671.44 0.9857 216.72 643.93 0.9936 251.99 648.35 0.9986 232.90 725.89 0.9949 313.63 703.07 0.9991 237.96 816.25 0.9900 351.21 770.09 0.9973
79 250.49 409.66 423.59 802.59 0.9092 347.20 443.64 0.9352 342.01 438.24 0.1156 338.19 438.68 0.9460 303.87 449.64 0.0124 316.94 453.51 0.9936 280.34 487.99 0.9988 324.51 510.19 0.9992 268.05 545.92 0.9831 338.37 589.03 0.9940 265.96 603.68 0.9547 392.49 620.14 0.9818 322.57 611.51 0.9980 344.20 628.49 0.9981 389.10 661.67 0.9918 372.45 702.60 0.9936 371.77 730.87 0.9531 364.54 776.65 0.9536
80 339.11 393.80 577.28 760.19 0.9089 442.63 421.76 0.9038 437.64 417.07 0.0913 434.51 417.74 0.9144 402.14 430.43 0.0190 419.63 433.97 0.9940 382.88 471.85 0.9994 434.44 487.24 0.9994 369.08 525.99 0.9953 476.06 547.52 0.9951 354.68 578.75 0.9864 538.45 559.15 0.9841 427.74 588.69 0.9994 449.01 598.59 0.9994 478.38 658.87 0.9970 455.37 677.24 0.9967 511.03 724.35 0.9764 427.75 735.68 0.9704
81 447.18 380.67 687.20 743.73 0.9269 537.10 406.09 0.8425 534.42 401.10 0.0804 530.40 401.16 0.8429 508.15 412.66 0.0125 521.70 414.30 0.9693 522.71 450.94 0.9970 518.81 461.09 0.9985 569.02 465.34 0.9857 484.94 518.40 0.9971 605.12 441.33 0.9866 465.35 572.97 0.9957 529.35 566.08 0.9994 539.50 567.60 0.9995 528.13 641.29 0.9989 591.73 626.50 0.9992 523.30 718.58 0.9938 629.01 690.75 0.9946
82 575.98 357.76 720.18 711.14 0.9004 646.18 383.88 0.6297 640.74 378.29 0.0601 641.12 378.18 0.7248 609.88 386.59 0.0303 628.11 387.56 0.9547 595.54 429.50 0.9595 628.39 437.64 0.9978 616.22 479.14 0.3483 639.21 503.42 0.9920 661.50 492.14 0.2884 678.45 542.49 0.9678 628.46 536.34 0.9902 650.43 544.09 0.9978 653.25 594.17 0.9902 672.94 609.09 0.9985 634.05 654.54 0.9851 662.29 687.50 0.9962
83 600.18 347.03 801.52 701.80 0.9231 726.54 378.74 0.0898 721.59 372.39 0.0166 723.40 373.48 0.0700 689.58 376.90 0.3347 717.34 378.73 0.9197 666.98 412.18 0.9995 721.61 416.26 0.9990 630.88 447.83 0.9983 762.20 426.82 0.9866 613.72 493.78 0.9865 787.71 414.69 0.9025 698.90 517.58 0.9998 718.37 524.48 0.9998 747.90 571.57 0.9994 726.80 593.75 0.9991 764.59 638.67 0.9978 683.58 661.01 0.9964
84 735.73 328.94 885.91 663.80 0.9030 795.87 357.95 0.4599 794.04 352.28 0.0607 793.60 352.47 0.4372 767.09 357.46 0.0650 784.51 358.79 0.8462 762.50 389.52 0.9892 773.67 398.86 0.9948 803.14 397.64 0.9574 758.83 450.67 0.9922 835.10 374.19 0.9460 762.51 505.01 0.9834 767.12 499.88 0.9979 783.93 501.47 0.9985 766.53 567.16 0.9953 820.60 556.50 0.9968 768.12 638.88 0.9784 846.68 613.76 0.9832
85 806.71 319.48 904.17 633.58 0.8746 870.61 348.83 0.1878 867.65 341.95 0.0320 867.92 343.09 0.2666 839.10 344.40 0.1830 862.61 347.35 0.9307 822.92 382.73 0.9657 856.04 389.68 0.9989 818.62 431.20 0.3060 864.94 447.21 0.9922 834.75 472.90 0.1276 882.28 488.68 0.9170 834.56 477.00 0.9930 855.58 482.93 0.9988 855.36 531.49 0.9878 873.21 543.22 0.9985 827.30 585.26 0.9853 863.08 612.37 0.9969
86 825.62 312.73 991.39 632.72 0.8928 935.68 346.70 0.2843 932.87 340.20 0.0481 932.16 341.20 0.2900 904.39 341.13 0.2336 926.03 343.13 0.9419 878.96 374.57 0.9985 931.06 373.31 0.9983 854.43 415.66 0.9878 966.80 379.44 0.9807 841.61 453.97 0.9206 979.35 360.09 0.8661 895.92 466.83 0.9994 914.79 469.98 0.9994 933.74 523.67 0.9981 906.02 537.41 0.9978 950.13 576.12 0.9936 875.26 600.09 0.9918
87 930.72 296.40 1059.84 592.85 0.9074 990.11 326.26 0.1646 988.08 320.03 0.0354 989.03 321.01 0.2170 962.40 320.54 0.2557 985.99 324.08 0.9152 943.45 352.83 0.9684 982.13 362.98 0.9986 951.27 386.24 0.3275 1004.11 416.07 0.9919 982.71 420.64 0.1205 1028.05 449.43 0.9079 951.38 448.28 0.9908 982.11 453.50 0.9980 954.83 511.14 0.9764 1004.89 502.94 0.9961 950.99 572.88 0.9642 1021.29 562.59 0.9910
88 994.59 244.22 1130.28 574.96 0.9028 1057.69 301.42 0.3177 1054.07 296.64 0.0305 1053.73 297.52 0.3620 1024.77 302.25 0.0697 1047.75 305.20 0.9140 1014.13 328.24 0.9791 1048.10 331.60 0.9980 1010.60 313.60 0.5835 1086.46 310.32 0.9953 1028.37 282.03 0.4256 1110.77 273.25 0.9802 1022.40 418.85 0.9973 1040.53 423.41 0.9991 1038.82 471.59 0.9973 1050.98 484.35 0.9994 1013.95 524.08 0.9960 1041.43 551.57 0.9986
89 1040.78 234.05 1123.57 570.57 0.8599 1100.01 297.41 0.1161 1097.55 292.60 0.0303 1098.11 293.11 0.0985 1072.69 297.63 0.2016 1095.95 299.16 0.6862 1061.80 323.42 0.9825 1098.68 322.93 0.9916 1059.09 303.96 0.8795 1110.10 292.03 0.9704 1066.78 265.75 0.6917 1096.00 260.71 0.8852 1070.85 410.18 0.9969 1090.20 412.15 0.9978 1090.21 466.37 0.9935 1087.51 477.84 0.9959 1098.07 517.12 0.9844 1058.31 536.39 0.9884
90 1085.67 226.30 1203.87 537.82 0.8430 1139.98 285.45 0.3236 1138.07 280.60 0.0468 1138.03 281.48 0.3076 1113.25 286.65 0.1281 1132.60 289.26 0.8736 1103.22 310.29 0.9901 1136.57 315.70 0.9967 1109.92 278.63 0.8696 1165.56 291.42 0.9910 1125.04 237.75 0.7336 1186.64 252.07 0.9695 1104.97 399.78 0.9982 1129.76 401.83 0.9989 1103.43 459.56 0.9966 1147.22 456.78 0.9982 1101.63 514.37 0.9903 1158.10 504.92 0.9940
91 1119.59 256.00 1231.26 520.19 0.8779 1184.29 279.91 0.1347 1179.63 274.65 0.0276 1182.65 275.37 0.1793 1155.22 278.29 0.2310 1179.60 279.41 0.9025 1145.67 306.34 0.9603 1187.23 311.71 0.9984 1155.55 330.41 0.2941 1208.60 349.35 0.9862 1190.52 350.05 0.1138 1221.50 365.22 0.8544 1147.49 386.49 0.9929 1175.70 388.69 0.9988 1154.22 436.58 0.9882 1177.86 444.25 0.9985 1134.01 480.69 0.9873 1169.56 500.98 0.9972
92 1120.27 250.10 1231.73 519.45 0.8577 1222.57 274.83 0.0774 1220.27 269.73 0.0328 1221.18 270.59 0.0576 1200.21 270.72 0.5437 1218.28 273.68 0.8037 1178.91 295.44 0.9981 1217.41 303.51 0.9975 1152.42 318.75 0.9852 1210.53 343.32 0.9708 1132.60 349.37 0.8877 1198.98 376.81 0.8038 1180.26 376.37 0.9990 1200.33 380.35 0.9988 1196.77 427.09 0.9953 1190.00 440.41 0.9944 1195.59 476.49 0.9839 1167.73 495.72 0.9804
93 1155.21 241.53 1269.56 490.88 0.8700 1253.61 269.99 0.3090 1254.46 264.37 0.0591 1253.41 265.40 0.2723 1231.97 260.39 0.2718 1249.21 263.80 0.9092 1203.46 283.68 0.9980 1242.88 287.98 0.9984 1182.80 316.73 0.9825 1229.57 322.35 0.9910 1170.61 354.14 0.9332 1215.53 357.68 0.9620 1200.25 364.15 0.9992 1230.53 365.86 0.9992 1203.27 418.95 0.9972 1242.81 413.87 0.9974 1200.10 470.91 0.9885 1239.01 466.96 0.9886
94 1200.25 240.37 1350.26 478.77 0.9032 1293.50 271.92 0.8431 1294.72 266.36 0.1581 1291.83 267.00 0.8369 1278.78 261.75 0.0184 1280.79 263.61 0.8991 1262.91 276.68 0.9845 1262.88 286.74 0.9904 1298.97 275.20 0.9562 1248.19 316.19 0.9853 1327.36 263.86 0.9675 1234.49 332.76 0.9850 1250.49 357.03 0.9953 1257.70 360.58 0.9960 1240.70 406.06 0.9933 1264.88 407.93 0.9944 1216.41 449.67 0.9757 1252.26 456.97 0.9761
95 1240.39 218.70 1357.43 475.97 0.9091 1315.67 264.32 0.9798 1319.71 259.86 0.8156 1312.00 258.60 0.9834 1321.31 259.25 0.1171 1299.13 255.59 0.9561 1318.48 274.53 0.9925 1279.43 279.98 0.9961 1343.97 261.15 0.9468 1256.03 308.67 0.9824 1339.93 234.86 0.9483 1250.73 325.27 0.9746 1299.79 349.67 0.9947 1275.21 350.99 0.9959 1298.72 399.71 0.9918 1272.86 403.05 0.9937 1285.35 441.85 0.9777 1253.59 452.51 0.9805
96 1271.76 231.93 1422.35 473.40 0.9165 1344.47 259.09 0.9811 1347.26 254.50 0.7621 1340.01 253.96 0.9841 1345.81 254.62 0.0612 1326.33 252.38 0.9570 1345.11 275.97 0.9928 1307.80 275.06 0.9951 1374.58 279.55 0.9723 1281.19 295.51 0.9869 1398.78 268.00 0.9811 1281.69 307.59 0.9888 1319.65 345.11 0.9958 1301.74 345.51 0.9964 1304.94 395.27 0.9945 1319.89 400.26 0.9952 1283.38 435.97 0.9826 1312.42 454.56 0.9828
97 1289.66 235.86 1420.85 485.85 0.9184 1388.69 263.98 0.9856 1391.21 258.83 0.7693 1383.04 258.59 0.9888 1389.88 260.47 0.0623 1367.98 258.47 0.9782 1388.28 289.65 0.9955 1349.34 286.45 0.9973 1394.61 321.35 0.9683 1322.53 320.05 0.9864 1408.92 353.68 0.9713 1307.69 355.47 0.9849 1362.46 356.06 0.9963 1342.62 356.36 0.9968 1347.50 403.66 0.9951 1358.01 409.74 0.9959 1305.27 427.27 0.9856 1352.27 465.10 0.9860
98 1344.51 238.87 1486.99 490.67 0.9118 1436.57 266.22 0.9832 1438.94 260.92 0.6437 1431.79 260.52 0.9927 1431.82 261.93 0.0284 1416.56 260.55 0.9877 1421.27 290.01 0.9512 1402.75 289.67 0.9985 1426.28 322.51 0.3315 1422.71 326.35 0.9929 1454.49 328.02 0.4251 1459.02 330.96 0.9816 1411.45 364.18 0.9814 1392.70 364.14 0.9966 1418.10 416.35 0.9860 1375.81 414.65 0.9979 1428.76 467.01 0.9856 1353.73 458.19 0.9964
99 1410.81 242.02 1518.96 504.58 0.8900 1496.18 267.77 0.9867 1498.24 262.45 0.7516 1490.89 262.10 0.9897 1494.72 264.93 0.0486 1473.84 262.89 0.9750 1491.88 295.81 0.9928 1456.70 294.64 0.9970 1497.58 334.44 0.9347 1455.52 340.32 0.9902 1505.62 369.12 0.9444 1474.51 378.19 0.9888 1477.77 369.47 0.9929 1454.21 369.36 0.9949 1473.09 425.70 0.9868 1462.61 426.14 0.9911 1440.49 473.52 0.9547 1427.88 471.31 0.9636
100 1438.60 254.15 1635.82 531.69 0.9368 1564.76 279.97 0.9853 1566.37 275.52 0.6619 1558.96 274.58 0.9879 1562.04 278.61 0.0323 1544.01 276.35 0.9779 1563.47 306.30 0.9962 1522.28 305.32 0.9973 1596.97 313.40 0.9826 1481.15 330.11 0.9913 1619.83 286.50 0.9875 1451.26 357.87 0.9918 1538.14 382.77 0.9974 1519.62 382.96 0.9977 1514.94 439.11 0.9953 1531.60 447.00 0.9957 1466.43 470.14 0.9804 1523.72 510.37 0.9787
101 1511.89 228.90 1661.17 534.90 0.9129 1627.08 295.07 0.9874 1632.01 289.58 0.7687 1623.82 287.26 0.9907 1630.63 287.43 0.0556 1605.87 281.53 0.9799 1619.04 302.12 0.9967 1581.36 314.75 0.9983 1644.47 266.51 0.9790 1576.27 359.69 0.9940 1631.82 241.91 0.9831 1594.29 397.18 0.9917 1593.46 392.74 0.9982 1563.91 394.36 0.9985 1596.92 455.47 0.9975 1543.31 454.09 0.9979 1607.86 510.82 0.9915 1521.64 506.77 0.9918
102 1584.99 255.23 1761.81 553.86 0.9036 1698.09 303.89 0.9079 1702.07 298.09 0.2746 1695.54 296.68 0.9298 1690.19 293.62 0.0218 1679.43 290.35 0.9396 1676.97 310.41 0.9713 1656.91 319.23 0.9942 1717.55 277.73 0.7935 1691.98 320.73 0.9917 1734.50 263.79 0.8279 1730.48 291.87 0.9874 1662.54 405.40 0.9915 1649.40 408.00 0.9958 1652.50 469.05 0.9862 1649.28 467.00 0.9942 1613.18 523.04 0.9599 1605.61 521.28 0.9777
103 1625.43 213.04 1901.25 585.09 0.9293 1782.22 319.66 0.9560 1785.14 313.29 0.4018 1777.66 313.27 0.9561 1780.80 308.99 0.0153 1761.94 307.34 0.9245 1777.70 332.92 0.9875 1738.25 325.99 0.9940 1825.39 335.42 0.9739 1742.54 299.81 0.9957 1871.07 342.60 0.9881 1759.76 238.89 0.9979 1738.04 421.18 0.9980 1719.00 421.59 0.9986 1707.60 480.86 0.9983 1734.86 490.85 0.9989 1642.77 511.27 0.9940 1712.25 558.56 0.9951
104 1699.92 226.63 1927.72 585.93 0.8923 1875.09 310.61 0.6862 1877.66 305.67 0.1020 1872.62 304.46 0.7171 1858.95 308.34 0.0231 1856.29 305.06 0.8743 1839.13 343.73 0.9448 1835.86 320.82 0.9929 1826.13 391.18 0.6618 1865.19 294.29 0.9823 1835.67 428.53 0.6195 1904.71 266.30 0.9615 1809.81 437.04 0.9932 1794.68 429.17 0.9973 1817.13 499.56 0.9938 1763.74 496.56 0.9976 1823.16 561.43 0.9879 1719.56 550.74 0.9936
105 1817.84 280.93 2027.81 608.88 0.9189 1964.55 319.70 0.9913 1967.76 312.96 0.6404 1958.29 311.94 0.9933 1957.89 314.06 0.0119 1935.38 309.97 0.9791 1942.13 349.48 0.9887 1915.30 341.70 0.9964 1941.52 404.29 0.9218 1942.82 386.19 0.9946 1953.51 439.82 0.9576 1997.77 408.31 0.9959 1908.00 445.60 0.9907 1887.54 442.50 0.9939 1891.24 511.84 0.9860 1885.36 513.11 0.9916 1838.59 567.54 0.9436 1837.67 571.67 0.9565
106 1856.99 298.00 2047.99 643.98 0.9302 2048.00 337.09 0.4673 2048.00 330.37 0.0415 2042.21 329.43 0.6403 2042.05 332.48 0.0108 2024.63 330.88 0.9000 2047.14 374.37 0.5908 1990.73 369.99 0.9947 2030.13 416.71 0.0717 1936.52 415.92 0.9912 2013.27 472.93 0.1102 1906.98 466.57 0.9649 2000.84 472.11 0.9523 1970.36 470.37 0.9959 1960.89 530.07 0.9564 1973.58 535.45 0.9973 1881.03 542.95 0.9646 1944.93 615.79 0.9953
107 1935.11 312.18 2047.94 656.38 0.8423 2048.00 345.64 0.0306 2048.00 339.36 0.0124 2048.00 339.16 0.0176 2048.00 343.49 0.0283 2048.00 343.97 0.0333 2046.12 378.54 0.0156 2040.91 376.44 0.7258 2013.76 413.30 0.0155 2010.44 406.34 0.9353 1985.25 448.03 0.0719 1979.12 447.66 0.9007 2031.63 485.01 0.2308 2025.29 481.96 0.8291 2013.87 554.02 0.2317 1993.46 547.41 0.8538 1980.16 615.07 0.2784 1955.37 607.71 0.7992
110 1983.97 351.71 2048.00 785.22 0.5479 2044.10 414.37 0.0198 2045.17 406.76 0.0145 2044.86 407.40 0.0162 2043.26 415.79 0.0129 2046.97 415.64 0.0176 2047.15 452.86 0.0069 2044.21 450.48 0.0222 2041.24 465.19 0.0210 2038.75 461.08 0.0636 2041.29 453.62 0.0852 2039.92 450.35 0.1464 2048.00 559.86 0.0442 2047.42 559.26 0.0827 2043.90 646.15 0.1444 2041.64 645.25 0.2428 2030.06 728.30 0.2788 2028.69 723.68 0.3925
112 1889.57 467.91 2048.00 870.39 0.8310 2047.54 514.82 0.0322 2048.00 508.50 0.0228 2048.00 507.69 0.0193 2048.00 514.34 0.0461 2048.00 512.36 0.0370 2045.77 555.54 0.0541 2046.48 551.20 0.2177 2017.99 603.97 0.0430 2020.07 599.62 0.2430 1999.63 625.45 0.0865 1996.43 622.88 0.2453 2020.05 660.25 0.3560 2017.50 655.15 0.5653 1990.56 748.43 0.5921 1978.95 741.96 0.7690 1955.89 828.91 0.6475 1948.34 828.27 0.7814
113 1887.28 381.11 2047.96 928.53 0.8647 2046.89 472.06 0.0427 2048.00 466.99 0.0264 2046.35 463.34 0.0261 2048.00 477.56 0.0355 2048.00 469.94 0.0346 2048.00 527.16 0.0269 2033.69 506.00 0.3518 2048.00 525.47 0.0201 2041.75 483.72 0.3756 2047.49 469.59 0.0655 2038.55 442.92 0.3386 2033.89 674.28 0.6178 1999.99 656.29 0.8895 2007.25 795.02 0.9065 1959.52 751.59 0.9794 1966.94 882.85 0.9494 1947.14 838.57 0.9864
114 1843.71 468.27 2048.00 954.37 0.9014 2048.00 517.49 0.0657 2048.00 509.79 0.0230 2048.00 508.23 0.0323 2048.00 516.69 0.0235 2048.00 513.00 0.0277 2048.00 578.23 0.0540 2024.02 554.67 0.7686 2048.00 665.48 0.0701 1975.17 611.48 0.9632 2030.23 712.99 0.2971 1920.81 677.69 0.9670 2022.91 731.36 0.8465 1983.43 712.31 0.9791 1980.70 834.27 0.9638 1916.82 793.35 0.9960 1939.25 916.30 0.9681 1905.42 870.82 0.9946
115 1717.52 486.07 2048.00 955.43 0.9301 1937.49 555.29 0.9842 1948.72 544.10 0.9869 1934.03 543.21 0.7798 1984.78 540.92 0.8615 1939.07 541.15 0.0145 2020.39 582.76 0.8984 1948.82 595.18 0.9194 2041.77 573.19 0.5870 1933.82 662.46 0.6055 2019.82 529.38 0.7125 1892.55 719.74 0.6073 1972.01 748.80 0.9598 1915.00 739.00 0.9684 1951.94 844.80 0.9767 1841.97 810.68 0.9803 1926.35 930.34 0.9582 1788.90 891.31 0.9689
116 1704.56 475.57 2016.73 968.65 0.9137 1805.91 539.30 0.9786 1812.92 528.75 0.9918 1805.82 528.16 0.2106 1850.75 525.13 0.9927 1829.88 525.25 0.0020 1883.00 572.23 0.9985 1851.92 568.38 0.9095 1930.21 590.38 0.9917 1878.22 618.08 0.1937 1978.01 600.34 0.9788 1901.36 668.35 0.2342 1822.30 742.97 0.9979 1797.25 731.10 0.9836 1788.09 832.06 0.9987 1765.17 804.90 0.9871 1803.87 929.29 0.9961 1765.09 894.13 0.9820
117 1523.10 492.25 1827.02 964.60 0.9386 1671.39 553.05 0.9409 1677.06 543.47 0.9640 1674.43 542.18 0.1214 1709.03 543.44 0.9805 1712.71 540.02 0.0037 1732.37 595.03 0.9959 1742.57 577.51 0.9396 1761.09 650.23 0.9922 1777.10 606.14 0.4632 1786.95 682.63 0.9891 1793.36 652.01 0.5702 1687.01 748.62 0.9979 1704.14 734.50 0.9922 1611.54 831.19 0.9992 1688.01 810.58 0.9956 1593.55 933.02 0.9973 1748.57 886.16 0.9917
118 1463.55 469.65 1792.93 962.44 0.9420 1569.85 529.25 0.7806 1570.11 518.55 0.8060 1570.86 518.06 0.0538 1589.48 514.01 0.9884 1614.26 515.62 0.0236 1611.98 560.27 0.9990 1663.39 557.38 0.9990 1587.81 597.26 0.9892 1712.32 610.66 0.9919 1545.28 593.53 0.9645 1767.15 636.28 0.9734 1592.12 719.94 0.9995 1609.13 702.81 0.9995 1568.59 814.46 0.9991 1541.16 763.75 0.9990 1593.11 931.59 0.9950 1501.12 818.00 0.9961
119 1395.60 421.73 1596.46 856.19 0.9155 1492.81 467.95 0.5400 1495.58 458.26 0.5904 1494.64 458.73 0.0371 1509.35 460.17 0.9815 1536.23 460.16 0.0917 1512.67 517.85 0.9996 1574.68 516.45 0.9989 1481.28 597.97 0.9973 1576.92 587.76 0.9681 1429.81 655.53 0.9841 1563.90 639.10 0.8708 1497.18 654.21 0.9995 1537.33 649.36 0.9993 1441.39 723.43 0.9985 1476.67 721.98 0.9974 1476.11 806.77 0.9919 1479.35 804.22 0.9885
120 1301.55 398.80 1496.11 819.09 0.9240 1411.18 433.78 0.4554 1413.01 427.30 0.5650 1412.22 427.43 0.0288 1427.16 440.41 0.9703 1459.15 438.83 0.0513 1414.19 498.60 0.9991 1475.93 491.92 0.9804 1398.78 574.27 0.9943 1456.41 546.89 0.3896 1368.09 623.45 0.9574 1394.48 558.36 0.2241 1407.20 620.46 0.9991 1454.78 619.42 0.9960 1371.52 678.45 0.9990 1440.54 699.67 0.9943 1353.63 742.40 0.9968 1462.85 787.64 0.9876
121 1268.62 372.39 1424.17 764.75 0.9162 1337.08 394.97 0.7943 1345.91 390.62 0.8190 1342.95 391.27 0.0792 1361.58 408.96 0.9889 1375.37 407.18 0.0471 1345.73 462.08 0.9995 1393.97 452.82 0.9993 1328.72 533.60 0.9957 1406.35 516.15 0.9928 1288.88 568.19 0.9832 1410.08 561.87 0.9742 1339.63 579.86 0.9996 1364.18 569.32 0.9995 1331.92 653.95 0.9986 1317.65 628.92 0.9984 1348.19 742.68 0.9897 1309.20 686.34 0.9905
122 1223.12 352.19 1345.66 746.98 0.8888 1293.23 368.85 0.9336 1304.76 368.78 0.9377 1296.48 364.31 0.3803 1318.32 391.24 0.9363 1300.43 379.07 0.0359 1322.80 441.98 0.9967 1286.12 426.77 0.9917 1326.59 507.80 0.9912 1274.30 482.18 0.9293 1324.69 570.79 0.9871 1248.79 510.97 0.9266 1297.77 558.59 0.9984 1269.57 547.86 0.9976 1286.85 633.64 0.9987 1260.91 618.60 0.9977 1318.71 708.15 0.9953 1269.67 680.58 0.9935
123 1161.04 322.51 1486.71 739.52 0.9387 1289.01 363.51 0.9771 1299.48 361.99 0.9806 1287.36 359.14 0.7653 1313.47 380.45 0.9631 1283.89 372.98 0.1263 1332.60 423.38 0.9987 1259.27 408.13 0.9980 1394.59 424.91 0.9944 1217.72 382.86 0.9849 1456.74 417.00 0.9915 1184.70 344.54 0.9813 1303.76 550.74 0.9996 1260.64 544.26 0.9995 1292.24 632.20 0.9993 1261.07 622.35 0.9992 1283.99 702.23 0.9966 1263.38 683.87 0.9965
124 1198.42 289.41 1390.91 740.20 0.9176 1277.10 386.11 0.9910 1286.00 379.43 0.9924 1271.87 379.56 0.9290 1303.40 386.43 0.9566 1265.98 386.39 0.2076 1322.23 421.72 0.9972 1256.08 415.09 0.9971 1367.25 384.59 0.9881 1227.38 367.52 0.9877 1375.96 324.99 0.9892 1234.04 319.23 0.9883 1297.16 550.37 0.9989 1253.57 546.08 0.9989 1294.50 637.04 0.9985 1226.89 628.52 0.9985 1285.16 702.19 0.9935 1235.73 686.21 0.9944
125 1175.29 349.30 1321.06 743.24 0.9071 1225.22 417.57 0.9897 1232.69 408.80 0.9920 1219.33 409.24 0.8918 1249.89 405.46 0.9558 1212.10 407.27 0.1180 1270.78 434.42 0.9967 1209.13 428.23 0.9935 1305.74 389.62 0.9919 1190.70 372.32 0.9533 1266.96 367.33 0.9936 1226.98 364.14 0.9681 1249.68 558.47 0.9984 1207.79 555.30 0.9979 1246.17 642.07 0.9982 1201.56 636.64 0.9975 1276.88 710.65 0.9942 1214.35 701.50 0.9928
126 1103.59 314.97 1276.42 767.91 0.9130 1162.31 437.50 0.9925 1169.03 428.70 0.9938 1157.41 430.09 0.8644 1190.49 423.20 0.9671 1155.10 428.17 0.0584 1214.15 451.77 0.9959 1158.27 450.10 0.9949 1246.45 427.45 0.9852 1132.83 402.71 0.9747 1260.58 361.53 0.9884 1114.95 344.34 0.9813 1199.74 570.08 0.9980 1170.56 567.35 0.9979 1181.02 645.79 0.9982 1176.09 636.68 0.9981 1146.85 730.49 0.9932 1218.32 690.81 0.9938
127 1051.28 402.66 1240.84 807.57 0.8894 1089.98 458.69 0.9916 1097.89 448.94 0.9957 1085.85 449.58 0.7742 1123.68 441.77 0.9866 1087.77 444.77 0.0329 1158.46 489.00 0.9988 1094.58 480.98 0.9854 1192.67 551.38 0.9954 1087.71 510.99 0.6292 1214.88 610.78 0.9895 1069.84 516.41 0.6658 1135.17 613.99 0.9977 1092.11 605.40 0.9927 1124.67 696.19 0.9977 1074.95 677.65 0.9905 1131.10 775.32 0.9928 1097.43 733.76 0.9811
128 936.59 425.62 1130.07 845.63 0.9201 979.46 477.28 0.9906 986.96 466.73 0.9960 975.49 467.76 0.6763 1014.30 463.78 0.9910 981.79 468.38 0.0173 1049.59 519.68 0.9990 989.23 517.78 0.9668 1066.68 595.45 0.9942 993.81 584.33 0.3660 1019.26 642.05 0.9831 984.61 640.86 0.4128 1035.25 648.71 0.9980 988.37 648.44 0.9896 1054.34 735.52 0.9984 980.64 732.25 0.9903 1107.54 753.41 0.9962 982.92 813.46 0.9857
129 773.20 449.21 1020.15 917.25 0.9416 880.27 503.95 0.9958 889.51 493.94 0.9969 876.95 494.19 0.8421 918.57 493.82 0.9906 883.39 495.33 0.0438 956.49 553.43 0.9986 886.43 544.98 0.9982 997.90 628.57 0.9903 855.52 595.10 0.9818 1006.76 694.27 0.9883 804.57 624.40 0.9817 946.90 691.71 0.9978 914.23 682.89 0.9976 912.73 782.28 0.9960 944.95 754.23 0.9957 878.39 872.38 0.9716 988.78 814.22 0.9760
130 747.44 476.65 887.14 954.41 0.9150 764.73 537.19 0.9920 774.37 525.24 0.9971 761.58 525.61 0.6401 808.44 523.51 0.9940 770.36 525.87 0.0105 842.69 585.37 0.9988 785.12 583.47 0.9493 858.98 679.49 0.9873 801.92 658.81 0.2468 837.39 757.99 0.9560 798.86 739.95 0.2812 840.35 736.13 0.9970 797.39 731.46 0.9788 852.68 826.48 0.9983 771.52 815.32 0.9855 863.66 906.93 0.9959 822.25 865.77 0.9823
131 604.88 518.47 850.85 1020.19 0.9323 622.80 589.82 0.9870 630.96 576.21 0.9941 618.20 577.36 0.4236 668.87 567.66 0.9904 635.47 573.13 0.0057 711.14 634.28 0.9988 653.50 629.78 0.9727 717.99 736.46 0.9967 659.51 718.21 0.5464 680.31 816.37 0.9925 653.59 798.03 0.6338 716.15 793.54 0.9985 670.02 792.92 0.9937 741.73 892.17 0.9986 662.63 884.79 0.9937 819.28 897.57 0.9955 687.35 966.33 0.9869
132 370.01 573.84 742.31 1144.04 0.9517 488.52 653.29 0.9882 497.01 640.30 0.9925 487.59 640.73 0.2703 538.68 631.90 0.9937 509.01 634.41 0.0027 603.24 693.32 0.9992 514.67 686.86 0.9980 670.63 768.55 0.9984 481.68 738.09 0.9898 713.83 833.29 0.9983 417.99 781.96 0.9932 608.64 857.61 0.9995 568.66 847.54 0.9994 569.28 968.34 0.9993 632.73 917.93 0.9990 563.64 1088.06 0.9927 687.67 972.15 0.9932
133 290.60 633.28 575.00 1179.43 0.9321 316.77 719.52 0.8392 323.23 709.49 0.8758 322.27 705.25 0.0701 357.30 703.08 0.9582 358.55 689.67 0.0056 443.15 767.88 0.9977 391.73 726.91 0.9903 498.81 877.15 0.9963 426.50 801.87 0.9376 482.98 967.72 0.9902 386.54 843.50 0.9190 470.08 923.63 0.9992 424.64 892.39 0.9986 472.04 1030.95 0.9989 335.75 939.11 0.9978 540.70 1117.42 0.9939 386.63 1040.34 0.9921
134 53.93 689.06 558.93 1186.03 0.9066 98.82 771.71 0.5568 99.93 765.62 0.6466 99.52 760.44 0.0816 108.32 769.21 0.9351 138.95 752.69 0.0832 164.34 816.00 0.9945 192.97 774.46 0.9654 130.02 850.34 0.9786 168.15 784.02 0.5388 80.03 808.84 0.9060 104.26 773.53 0.4217 293.17 934.42 0.9966 307.84 920.60 0.9918 376.56 1071.73 0.9901 387.00 1046.22 0.9780 505.95 1115.08 0.9365 503.45 1101.78 0.9015
135 0.10 499.37 205.87 882.17 0.8871 7.49 549.89 0.0040 1.44 545.26 0.0011 4.34 537.59 0.0043 0.00 557.89 0.0130 0.00 539.77 0.0776 0.00 609.35 0.0227 15.76 587.95 0.7301 114.03 651.58 0.0179 144.13 633.51 0.9788 176.92 677.58 0.0609 176.92 674.53 0.9629 51.42 759.56 0.2706 80.71 753.98 0.8283 104.57 818.84 0.1073 139.97 807.36 0.7517 72.07 921.43 0.0667 78.78 917.70 0.4842
136 0.00 425.43 183.86 810.66 0.5859 10.89 531.40 0.0120 8.67 520.71 0.0040 9.82 520.09 0.0060 0.00 532.82 0.0024 4.09 530.44 0.0044 0.00 590.68 0.0060 0.00 583.90 0.0144 25.50 671.69 0.0703 29.16 672.27 0.3410 119.83 754.73 0.4169 125.84 755.27 0.7654 4.94 710.96 0.0531 2.21 712.30 0.0821 28.59 687.76 0.1871 32.27 685.90 0.3061 115.00 764.99 0.2305 115.38 761.92 0.3330
137 0.00 417.18 163.12 895.02 0.7576 7.82 494.08 0.5860 10.61 474.21 0.2431 2.60 474.14 0.4770 10.93 480.15 0.0143 0.00 478.18 0.1038 3.58 584.60 0.1783 0.00 593.04 0.0666 40.87 720.46 0.1985 42.31 748.85 0.0848 103.17 802.91 0.4426 109.86 810.33 0.3233 12.81 787.99 0.0878 11.45 797.27 0.0526 75.32 803.73 0.1196 80.49 816.38 0.0853 109.01 838.16 0.1050 113.88 846.33 0.0773
138 8.69 491.76 354.64 1053.21 0.9283 162.88 572.00 0.9704 162.15 558.99 0.2362 152.23 561.20 0.9766 120.65 554.60 0.0022 106.22 563.10 0.9568 99.41 598.70 0.9650 65.31 637.05 0.9851 121.84 611.10 0.9216 40.09 728.51 0.9894 167.02 594.65 0.9686 140.80 727.06 0.9942 150.83 782.94 0.9712 132.11 810.29 0.9788 216.73 870.86 0.9423 217.50 900.54 0.9637 259.42 984.41 0.6650 265.03 1012.28 0.7130
139 275.08 560.49 582.34 1080.76 0.9316 405.63 608.45 0.9278 397.36 599.08 0.1311 391.27 601.12 0.9468 355.39 611.90 0.0066 353.50 621.33 0.9800 325.25 671.11 0.9852 354.39 698.88 0.9968 307.43 734.60 0.8185 375.47 787.10 0.9884 293.66 783.80 0.7556 428.18 814.04 0.9733 375.76 815.58 0.9950 372.82 840.72 0.9976 467.09 864.67 0.9952 379.65 937.49 0.9983 516.57 935.91 0.9907 332.93 1045.55 0.9944
140 484.87 506.34 675.49 988.97 0.8990 571.08 541.81 0.9549 563.33 532.70 0.1371 556.50 538.89 0.9655 535.48 545.01 0.0027 529.08 562.48 0.9737 538.02 602.35 0.9812 529.95 636.58 0.9968 564.43 666.68 0.8109 544.82 732.07 0.9965 602.66 688.95 0.8902 587.38 809.27 0.9963 573.77 750.27 0.9937 569.89 770.54 0.9971 600.17 837.21 0.9947 626.57 853.51 0.9982 578.49 936.51 0.9796 610.44 943.78 0.9900
141 612.34 502.76 861.86 939.73 0.9174 748.34 534.26 0.9672 741.21 526.93 0.1544 734.53 530.98 0.9703 715.43 538.91 0.0031 710.82 551.21 0.9821 711.83 590.18 0.9936 707.56 612.94 0.9972 738.87 619.04 0.9412 703.33 701.45 0.9921 788.23 615.83 0.9587 715.71 763.25 0.9908 729.42 737.64 0.9983 738.61 747.35 0.9988 709.46 821.65 0.9985 797.87 810.55 0.9990 641.15 894.13 0.9924 803.20 902.87 0.9935
142 776.76 479.43 1013.34 933.44 0.9282 900.75 529.95 0.9876 897.14 519.29 0.4127 888.56 524.92 0.9905 867.87 520.64 0.0104 856.64 535.51 0.9928 840.90 564.46 0.9979 865.20 590.79 0.9987 815.33 629.32 0.9683 900.35 656.40 0.9886 797.07 684.04 0.9532 964.71 666.08 0.9800 865.71 702.15 0.9986 865.81 719.55 0.9988 913.41 770.81 0.9981 852.56 816.23 0.9985 952.98 850.56 0.9929 806.27 888.11 0.9924
143 954.59 461.14 1091.55 909.27 0.8985 1049.06 519.95 0.9758 1049.59 508.80 0.2632 1039.67 512.12 0.9800 1027.50 504.30 0.0033 1005.30 513.02 0.9680 1002.00 548.24 0.9809 992.01 572.04 0.9943 1015.32 599.19 0.8768 974.76 659.12 0.9902 1052.27 622.26 0.9359 985.43 734.42 0.9914 1009.75 693.61 0.9933 1011.04 706.71 0.9959 1008.41 771.02 0.9944 1056.86 776.23 0.9969 976.15 854.91 0.9794 1029.82 858.28 0.9850
144 1017.06 470.42 1232.17 906.90 0.9217 1216.31 530.20 0.8848 1213.16 520.28 0.0921 1210.46 522.66 0.9130 1173.05 514.55 0.0064 1186.72 521.48 0.9708 1153.00 553.30 0.9813 1149.58 565.32 0.9973 1153.78 615.02 0.7869 1126.00 650.21 0.9945 1182.13 651.45 0.8185 1131.15 720.66 0.9897 1149.62 691.07 0.9962 1153.56 700.38 0.9983 1132.86 769.24 0.9962 1188.89 779.65 0.9986 1041.75 814.56 0.9881 1170.49 870.18 0.9937
145 1147.04 458.68 1440.12 905.73 0.9368 1343.76 516.38 0.1663 1340.17 507.69 0.0304 1343.25 508.19 0.1709 1295.98 504.08 0.2842 1328.19 509.96 0.9336 1247.01 539.68 0.9987 1315.72 563.98 0.9991 1201.68 596.11 0.9946 1348.63 637.10 0.9968 1173.44 657.02 0.9730 1396.54 661.46 0.9772 1246.85 677.16 0.9997 1271.62 691.23 0.9997 1297.21 748.37 0.9988 1242.11 781.34 0.9987 1320.86 819.18 0.9938 1174.87 860.10 0.9928
146 1313.11 431.24 1481.12 853.22 0.9144 1460.41 489.77 0.1590 1460.86 478.67 0.0259 1461.63 481.46 0.1858 1419.44 468.81 0.2258 1451.86 481.68 0.9141 1373.70 503.39 0.9893 1426.18 537.00 0.9989 1342.58 536.23 0.7302 1396.79 616.94 0.9956 1361.77 589.79 0.4439 1399.34 688.48 0.9625 1351.16 643.13 0.9980 1395.79 657.44 0.9993 1353.69 728.36 0.9959 1434.93 722.78 0.9987 1329.37 819.96 0.9886 1428.16 810.48 0.9953
147 1344.20 410.59 1677.86 822.25 0.9327 1547.89 453.95 0.0395 1543.57 445.62 0.0256 1548.15 447.66 0.0294 1515.43 445.51 0.8212 1555.58 454.82 0.8784 1476.16 492.30 0.9995 1557.69 514.46 0.9996 1419.90 535.80 0.9976 1595.47 588.05 0.9985 1370.53 564.96 0.9849 1636.58 638.17 0.9881 1462.71 624.03 0.9999 1515.38 634.89 0.9999 1445.77 696.75 0.9992 1514.25 713.64 0.9992 1404.98 765.92 0.9954 1487.18 795.50 0.9951
148 1351.54 299.23 1648.02 813.98 0.9481 1523.29 416.71 0.1417 1524.65 409.43 0.1449 1526.33 411.52 0.0228 1526.86 418.09 0.9524 1564.13 422.32 0.4128 1503.66 464.97 0.9996 1577.95 465.50 0.9994 1436.16 466.22 0.9992 1623.30 403.80 0.9972 1382.22 446.42 0.9965 1620.12 329.97 0.9891 1505.40 597.49 0.9999 1544.92 605.46 0.9999 1487.70 659.44 0.9995 1531.77 699.55 0.9994 1478.31 725.29 0.9971 1506.98 776.70 0.9964
149 1451.85 348.99 1574.55 752.57 0.9055 1489.36 399.05 0.4474 1494.33 391.62 0.4518 1493.52 392.93 0.0557 1505.26 396.35 0.9544 1528.84 396.34 0.1615 1494.25 455.45 0.9989 1545.52 424.88 0.9983 1511.90 515.60 0.9912 1561.33 366.66 0.9815 1525.04 575.95 0.9552 1536.49 377.75 0.9423 1491.04 562.84 0.9990 1528.89 554.15 0.9988 1479.70 638.76 0.9930 1506.61 634.72 0.9922 1481.51 720.71 0.9527 1490.21 715.60 0.9517
150 1416.64 320.41 1543.77 692.78 0.8997 1466.76 372.36 0.3603 1471.21 365.45 0.3584 1470.31 366.04 0.0470 1479.31 369.14 0.9149 1502.53 367.77 0.1549 1476.92 420.53 0.9980 1526.67 397.60 0.9965 1476.81 485.23 0.9938 1525.73 362.34 0.9677 1468.41 549.05 0.9755 1511.71 339.93 0.9303 1470.33 528.02 0.9984 1506.33 520.80 0.9980 1429.93 585.15 0.9917 1466.83 595.58 0.9879 1450.60 654.15 0.9499 1466.09 662.05 0.9349
151 1346.45 259.76 1509.47 676.58 0.9146 1429.82 357.10 0.2834 1430.41 350.68 0.3020 1430.41 350.85 0.0285 1439.46 353.65 0.9553 1463.15 352.38 0.1520 1432.93 394.33 0.9992 1477.46 380.37 0.9982 1405.71 428.36 0.9979 1490.74 334.81 0.9876 1376.40 430.27 0.9907 1494.03 293.79 0.9568 1429.94 495.65 0.9997 1458.80 495.29 0.9997 1396.39 546.67 0.9992 1449.13 568.79 0.9989 1375.61 612.27 0.9962 1454.24 640.89 0.9951
152 1272.51 305.14 1534.53 633.17 0.9321 1401.43 330.63 0.0772 1402.25 326.07 0.0755 1404.42 326.34 0.0236 1401.92 328.24 0.8940 1430.44 331.32 0.5781 1387.01 355.73 0.9989 1445.60 368.03 0.9986 1339.71 361.40 0.9962 1486.07 408.84 0.9909 1297.07 345.75 0.9745 1511.63 436.35 0.9408 1386.87 466.92 0.9994 1417.14 468.61 0.9992 1372.72 536.97 0.9945 1395.56 531.86 0.9923 1382.19 602.81 0.9661 1382.26 595.24 0.9598
153 1293.52 280.29 1455.39 584.14 0.9163 1401.85 307.41 0.1793 1403.44 302.43 0.1719 1405.71 303.78 0.0451 1406.40 306.12 0.8878 1432.83 310.75 0.4176 1388.50 335.41 0.9981 1440.93 350.39 0.9973 1351.31 379.72 0.9906 1446.39 406.21 0.9746 1317.47 408.10 0.9494 1441.05 443.35 0.8750 1374.40 430.64 0.9987 1408.56 437.87 0.9984 1354.69 484.22 0.9941 1392.96 501.87 0.9921 1352.87 538.65 0.9733 1374.60 561.59 0.9675
154 1336.76 271.22 1453.61 571.92 0.9062 1403.92 299.48 0.0165 1402.18 294.11 0.0120 1404.39 295.75 0.0086 1396.37 296.90 0.7173 1423.61 299.77 0.6685 1377.05 328.59 0.9986 1431.98 337.15 0.9973 1359.49 371.84 0.9868 1443.96 382.32 0.9437 1347.90 406.58 0.8452 1434.34 378.35 0.5823 1372.56 412.20 0.9995 1408.51 417.11 0.9993 1367.03 467.67 0.9981 1398.64 479.81 0.9974 1366.44 519.41 0.9941 1381.48 543.67 0.9920
155 1346.71 257.89 1454.35 538.02 0.8970 1415.99 283.64 0.0267 1414.79 278.25 0.0221 1417.02 280.37 0.0155 1403.49 280.39 0.7301 1428.98 284.21 0.6783 1386.78 310.30 0.9982 1434.98 318.31 0.9944 1362.19 349.33 0.9882 1441.11 352.66 0.8496 1355.19 378.27 0.8739 1430.79 346.05 0.3743 1377.61 393.63 0.9991 1410.03 395.07 0.9984 1373.93 455.55 0.9969 1404.31 449.27 0.9932 1374.32 521.09 0.9905 1393.87 492.22 0.9827
156 1354.90 240.40 1457.26 515.26 0.8861 1413.71 266.32 0.0617 1415.68 261.26 0.0882 1414.56 262.10 0.0233 1415.25 266.05 0.8223 1438.37 265.69 0.4300 1409.80 301.07 0.9983 1446.95 299.26 0.9400 1398.16 348.48 0.9925 1443.40 336.34 0.2752 1379.72 385.75 0.9181 1416.89 366.57 0.1055 1404.78 380.80 0.9984 1432.20 378.97 0.9892 1384.55 430.87 0.9969 1408.98 429.56 0.9702 1385.34 490.70 0.9934 1402.51 484.60 0.9623
157 1361.92 234.80 1463.10 505.26 0.8884 1421.77 263.87 0.0381 1421.23 258.48 0.0353 1423.12 259.52 0.0192 1417.54 262.24 0.6859 1442.16 263.64 0.4984 1406.41 295.80 0.9949 1451.42 296.35 0.9828 1388.24 334.14 0.9449 1456.09 328.37 0.6995 1382.28 334.37 0.6031 1433.31 333.28 0.2414 1401.71 372.03 0.9977 1431.51 372.20 0.9956 1388.28 424.29 0.9948 1416.12 428.94 0.9887 1381.79 476.32 0.9890 1402.15 483.96 0.9796
158 1356.17 235.30 1455.41 503.88 0.8752 1417.88 259.18 0.0375 1416.41 254.73 0.0405 1417.68 255.94 0.0187 1409.58 259.57 0.7336 1432.66 260.18 0.5311 1401.29 291.05 0.9973 1442.63 291.28 0.9736 1384.08 328.88 0.9775 1443.88 321.30 0.4673 1373.19 312.76 0.7877 1410.54 305.90 0.1419 1396.47 363.95 0.9983 1425.50 364.54 0.9944 1380.72 410.91 0.9968 1410.99 423.82 0.9871 1376.16 459.52 0.9937 1400.27 482.27 0.9806
159 1344.14 225.51 1438.09 478.08 0.8816 1393.37 248.50 0.1041 1395.11 243.60 0.1338 1395.80 243.77 0.0185 1397.11 246.97 0.8326 1419.20 246.20 0.1276 1393.45 278.52 0.9931 1429.15 275.18 0.9473 1379.31 317.53 0.9790 1422.27 310.38 0.4435 1357.77 306.65 0.8969 1381.49 305.59 0.3031 1392.09 351.03 0.9974 1416.57 348.42 0.9914 1379.35 402.94 0.9965 1403.47 400.67 0.9847 1377.62 453.86 0.9901 1400.18 450.10 0.9701
160 1366.11 225.11 1435.42 471.43 0.8083 1388.64 249.20 0.4704 1390.86 244.23 0.5908 1389.26 244.14 0.0682 1398.80 243.97 0.9152 1409.44 242.74 0.0621 1407.05 269.48 0.9953 1422.46 266.48 0.8854 1402.21 306.71 0.9793 1416.01 298.29 0.2427 1380.30 299.62 0.8985 1389.01 292.96 0.1745 1402.51 338.87 0.9926 1415.48 336.03 0.9604 1382.31 391.63 0.9868 1400.71 391.03 0.9142 1377.65 447.17 0.9673 1398.59 440.99 0.8739
163 1349.63 216.41 1426.85 450.33 0.6625 1379.36 235.48 0.0119 1379.10 230.70 0.0094 1380.98 231.45 0.0050 1379.74 231.11 0.3123 1400.86 230.92 0.1946 1380.12 253.71 0.9717 1413.74 256.48 0.8771 1378.39 289.02 0.9625 1420.91 292.94 0.5516 1367.57 322.29 0.8336 1418.40 320.03 0.2825 1383.26 324.56 0.9865 1407.71 324.75 0.9717 1371.96 378.38 0.9419 1395.11 379.65 0.8638 1371.13 427.78 0.8151 1389.16 426.36 0.6790
