31 618.31 278.68 704.02 532.37 0.4284 644.97 299.59 0.8941 650.59 294.37 0.8473 640.89 294.63 0.7888 661.25 297.69 0.7232 637.11 298.40 0.5409 674.68 327.11 0.9831 631.96 329.68 0.9817 687.93 359.88 0.9078 625.62 365.28 0.8749 686.01 383.75 0.8534 635.27 390.99 0.8128 673.36 396.05 0.9759 646.05 397.27 0.9757 678.33 453.31 0.9435 648.11 453.91 0.9375 679.81 504.37 0.8889 650.44 503.70 0.8796
35 676.19 290.34 776.73 559.84 0.6510 704.73 319.81 0.8922 709.86 314.41 0.8959 701.12 314.50 0.6886 721.41 315.70 0.8371 696.77 316.92 0.2785 737.91 343.11 0.9891 695.28 343.74 0.9690 749.31 381.61 0.9718 686.17 374.50 0.8070 727.81 400.10 0.9491 682.67 380.43 0.7862 735.42 417.49 0.9890 706.90 417.73 0.9802 746.15 474.88 0.9804 707.59 474.77 0.9588 760.15 532.62 0.9628 713.64 530.38 0.9351
36 684.20 287.83 782.63 564.40 0.8032 723.15 315.34 0.9140 728.76 309.61 0.8894 718.50 309.79 0.7944 739.69 311.19 0.7767 711.78 312.59 0.4613 755.58 339.52 0.9892 707.17 342.32 0.9839 762.41 377.16 0.9611 702.92 378.83 0.9013 733.08 379.25 0.9354 706.81 377.95 0.8683 751.15 419.56 0.9898 718.71 420.61 0.9870 759.55 480.77 0.9784 719.79 481.16 0.9690 763.40 537.69 0.9554 721.46 536.51 0.9416
37 693.69 287.62 792.17 578.93 0.7636 720.41 316.88 0.8871 726.50 311.32 0.9022 717.70 311.04 0.6340 740.84 313.98 0.8716 715.34 314.48 0.2235 756.92 344.21 0.9907 717.34 345.19 0.9637 759.64 383.26 0.9775 716.36 381.23 0.7439 724.67 380.21 0.9573 713.98 373.70 0.7349 753.18 426.45 0.9914 725.60 426.19 0.9810 761.10 490.89 0.9865 723.13 490.35 0.9648 776.74 551.64 0.9731 728.14 548.17 0.9450
38 718.41 289.16 805.59 570.31 0.6772 723.68 325.19 0.5719 727.12 318.89 0.6683 725.56 318.50 0.1740 741.65 317.93 0.8758 749.95 316.32 0.1223 754.06 344.40 0.9845 768.26 339.84 0.9140 754.10 384.75 0.9585 766.52 376.21 0.4740 736.59 404.73 0.8969 742.00 397.02 0.4330 763.56 421.44 0.9884 774.69 417.96 0.9702 759.38 486.59 0.9865 765.44 483.48 0.9594 774.30 550.83 0.9758 777.99 543.24 0.9452
39 715.77 291.73 805.01 573.81 0.6575 720.53 325.48 0.4509 722.70 319.52 0.5472 723.10 318.86 0.1221 734.55 319.22 0.8453 751.08 316.63 0.1198 746.21 345.02 0.9811 771.57 340.24 0.9040 747.45 387.50 0.9554 780.88 381.01 0.4946 736.34 417.27 0.8875 763.16 411.05 0.4389 764.08 419.15 0.9865 781.85 416.29 0.9672 770.58 485.90 0.9826 778.80 483.23 0.9520 784.58 550.69 0.9669 788.18 543.47 0.9307
40 706.66 290.86 804.33 571.09 0.6723 710.50 324.10 0.4690 712.33 317.77 0.5525 711.61 317.34 0.1373 724.63 314.92 0.7835 733.01 313.22 0.0968 743.40 339.37 0.9680 752.60 335.49 0.8648 755.13 387.04 0.9489 768.57 381.29 0.5040 749.41 428.64 0.8975 754.95 422.88 0.4926 766.90 414.06 0.9793 774.19 412.10 0.9524 768.74 480.58 0.9737 773.24 478.24 0.9307 787.22 544.93 0.9563 789.42 537.56 0.9118
41 706.31 292.32 803.31 569.86 0.6816 707.24 322.98 0.5396 709.26 316.76 0.6161 707.86 316.36 0.1746 721.13 314.65 0.8063 727.24 313.22 0.1119 739.90 339.80 0.9759 745.67 336.68 0.8945 753.67 386.76 0.9593 761.15 382.20 0.5572 748.73 427.53 0.9161 749.13 421.73 0.5418 762.59 414.18 0.9835 767.93 412.71 0.9615 766.22 480.07 0.9773 770.30 478.16 0.9395 785.57 542.48 0.9603 788.91 535.78 0.9190
42 683.19 293.32 790.22 573.05 0.7164 692.89 327.17 0.5885 695.84 320.54 0.6716 693.16 319.99 0.1827 708.89 318.56 0.8570 712.10 317.58 0.1102 729.60 344.87 0.9824 731.45 342.60 0.9071 750.97 390.62 0.9628 740.11 388.49 0.5034 741.12 434.99 0.9204 726.64 435.17 0.4944 742.38 423.93 0.9893 749.55 421.73 0.9730 726.51 485.48 0.9884 757.75 482.88 0.9651 723.02 549.73 0.9828 774.55 542.56 0.9612
43 651.83 290.28 756.23 572.00 0.7220 666.38 314.87 0.7952 669.79 309.48 0.7816 662.75 310.65 0.5849 679.47 311.38 0.7327 662.08 314.31 0.3394 695.00 335.48 0.9826 665.61 341.77 0.9614 726.67 347.45 0.9441 669.05 363.74 0.7709 733.67 336.54 0.9109 679.12 352.44 0.7401 696.29 412.84 0.9891 679.40 415.53 0.9834 699.77 476.48 0.9800 691.42 479.29 0.9660 703.56 539.10 0.9622 699.49 541.47 0.9443
44 530.15 236.46 761.33 589.42 0.8337 628.69 314.79 0.9579 632.60 308.65 0.9325 624.06 309.22 0.8998 641.60 311.73 0.7643 618.54 312.97 0.6116 659.36 341.62 0.9944 615.04 338.44 0.9959 707.23 328.67 0.9835 576.67 307.81 0.9822 721.60 316.44 0.9775 547.12 261.01 0.9742 655.11 431.01 0.9963 626.33 429.63 0.9968 665.87 494.89 0.9865 621.81 493.34 0.9861 682.29 560.45 0.9556 617.32 559.54 0.9550
45 495.92 253.22 731.24 598.00 0.8645 592.45 312.46 0.9498 598.47 307.33 0.8717 586.51 307.87 0.8811 608.48 309.93 0.7009 578.15 311.01 0.6962 626.14 334.04 0.9903 567.42 333.93 0.9895 674.18 323.60 0.9679 529.18 313.76 0.9665 701.29 300.24 0.9440 511.49 272.99 0.9444 625.02 427.96 0.9931 587.99 429.15 0.9930 628.34 500.16 0.9807 594.14 504.21 0.9810 634.23 563.23 0.9385 600.76 568.82 0.9396
46 450.60 289.40 735.03 617.09 0.8641 583.33 319.17 0.9329 588.06 314.94 0.8127 576.36 315.16 0.8717 595.91 319.81 0.6229 566.14 321.86 0.7397 617.85 346.96 0.9855 553.64 352.84 0.9916 672.16 341.50 0.9515 507.61 355.15 0.9770 704.25 324.41 0.9274 472.52 345.32 0.9586 621.00 447.27 0.9934 582.46 450.22 0.9951 621.51 520.68 0.9815 589.09 527.74 0.9865 604.95 585.65 0.9375 583.05 600.03 0.9486
47 533.25 305.02 643.75 659.96 0.8273 581.96 340.36 0.9386 587.90 332.73 0.8748 573.73 333.95 0.9021 598.99 336.27 0.6229 562.50 339.23 0.7466 610.10 372.89 0.9872 558.62 379.01 0.9934 629.67 405.81 0.9065 547.52 421.66 0.9547 626.14 396.51 0.8741 565.00 420.94 0.9209 611.60 472.10 0.9874 579.83 475.29 0.9913 611.64 549.16 0.9646 593.65 551.74 0.9731 601.79 618.42 0.9198 594.68 621.11 0.9346
48 529.26 301.70 679.45 666.80 0.8569 603.19 339.50 0.9618 607.07 331.84 0.8444 594.80 333.30 0.9634 612.57 334.72 0.3578 576.65 337.81 0.9205 617.07 370.69 0.9877 558.34 381.16 0.9979 636.44 406.22 0.8971 537.85 435.67 0.9920 648.26 420.96 0.8797 554.22 468.09 0.9807 624.47 479.46 0.9940 585.95 486.69 0.9977 640.21 555.67 0.9825 598.29 562.67 0.9928 644.57 627.16 0.9591 598.56 637.17 0.9787
49 427.37 309.06 770.17 690.80 0.7040 650.10 353.13 0.9710 654.66 344.94 0.8609 640.46 345.87 0.9558 657.54 344.30 0.5021 616.91 346.61 0.8812 671.69 379.64 0.9847 594.74 386.55 0.9963 720.25 375.96 0.9240 527.42 392.82 0.9877 755.20 362.03 0.8923 473.32 389.07 0.9738 673.59 504.06 0.9910 627.64 508.07 0.9955 675.09 581.63 0.9760 630.53 587.51 0.9882 665.17 652.14 0.9329 621.69 661.45 0.9574
50 540.41 220.00 762.84 747.97 0.8772 689.23 362.61 0.9602 697.55 354.28 0.8345 679.65 356.97 0.9364 710.10 351.54 0.5381 667.09 358.06 0.8477 721.59 377.71 0.9812 650.02 391.88 0.9964 741.22 320.24 0.9173 595.34 346.07 0.9898 738.59 270.10 0.8908 567.28 283.53 0.9775 707.59 511.86 0.9927 667.42 518.73 0.9967 706.75 598.35 0.9838 704.16 607.74 0.9932 678.61 680.06 0.9542 718.17 696.55 0.9743
51 662.78 269.48 838.62 753.51 0.8409 737.83 366.47 0.9172 744.31 358.50 0.7306 729.92 358.94 0.8897 750.87 357.63 0.4319 714.05 357.12 0.8029 758.12 388.01 0.9632 693.27 386.14 0.9895 763.63 349.32 0.8778 680.37 347.61 0.9764 755.69 294.45 0.8423 713.80 294.86 0.9550 761.14 532.99 0.9889 713.33 534.51 0.9941 782.14 626.76 0.9727 718.18 625.86 0.9861 794.60 712.01 0.9275 726.75 713.74 0.9529
52 740.17 301.83 877.96 789.59 0.8387 818.97 376.49 0.9475 825.49 367.55 0.8024 806.32 366.94 0.9489 831.92 363.30 0.3683 782.12 361.76 0.8772 834.16 394.99 0.9254 778.87 389.70 0.9885 834.66 368.67 0.6617 784.97 356.24 0.9654 825.00 321.95 0.6133 801.23 317.94 0.9260 835.93 552.92 0.9698 793.13 550.53 0.9880 854.95 655.22 0.9580 804.05 646.25 0.9846 819.96 743.50 0.9316 774.32 736.89 0.9649
53 772.05 337.99 962.77 833.75 0.8789 893.05 401.01 0.9106 898.34 391.51 0.7509 884.32 391.33 0.8833 904.26 394.80 0.3650 869.53 392.95 0.7683 906.81 432.17 0.9800 854.91 427.36 0.9953 927.21 404.00 0.9135 794.96 396.58 0.9877 938.72 371.85 0.9195 801.73 374.25 0.9800 893.68 559.10 0.9965 866.17 558.12 0.9984 887.37 661.37 0.9936 899.90 659.68 0.9966 849.92 759.19 0.9798 892.19 758.28 0.9874
54 874.63 219.71 1131.89 846.68 0.8069 1006.68 409.30 0.9085 1012.61 400.76 0.5741 1001.42 397.53 0.9263 998.72 396.86 0.1963 967.98 385.66 0.8967 974.56 445.68 0.9131 930.40 408.38 0.9914 948.45 516.88 0.6656 927.39 341.03 0.9816 972.84 596.35 0.6129 961.44 264.02 0.9482 974.02 615.41 0.9837 931.30 610.67 0.9948 1035.91 703.83 0.9776 924.11 708.25 0.9931 1061.71 797.82 0.9658 914.81 812.59 0.9843
55 915.04 281.27 1231.56 928.07 0.9191 1182.46 448.36 0.9357 1186.53 438.50 0.6261 1175.31 434.22 0.9389 1168.49 433.84 0.2346 1141.93 422.05 0.9110 1140.25 492.65 0.9536 1104.05 439.55 0.9950 1101.12 581.43 0.8114 1079.29 386.39 0.9902 1148.19 637.07 0.7481 1098.72 327.21 0.9684 1110.65 658.99 0.9906 1069.86 641.13 0.9969 1162.13 775.33 0.9776 1023.15 751.54 0.9927 1173.04 854.51 0.9502 951.87 829.32 0.9757
56 992.06 354.32 1421.42 957.16 0.9267 1281.77 442.69 0.9736 1293.47 433.18 0.8380 1272.26 429.57 0.9583 1298.34 419.58 0.4263 1240.52 412.26 0.8796 1288.44 455.07 0.9859 1192.10 461.19 0.9971 1327.07 470.41 0.9387 1106.40 529.90 0.9918 1377.16 476.14 0.9185 1045.34 614.19 0.9822 1231.22 638.72 0.9953 1175.47 640.12 0.9978 1215.92 767.10 0.9891 1176.99 779.62 0.9950 1170.93 877.16 0.9617 1154.36 913.34 0.9759
57 1155.95 248.71 1585.99 1060.83 0.8962 1335.23 497.30 0.9555 1342.10 481.10 0.7426 1315.40 492.14 0.9303 1356.76 461.39 0.3356 1281.71 486.92 0.8527 1361.22 472.78 0.9885 1270.67 535.17 0.9975 1466.59 388.04 0.9489 1210.80 588.86 0.9932 1536.85 303.44 0.9221 1244.69 639.66 0.9835 1344.87 663.86 0.9988 1301.78 696.36 0.9994 1273.61 767.21 0.9977 1336.16 851.58 0.9990 1196.53 852.26 0.9920 1344.54 968.14 0.9949
58 1177.45 385.43 1732.27 1068.95 0.9285 1483.68 489.29 0.9825 1492.28 474.96 0.8406 1467.20 474.67 0.9766 1496.15 463.59 0.3056 1416.57 463.92 0.9382 1507.51 509.04 0.9911 1360.62 541.84 0.9987 1597.63 516.88 0.9463 1282.97 647.59 0.9957 1679.39 537.24 0.9157 1222.52 751.54 0.9879 1469.17 731.31 0.9982 1378.90 744.82 0.9993 1466.13 869.59 0.9949 1368.48 892.29 0.9981 1418.94 946.97 0.9812 1342.49 981.22 0.9895
59 1339.90 203.19 1758.40 1237.73 0.8876 1718.09 502.88 0.9728 1720.25 486.57 0.7199 1697.78 481.01 0.9799 1704.26 483.15 0.1182 1633.87 472.76 0.9617 1687.11 553.63 0.9597 1587.51 527.91 0.9973 1642.44 454.82 0.7814 1589.49 414.85 0.9933 1683.92 337.59 0.6911 1632.85 281.48 0.9745 1644.11 848.99 0.9956 1561.99 825.49 0.9987 1640.62 1040.87 0.9864 1478.08 946.99 0.9960 1592.12 1152.25 0.9604 1388.68 1000.75 0.9821
60 1543.96 359.14 2048.00 1434.97 0.9228 2033.92 555.69 0.6883 2045.68 546.39 0.0940 2028.78 542.62 0.7330 2019.89 553.26 0.0291 1975.14 533.50 0.8481 1939.92 644.89 0.8772 1903.22 576.08 0.9953 1982.19 795.32 0.6988 1884.36 501.22 0.9955 2035.20 897.20 0.6888 1974.49 368.95 0.9823 1811.58 906.12 0.9945 1802.49 898.60 0.9988 1695.03 1041.45 0.9859 1839.01 1137.45 0.9971 1572.39 1149.50 0.9390 1848.62 1320.98 0.9744
70 908.12 687.46 1801.27 1486.47 0.8580 944.49 1097.36 0.7821 985.70 1043.15 0.9229 985.15 1035.49 0.2085 1224.92 1062.05 0.9558 1142.90 1043.94 0.0113 1541.74 1462.73 0.5399 1222.45 1329.17 0.6223 1549.26 1500.00 0.0095 1096.47 1420.49 0.0490 1286.86 1417.00 0.0175 1025.43 1437.56 0.0353 1551.63 1500.00 0.0033 1424.63 1500.00 0.0084 1173.18 1500.00 0.0039 1235.54 1279.26 0.0093 1162.58 1437.71 0.0054 1504.30 1130.53 0.0128
71 1.59 0.00 791.02 1486.93 0.9138 26.60 977.01 0.0590 9.05 966.10 0.0474 118.45 953.81 0.0054 24.71 1051.65 0.8490 381.74 1002.73 0.1288 74.01 1339.61 0.6589 534.46 1200.17 0.8620 152.15 1071.71 0.1956 617.54 764.36 0.6826 323.46 533.09 0.2454 502.51 290.09 0.5533 240.86 1432.27 0.0225 578.98 1369.69 0.0639 196.03 1022.46 0.0090 435.86 888.15 0.0272 637.35 939.78 0.0070 735.79 799.98 0.0178
72 0.05 962.28 643.42 1486.08 0.3897 24.24 999.49 0.0122 33.16 977.64 0.0039 33.35 980.47 0.0108 14.33 1000.99 0.0177 23.29 995.90 0.0474 24.22 1119.31 0.0760 11.31 1120.93 0.0849 249.79 1142.94 0.0765 297.19 1141.81 0.1233 504.16 1112.50 0.1485 533.11 1106.49 0.1725 77.72 1228.15 0.1502 76.38 1249.91 0.1616 170.88 1127.65 0.2519 157.72 1144.14 0.2828 498.62 1135.01 0.3710 490.50 1165.61 0.3865
82 0.00 468.66 128.81 1081.50 0.6933 5.34 589.52 0.0118 1.64 578.96 0.0068 1.47 579.72 0.0083 0.00 574.90 0.0188 0.00 575.27 0.0294 1.31 609.26 0.0886 0.00 609.51 0.0851 22.85 661.01 0.2465 18.32 669.01 0.2544 62.63 692.60 0.2907 61.91 699.07 0.2866 10.80 765.19 0.3302 8.35 766.63 0.3392 17.55 885.59 0.2305 18.02 886.46 0.2477 11.61 1005.71 0.1141 13.20 1007.49 0.1255
83 0.00 349.98 192.84 1043.82 0.8293 20.25 406.37 0.1303 11.33 392.78 0.0407 10.61 398.00 0.0884 0.00 405.03 0.0647 11.25 413.86 0.2854 28.25 475.33 0.6055 43.11 480.73 0.7550 154.08 492.92 0.5524 152.70 498.86 0.7869 148.62 423.08 0.5237 137.13 434.14 0.7471 47.47 684.82 0.9128 51.01 692.72 0.9378 110.64 798.56 0.8868 83.81 836.09 0.9308 102.82 912.93 0.7825 42.85 973.13 0.8334
84 0.00 337.23 343.20 933.91 0.9212 132.24 401.23 0.3579 125.75 388.31 0.0513 133.27 387.62 0.5314 55.22 389.50 0.1342 112.90 394.67 0.9194 22.13 451.42 0.8651 95.92 463.27 0.9850 32.74 517.24 0.3727 98.35 555.30 0.9461 123.57 524.23 0.2502 133.17 660.66 0.8005 61.13 651.51 0.9550 121.52 656.99 0.9856 118.23 758.82 0.9505 220.57 727.61 0.9844 153.39 876.13 0.9333 289.06 829.01 0.9681
85 129.60 331.68 372.03 849.64 0.9087 232.43 384.69 0.4037 229.12 374.24 0.0737 232.00 372.83 0.4069 181.17 382.52 0.2557 228.30 382.36 0.8781 152.63 447.05 0.9539 247.50 445.85 0.9947 145.42 531.61 0.7849 292.45 523.51 0.9884 193.91 569.30 0.6968 336.43 588.54 0.9605 209.29 603.63 0.9936 271.68 605.83 0.9979 241.75 706.36 0.9894 300.12 705.83 0.9968 228.65 809.96 0.9750 295.03 821.39 0.9885
86 175.03 327.52 415.16 826.51 0.8899 321.82 374.44 0.4222 315.62 367.43 0.1279 319.38 366.54 0.2621 272.34 379.68 0.3450 305.02 379.95 0.6641 236.49 438.80 0.9804 327.25 424.24 0.9836 204.26 500.57 0.9573 383.16 421.21 0.9714 199.53 568.56 0.9171 394.43 375.25 0.9484 290.67 569.86 0.9968 337.59 568.76 0.9972 343.81 670.42 0.9910 345.75 683.64 0.9927 357.07 759.08 0.9635 317.81 784.23 0.9674
87 283.30 320.84 524.26 775.79 0.9028 383.13 364.20 0.1004 375.34 355.35 0.0172 378.12 353.96 0.1385 335.62 362.01 0.2395 369.31 359.78 0.9380 307.62 410.83 0.9778 389.12 410.76 0.9958 298.71 463.45 0.7872 429.60 479.58 0.9846 335.83 483.18 0.5539 479.98 527.11 0.9078 337.30 542.24 0.9953 394.28 543.29 0.9982 356.21 632.09 0.9828 436.91 630.00 0.9932 371.34 717.11 0.9556 468.50 715.73 0.9770
88 355.60 211.84 561.41 718.10 0.9107 445.33 331.33 0.3922 439.93 325.08 0.0877 441.16 327.18 0.2852 411.66 337.44 0.1923 437.65 342.59 0.6886 391.88 374.01 0.9481 456.50 376.67 0.9877 378.46 329.24 0.8964 513.57 334.34 0.9850 375.89 250.39 0.8565 535.88 282.13 0.9668 425.66 509.91 0.9926 463.82 513.68 0.9965 441.67 588.83 0.9827 488.79 594.93 0.9923 435.49 673.15 0.9462 488.17 687.53 0.9678
89 407.49 245.70 542.63 702.94 0.8442 478.41 332.22 0.0545 471.40 324.59 0.0248 474.60 324.77 0.0333 447.13 336.78 0.1787 482.48 333.79 0.3246 441.55 376.64 0.8905 493.03 369.46 0.8905 418.59 332.58 0.8081 505.62 328.76 0.8064 442.41 268.60 0.6994 478.33 275.74 0.7036 467.19 488.79 0.9857 501.14 485.90 0.9862 489.05 578.44 0.9767 510.34 574.67 0.9767 483.08 667.75 0.9401 501.91 663.67 0.9405
90 451.88 239.87 605.41 657.22 0.8351 512.67 330.15 0.2817 507.71 323.83 0.0629 507.58 323.99 0.3116 478.96 332.91 0.1768 503.43 331.57 0.8667 470.32 370.30 0.9521 514.46 364.92 0.9899 487.15 354.05 0.6924 564.06 340.43 0.9737 529.22 312.85 0.5949 580.51 298.96 0.9192 488.96 480.09 0.9847 521.40 478.64 0.9939 499.03 557.36 0.9384 553.39 553.69 0.9762 498.56 628.47 0.8459 571.81 625.62 0.9195
91 492.94 295.46 616.06 638.40 0.8542 551.03 327.73 0.1291 544.57 320.82 0.0476 547.41 319.64 0.1126 518.03 327.61 0.3575 548.54 323.97 0.7566 504.79 368.72 0.9729 564.49 362.13 0.9884 504.38 421.62 0.8305 589.58 412.46 0.9473 514.44 452.60 0.6301 597.14 449.61 0.8126 527.77 462.72 0.9925 569.27 460.50 0.9953 534.22 537.76 0.9791 578.72 534.87 0.9858 532.79 608.10 0.9555 580.31 605.35 0.9661
92 487.30 297.99 607.00 619.23 0.7764 559.87 326.03 0.1994 556.59 319.39 0.1178 558.71 319.01 0.1302 541.35 322.63 0.5707 567.29 321.87 0.6392 525.32 356.60 0.9809 579.78 356.90 0.9856 503.28 397.76 0.9026 590.80 404.66 0.9188 499.48 432.10 0.7513 593.91 446.97 0.7721 540.96 445.20 0.9918 575.65 446.00 0.9928 555.62 513.51 0.9783 578.67 514.16 0.9786 565.38 579.28 0.9517 579.24 579.92 0.9519
93 498.34 293.35 642.97 589.81 0.8440 594.04 324.46 0.2693 588.81 317.65 0.1248 591.20 317.75 0.1964 564.26 319.66 0.4701 589.15 319.85 0.7077 544.95 353.48 0.9812 598.47 352.82 0.9863 522.12 400.02 0.8906 607.80 402.24 0.9174 517.38 440.31 0.7459 611.87 444.47 0.7774 556.06 440.53 0.9916 592.53 440.43 0.9930 566.13 505.67 0.9764 606.53 505.03 0.9784 574.90 564.18 0.9504 618.07 565.32 0.9534
94 549.87 294.79 643.55 581.70 0.7492 630.02 326.54 0.5183 627.41 320.25 0.2696 626.51 320.84 0.4164 606.82 320.35 0.3329 619.95 322.02 0.6271 595.83 346.97 0.9520 618.37 349.16 0.9675 583.06 389.39 0.7666 609.67 390.26 0.8535 572.45 408.51 0.6595 586.07 409.07 0.7425 593.28 429.49 0.9791 611.80 430.35 0.9826 590.34 494.12 0.9689 619.79 494.80 0.9723 579.69 554.00 0.9517 616.33 556.60 0.9556
95 574.84 287.60 678.37 569.06 0.7291 654.90 321.30 0.8061 655.63 316.71 0.4749 650.75 316.68 0.8309 653.33 320.15 0.1633 635.08 319.47 0.8171 651.15 341.62 0.9469 614.28 346.76 0.9886 660.24 353.23 0.7410 584.57 379.91 0.9736 668.05 329.83 0.7243 589.34 395.92 0.9458 642.39 420.83 0.9818 620.58 423.75 0.9920 639.31 482.69 0.9633 626.97 485.72 0.9833 626.15 538.15 0.9362 619.22 544.04 0.9640
96 599.29 289.25 762.74 559.96 0.8274 674.60 317.13 0.9150 675.75 311.15 0.7246 668.87 311.70 0.9039 672.51 311.75 0.3657 653.26 312.80 0.8646 669.11 335.09 0.9876 637.76 343.05 0.9964 702.40 339.88 0.9084 608.91 375.97 0.9828 730.92 323.34 0.8906 611.58 405.20 0.9636 658.99 418.33 0.9940 644.50 422.45 0.9968 655.07 478.20 0.9836 668.50 481.90 0.9906 642.12 531.96 0.9616 675.91 539.09 0.9749
97 644.42 290.00 772.47 558.27 0.7286 724.46 317.11 0.9276 726.47 310.89 0.7376 717.32 311.77 0.9271 727.41 313.10 0.3475 704.65 314.72 0.9006 728.63 345.54 0.9841 694.40 347.45 0.9971 737.49 383.77 0.8508 674.91 388.08 0.9883 760.54 416.86 0.8170 668.02 425.45 0.9710 718.71 422.99 0.9906 698.98 424.72 0.9964 725.85 482.91 0.9730 714.99 484.97 0.9892 698.93 532.07 0.9465 688.02 536.20 0.9727
98 711.91 289.40 858.58 553.80 0.8026 781.38 317.29 0.8789 782.16 312.10 0.5936 775.24 311.95 0.8966 774.33 316.69 0.2716 759.19 315.31 0.9097 768.81 345.94 0.9692 751.97 346.97 0.9921 798.25 374.10 0.6956 782.29 380.86 0.9593 827.82 372.33 0.6453 818.16 372.86 0.9087 765.39 421.02 0.9732 752.20 423.50 0.9879 788.93 470.86 0.9276 764.73 473.88 0.9678 788.29 529.71 0.8893 746.61 535.87 0.9381
99 794.75 283.79 885.37 560.34 0.7570 845.84 310.21 0.7841 845.00 304.35 0.3952 841.47 304.38 0.8252 830.62 306.65 0.1635 826.93 305.94 0.8820 822.04 336.41 0.9437 819.06 337.12 0.9894 834.11 379.76 0.5738 830.16 384.17 0.9596 861.11 417.06 0.5183 857.55 419.78 0.9005 822.94 414.14 0.9666 821.74 416.13 0.9872 837.90 473.24 0.9253 838.70 474.66 0.9717 827.07 532.01 0.8911 827.05 536.23 0.9460
100 816.06 288.15 989.37 552.37 0.8309 917.27 313.32 0.9424 918.43 307.16 0.7955 909.05 308.61 0.9390 918.56 309.40 0.4078 893.87 313.46 0.9021 922.16 334.06 0.9900 886.23 345.38 0.9979 953.90 341.17 0.9213 854.44 383.02 0.9915 971.19 316.97 0.9040 829.52 414.25 0.9797 908.64 413.42 0.9949 892.49 417.57 0.9977 903.69 472.30 0.9840 922.57 476.37 0.9923 862.52 521.68 0.9613 905.30 529.34 0.9778
101 912.25 278.02 1040.88 555.15 0.7945 986.25 312.26 0.8677 986.59 306.19 0.5076 980.99 306.51 0.8973 977.33 309.38 0.1847 966.07 309.48 0.9204 964.35 340.43 0.9523 958.40 341.51 0.9929 969.81 378.65 0.5970 963.80 383.08 0.9744 993.75 406.82 0.5758 990.90 415.08 0.9376 963.90 417.44 0.9719 959.85 419.29 0.9905 972.17 477.62 0.9461 962.22 478.65 0.9820 977.72 530.80 0.9340 958.26 534.92 0.9706
102 997.74 243.86 1108.45 565.91 0.7438 1053.98 309.31 0.4734 1052.92 302.78 0.1848 1050.31 304.14 0.4945 1039.37 303.82 0.1226 1041.30 306.51 0.6674 1039.27 325.69 0.9017 1034.97 331.99 0.9709 1064.38 316.26 0.6692 1057.12 327.71 0.9454 1085.44 276.12 0.6902 1082.25 281.48 0.9131 1039.25 408.36 0.9797 1036.81 412.56 0.9903 1042.58 470.66 0.9652 1045.36 474.56 0.9833 1028.22 527.27 0.9406 1030.54 534.41 0.9654
103 1028.31 292.44 1217.12 565.06 0.8308 1125.96 320.57 0.8729 1125.77 314.78 0.6084 1120.31 314.89 0.8728 1121.35 315.99 0.2613 1106.58 314.88 0.8596 1116.50 338.96 0.9808 1093.88 342.32 0.9944 1147.91 351.75 0.8745 1082.20 375.89 0.9793 1185.51 351.41 0.8466 1104.06 394.48 0.9555 1111.68 422.89 0.9934 1095.76 425.25 0.9966 1124.29 481.62 0.9860 1087.85 484.42 0.9926 1117.39 533.28 0.9738 1055.39 539.75 0.9840
104 1107.51 274.61 1228.38 561.04 0.6655 1188.76 309.43 0.4010 1185.27 303.72 0.0891 1185.20 304.85 0.5179 1168.87 308.06 0.0461 1173.64 309.52 0.7928 1166.75 331.07 0.8130 1168.06 334.83 0.9725 1179.55 311.43 0.4067 1193.05 319.93 0.9649 1195.97 263.77 0.4408 1206.69 270.85 0.9276 1172.06 410.43 0.9702 1170.26 413.04 0.9909 1174.48 473.93 0.9637 1153.84 475.78 0.9896 1173.77 529.66 0.9511 1132.47 535.34 0.9805
105 1191.06 287.94 1294.06 562.20 0.7519 1244.72 317.60 0.6829 1242.57 311.54 0.2660 1240.52 312.12 0.7461 1222.96 311.86 0.1391 1228.26 313.31 0.8736 1217.61 339.01 0.9296 1225.10 342.29 0.9880 1235.19 370.75 0.5677 1250.66 376.09 0.9689 1265.63 379.64 0.5364 1277.45 384.07 0.9241 1219.31 420.08 0.9710 1225.87 422.26 0.9895 1226.70 479.30 0.9477 1235.84 479.94 0.9819 1210.31 535.23 0.9288 1221.72 538.46 0.9674
106 1216.36 296.11 1327.23 568.04 0.7724 1314.59 322.64 0.8577 1315.00 317.14 0.5147 1309.01 317.56 0.8936 1311.48 320.00 0.1653 1295.16 320.24 0.8997 1306.69 350.84 0.9511 1283.12 349.36 0.9947 1304.88 388.91 0.6455 1258.81 386.21 0.9864 1317.97 421.30 0.6329 1258.91 428.21 0.9651 1298.16 429.88 0.9819 1282.95 429.55 0.9947 1302.66 487.63 0.9615 1274.76 487.11 0.9885 1287.65 538.22 0.9456 1243.40 540.10 0.9776
107 1275.15 299.02 1413.64 571.95 0.8229 1361.54 327.06 0.9303 1365.64 321.85 0.7948 1356.70 320.98 0.9193 1369.70 325.08 0.3992 1343.47 322.16 0.8356 1367.92 354.76 0.9827 1324.89 351.64 0.9957 1375.69 391.18 0.8900 1299.60 386.83 0.9834 1379.05 425.68 0.8660 1287.14 425.28 0.9649 1356.46 432.86 0.9916 1326.22 432.38 0.9959 1370.46 491.26 0.9796 1316.78 491.09 0.9890 1381.81 544.19 0.9630 1302.83 545.55 0.9766
108 1347.74 296.90 1462.40 589.27 0.8561 1408.75 327.85 0.9523 1414.25 322.09 0.8945 1402.90 321.85 0.9239 1422.09 324.20 0.6616 1393.04 323.24 0.7945 1428.81 356.85 0.9933 1380.02 355.37 0.9972 1440.98 397.30 0.9588 1360.72 393.31 0.9852 1450.86 437.97 0.9401 1358.39 432.15 0.9700 1416.58 438.78 0.9952 1386.38 438.34 0.9970 1412.54 502.09 0.9853 1386.09 501.62 0.9896 1400.33 559.50 0.9627 1373.59 559.57 0.9710
109 1370.28 303.36 1517.48 609.80 0.8565 1441.24 338.27 0.9559 1447.35 331.96 0.9199 1434.55 332.10 0.9197 1456.77 333.44 0.7381 1423.87 333.64 0.7458 1465.49 363.39 0.9942 1413.05 366.11 0.9962 1492.42 392.51 0.9654 1394.39 402.77 0.9737 1504.22 414.69 0.9452 1384.99 433.34 0.9517 1449.84 447.08 0.9947 1419.29 447.94 0.9959 1436.61 513.73 0.9809 1422.02 514.98 0.9825 1422.09 573.48 0.9497 1419.91 576.15 0.9528
110 1407.13 309.67 1518.33 635.10 0.8202 1476.44 344.28 0.9304 1483.09 337.94 0.8574 1470.74 337.33 0.8878 1491.98 340.04 0.6090 1460.49 337.82 0.7208 1499.74 371.70 0.9882 1447.25 364.44 0.9945 1507.56 406.19 0.9361 1427.80 380.75 0.9737 1488.73 407.57 0.9139 1449.81 358.14 0.9536 1484.32 463.55 0.9938 1449.14 460.28 0.9959 1482.93 533.69 0.9871 1438.43 529.94 0.9903 1479.44 600.55 0.9706 1433.84 596.17 0.9761
111 1436.68 299.18 1562.57 660.40 0.8397 1514.01 341.73 0.9428 1520.00 334.73 0.8832 1506.32 334.30 0.9075 1527.81 340.21 0.6243 1491.87 337.31 0.7471 1534.14 382.52 0.9879 1481.02 368.11 0.9938 1554.78 422.96 0.9184 1457.43 366.02 0.9618 1542.86 457.01 0.8879 1471.62 329.75 0.9357 1517.94 482.15 0.9890 1483.15 476.81 0.9926 1500.92 559.15 0.9647 1473.25 555.43 0.9731 1489.37 627.83 0.9146 1463.45 625.10 0.9292
112 1472.62 314.45 1590.75 708.83 0.8586 1540.22 365.96 0.9328 1547.28 359.99 0.8703 1534.51 358.12 0.8752 1558.11 363.69 0.6200 1524.52 357.63 0.6447 1566.67 401.34 0.9836 1511.33 383.51 0.9904 1579.04 435.15 0.9273 1481.12 378.12 0.9610 1563.70 430.89 0.9051 1504.32 321.73 0.9412 1543.75 502.99 0.9884 1509.42 495.74 0.9916 1528.26 588.98 0.9722 1512.05 582.54 0.9773 1505.77 663.53 0.9222 1498.94 655.42 0.9321
113 1487.09 238.01 1620.92 736.52 0.8175 1579.88 375.23 0.9402 1590.11 368.58 0.7860 1571.98 366.40 0.9259 1603.16 371.68 0.4803 1557.95 363.62 0.8519 1603.19 417.96 0.9636 1541.78 382.59 0.9937 1589.29 443.71 0.8478 1529.97 336.60 0.9856 1586.60 440.48 0.8148 1567.09 273.82 0.9675 1575.23 526.86 0.9878 1529.80 512.86 0.9950 1574.61 614.21 0.9709 1515.35 599.27 0.9888 1559.94 694.08 0.9260 1502.44 686.84 0.9602
114 1503.67 326.21 1696.41 755.33 0.8860 1614.72 383.32 0.9612 1624.73 375.46 0.9283 1607.98 372.30 0.9260 1639.50 372.95 0.7196 1597.21 364.94 0.7012 1656.06 413.31 0.9938 1575.19 404.81 0.9970 1678.84 468.79 0.9710 1549.64 466.76 0.9857 1675.89 495.00 0.9578 1535.52 527.95 0.9723 1622.50 541.99 0.9967 1572.67 536.04 0.9978 1601.97 636.09 0.9900 1554.02 629.21 0.9918 1577.35 718.66 0.9653 1531.44 709.92 0.9701
115 1473.99 307.27 1712.47 778.33 0.8652 1573.06 401.10 0.9544 1582.47 390.75 0.9359 1565.72 392.03 0.8190 1607.48 380.36 0.8768 1566.09 385.61 0.4857 1628.06 405.88 0.9965 1566.80 424.90 0.9812 1669.13 382.76 0.9905 1541.27 458.87 0.9162 1683.09 333.79 0.9783 1527.37 484.87 0.8892 1597.36 557.82 0.9975 1558.24 559.81 0.9941 1582.52 657.95 0.9916 1542.55 653.65 0.9815 1567.55 737.38 0.9628 1522.68 724.60 0.9397
116 1456.75 336.69 1791.04 818.43 0.8934 1509.44 395.85 0.9503 1519.05 384.75 0.9384 1502.12 387.01 0.7272 1547.58 379.52 0.9060 1507.11 385.16 0.3798 1578.76 413.63 0.9981 1509.87 430.44 0.9787 1657.94 410.15 0.9953 1494.97 481.21 0.8873 1737.90 386.53 0.9864 1480.41 492.56 0.8630 1557.10 565.88 0.9982 1514.03 568.78 0.9937 1555.30 674.38 0.9946 1508.46 665.87 0.9832 1576.82 778.62 0.9732 1518.30 751.15 0.9472
117 1416.30 352.12 1742.24 857.49 0.8973 1452.55 417.78 0.9250 1462.38 406.84 0.9402 1446.52 408.03 0.5948 1495.26 398.78 0.9340 1457.14 402.07 0.2402 1533.48 440.54 0.9981 1466.29 448.05 0.9476 1620.14 462.31 0.9948 1452.22 505.03 0.6922 1687.21 472.86 0.9822 1433.82 562.47 0.6618 1504.98 598.63 0.9979 1472.00 596.40 0.9884 1468.00 710.18 0.9950 1468.60 696.97 0.9762 1473.54 819.12 0.9794 1493.40 787.04 0.9462
118 1224.34 353.79 1534.34 851.86 0.9007 1350.23 416.68 0.9106 1356.32 403.95 0.9430 1346.60 405.57 0.4728 1386.13 395.28 0.9474 1369.54 401.26 0.1271 1439.23 435.38 0.9983 1388.82 436.62 0.8909 1489.55 443.14 0.9968 1405.60 447.52 0.5768 1494.59 449.01 0.9862 1405.07 433.24 0.5584 1413.64 617.19 0.9981 1372.15 605.71 0.9850 1428.43 718.05 0.9942 1323.30 673.90 0.9602 1461.56 814.39 0.9768 1291.13 731.65 0.9243
119 1193.08 327.66 1332.64 816.07 0.8464 1223.22 377.43 0.8345 1231.34 366.64 0.8928 1224.33 368.18 0.3400 1260.24 366.84 0.9323 1250.50 367.34 0.1459 1277.90 424.11 0.9966 1267.96 420.36 0.8845 1290.29 513.96 0.9929 1261.35 501.06 0.5017 1264.12 585.40 0.9741 1235.39 566.32 0.4963 1269.42 572.88 0.9947 1264.76 570.53 0.9677 1235.81 668.90 0.9869 1234.60 674.09 0.9273 1288.11 761.90 0.9509 1269.56 758.96 0.8621
120 1019.18 322.79 1251.15 791.80 0.8955 1109.32 365.30 0.8054 1117.69 358.48 0.8467 1114.39 355.89 0.2946 1146.10 368.58 0.9143 1145.70 360.02 0.1723 1153.25 428.83 0.9962 1159.18 420.82 0.9361 1152.01 509.98 0.9907 1137.46 497.11 0.6436 1116.61 578.11 0.9704 1107.73 547.10 0.6143 1143.66 564.62 0.9956 1161.65 560.55 0.9807 1082.78 659.29 0.9919 1174.09 662.43 0.9662 1071.38 753.09 0.9714 1219.62 752.27 0.9326
121 931.22 318.54 1089.49 780.28 0.8523 1009.14 356.51 0.6968 1016.16 348.54 0.7888 1011.55 347.33 0.2316 1038.30 358.70 0.8947 1030.28 356.35 0.0831 1051.64 418.17 0.9901 1038.25 411.93 0.9374 1048.53 494.96 0.9828 1024.87 480.00 0.5993 1013.17 555.43 0.9574 996.60 541.30 0.5791 1038.93 554.38 0.9949 1024.16 549.09 0.9857 1049.37 645.08 0.9930 983.89 641.07 0.9747 1082.98 735.11 0.9844 969.55 727.54 0.9593
122 814.52 310.48 1068.67 781.83 0.8800 929.85 354.19 0.4915 931.92 346.79 0.4148 933.36 345.66 0.2464 935.17 356.02 0.6284 957.27 352.69 0.3512 943.54 412.08 0.9882 957.25 406.18 0.9896 969.31 477.25 0.9748 941.57 467.79 0.9655 1001.11 545.50 0.9427 909.99 528.88 0.9230 945.10 552.32 0.9972 953.04 548.49 0.9974 955.07 645.05 0.9902 919.13 641.15 0.9894 996.35 735.29 0.9705 920.86 730.49 0.9692
123 763.62 305.21 1168.07 779.76 0.8506 919.82 352.58 0.4007 919.59 346.16 0.1865 922.42 345.80 0.1530 910.65 357.64 0.5389 945.77 357.08 0.4321 888.17 394.78 0.9791 974.00 398.43 0.9818 821.73 385.84 0.9655 1059.18 381.70 0.9679 778.67 362.13 0.9348 1125.97 349.72 0.9349 912.05 541.66 0.9958 956.68 546.23 0.9958 920.90 633.78 0.9897 960.71 640.38 0.9903 920.91 720.51 0.9620 957.41 730.96 0.9644
124 830.62 218.02 1061.52 793.90 0.8647 935.41 342.99 0.9464 943.82 337.47 0.8630 924.47 337.26 0.8831 956.61 346.81 0.6538 908.11 347.67 0.7002 976.19 385.60 0.9878 890.48 387.45 0.9886 1027.75 333.80 0.9664 849.76 342.76 0.9704 1044.91 267.01 0.9540 858.46 278.51 0.9592 967.58 546.19 0.9960 911.28 547.88 0.9961 971.07 649.45 0.9843 909.31 655.44 0.9854 958.77 743.44 0.9326 901.49 751.19 0.9352
125 814.79 309.78 1010.01 821.38 0.8851 893.40 372.23 0.9586 904.73 365.91 0.9080 886.27 364.67 0.8783 922.01 369.85 0.7638 875.92 365.79 0.6268 939.13 403.65 0.9936 858.56 402.78 0.9865 984.67 376.90 0.9799 829.99 378.52 0.9506 989.91 335.92 0.9593 849.46 339.36 0.9260 937.93 557.70 0.9963 882.46 560.14 0.9947 950.20 667.37 0.9892 886.58 678.36 0.9855 963.15 750.99 0.9580 900.31 768.85 0.9496
126 758.13 236.98 1036.89 882.24 0.9187 871.56 399.89 0.9760 882.04 391.28 0.9182 860.49 390.91 0.9392 899.61 388.64 0.6971 844.37 387.62 0.7709 922.65 422.52 0.9934 830.52 420.54 0.9941 982.76 378.09 0.9719 787.56 370.26 0.9790 1017.31 324.81 0.9495 777.39 301.78 0.9624 916.03 590.49 0.9962 859.39 590.36 0.9965 916.28 714.63 0.9905 883.26 711.33 0.9919 896.84 822.89 0.9632 892.48 818.33 0.9677
127 664.63 337.88 1097.64 920.54 0.9216 861.16 408.36 0.9810 874.03 395.44 0.9470 846.95 397.30 0.9401 899.15 391.21 0.8240 832.57 396.38 0.7691 930.69 457.77 0.9970 818.58 460.02 0.9967 987.63 535.64 0.9844 764.55 529.43 0.9827 1041.89 605.48 0.9658 706.47 586.08 0.9639 905.18 638.48 0.9987 837.65 637.77 0.9986 900.62 754.81 0.9964 832.33 750.05 0.9965 897.28 853.65 0.9864 832.87 848.29 0.9871
128 722.41 355.68 939.79 1041.00 0.8922 788.40 426.07 0.9771 801.98 410.12 0.9532 772.26 416.42 0.9276 827.88 410.38 0.8471 755.23 425.83 0.6853 866.17 487.02 0.9957 748.93 508.34 0.9913 922.83 597.46 0.9788 740.45 608.17 0.9498 877.71 680.02 0.9543 753.34 672.35 0.9162 861.74 694.79 0.9976 780.82 707.62 0.9965 893.10 817.24 0.9936 790.88 857.07 0.9918 913.83 908.02 0.9774 798.48 965.03 0.9739
129 512.38 365.66 953.50 1187.27 0.9339 744.01 452.28 0.9838 758.69 435.13 0.9489 724.57 438.83 0.9507 789.47 433.46 0.8239 706.04 445.00 0.8073 842.88 528.24 0.9969 685.96 541.08 0.9977 895.40 637.16 0.9793 622.34 648.67 0.9859 921.41 740.98 0.9567 559.97 734.34 0.9685 829.92 773.98 0.9985 741.23 776.53 0.9987 821.96 951.17 0.9954 780.00 932.88 0.9963 811.78 1096.22 0.9774 818.78 1064.04 0.9816
130 624.62 362.11 933.00 1297.92 0.9007 698.08 476.32 0.9768 718.73 453.79 0.9722 676.39 461.24 0.8763 763.43 451.15 0.9271 660.93 469.54 0.4178 830.80 564.40 0.9978 660.31 579.91 0.9806 900.50 726.18 0.9912 660.94 679.85 0.8812 900.57 867.23 0.9776 702.89 699.34 0.8503 818.12 866.39 0.9988 708.42 875.55 0.9967 815.97 1049.95 0.9973 705.79 1076.72 0.9934 819.34 1161.66 0.9878 717.72 1187.21 0.9789
131 491.63 395.81 888.84 1488.42 0.9288 593.85 558.83 0.9882 618.86 525.59 0.9669 564.32 538.77 0.9574 675.93 510.59 0.8376 541.93 540.75 0.6906 756.02 643.75 0.9956 544.30 679.38 0.9942 845.58 853.28 0.9786 533.13 869.10 0.9769 853.05 1048.48 0.9648 537.43 1031.72 0.9644 762.83 1022.65 0.9963 624.41 1045.05 0.9963 794.63 1240.79 0.9780 653.99 1290.35 0.9805 824.77 1354.23 0.8496 684.08 1418.34 0.8619
132 0.00 468.25 925.41 1485.71 0.9254 540.45 713.52 0.9921 579.12 667.98 0.9798 498.46 675.48 0.9691 658.37 627.64 0.8685 462.89 651.87 0.6774 769.14 772.14 0.9885 420.65 813.55 0.9931 834.41 950.99 0.9356 282.62 1052.23 0.9545 885.33 1059.98 0.8804 99.78 1325.50 0.8908 765.13 1284.47 0.8765 554.52 1294.73 0.8993 754.16 1457.97 0.2070 558.26 1401.74 0.2314 817.12 1498.70 0.0276 701.64 1398.27 0.0330
133 43.63 593.03 1001.92 1495.32 0.9144 229.01 1042.67 0.9720 257.27 974.18 0.9781 192.31 999.40 0.7853 431.44 863.28 0.9578 234.22 935.64 0.1051 774.15 1051.75 0.9750 294.72 1049.53 0.9403 909.88 1402.53 0.5758 304.89 1317.76 0.5284 887.38 1500.00 0.4067 231.35 1484.55 0.3144 742.12 1500.00 0.1250 487.41 1468.27 0.1295 534.89 1500.00 0.0146 435.07 1277.10 0.0158 484.68 1500.00 0.0051 689.97 1181.56 0.0069
140 82.37 390.93 604.55 1487.37 0.9096 360.84 555.98 0.5048 345.93 530.93 0.0429 358.97 526.67 0.7038 211.07 536.85 0.2024 318.58 546.59 0.9845 136.25 697.66 0.9487 322.33 742.42 0.9947 166.61 892.82 0.4496 419.55 991.43 0.9692 356.26 918.42 0.3263 524.20 1146.86 0.8524 215.94 1104.49 0.9325 351.44 1129.67 0.9777 348.30 1258.47 0.8058 500.56 1248.44 0.9294 357.06 1480.29 0.5163 495.64 1455.00 0.6818
141 418.53 394.49 811.38 1425.80 0.8997 681.77 522.59 0.4883 669.73 505.30 0.0809 676.94 502.09 0.4975 583.27 509.25 0.2605 659.29 517.33 0.9329 533.78 613.96 0.9644 654.64 652.06 0.9944 476.65 716.08 0.7623 683.89 868.09 0.9745 527.63 736.70 0.6064 738.60 1004.45 0.9066 553.84 936.99 0.9852 648.00 942.73 0.9936 564.59 1107.47 0.9778 733.74 1057.20 0.9899 488.18 1312.17 0.9332 703.31 1223.69 0.9583
142 614.18 370.17 984.16 1253.81 0.9184 871.39 473.09 0.7289 865.65 452.60 0.1813 869.75 452.59 0.6710 781.14 452.55 0.3575 830.97 459.96 0.9426 700.82 551.07 0.9916 831.24 582.91 0.9971 646.56 707.48 0.9561 899.02 690.52 0.9902 635.62 829.03 0.9205 945.90 670.60 0.9721 744.48 809.40 0.9985 812.36 832.48 0.9991 819.37 946.44 0.9969 797.91 1013.05 0.9980 834.72 1095.52 0.9849 730.49 1190.83 0.9878
143 822.53 353.89 1068.83 1072.35 0.8878 1001.64 443.38 0.6761 996.90 425.65 0.1497 997.95 425.91 0.7982 926.30 420.27 0.2215 970.55 428.64 0.9704 867.25 496.58 0.9430 953.67 519.94 0.9964 834.70 613.14 0.5364 956.11 661.90 0.9811 883.96 698.45 0.4089 987.90 776.66 0.9171 865.18 731.56 0.9852 929.51 740.57 0.9959 894.16 865.35 0.9842 990.33 855.79 0.9956 878.05 1021.04 0.9713 1001.54 1002.18 0.9871
144 900.10 357.14 1178.53 996.70 0.9109 1139.01 434.38 0.4713 1134.76 422.02 0.1140 1139.15 420.25 0.4345 1083.58 420.24 0.2506 1133.88 422.96 0.8368 1035.62 481.29 0.9382 1120.25 502.01 0.9915 995.73 570.86 0.7608 1117.19 634.41 0.9763 1023.09 621.59 0.6793 1141.50 722.21 0.9311 1016.35 682.72 0.9878 1081.55 691.17 0.9949 1015.67 797.93 0.9849 1136.21 807.44 0.9937 943.30 924.72 0.9656 1102.64 943.56 0.9801
145 1012.97 356.27 1309.75 969.31 0.9120 1206.68 421.10 0.4523 1202.82 408.05 0.1265 1207.45 408.13 0.2932 1154.14 409.79 0.3948 1203.66 413.34 0.7445 1113.03 470.93 0.9832 1208.39 479.18 0.9911 1063.51 569.72 0.9546 1245.41 552.90 0.9810 1045.67 651.52 0.9175 1278.50 576.20 0.9555 1118.24 646.50 0.9975 1172.16 651.60 0.9982 1143.99 767.29 0.9946 1163.37 786.25 0.9962 1135.78 884.74 0.9798 1114.82 913.83 0.9834
146 1100.32 336.37 1275.90 859.36 0.8598 1235.86 396.59 0.2896 1234.96 383.00 0.1105 1237.68 383.31 0.1895 1196.71 381.17 0.4679 1246.91 386.04 0.6379 1160.07 433.59 0.9641 1249.30 447.23 0.9725 1113.24 502.26 0.8751 1244.25 539.11 0.9092 1147.07 542.98 0.7486 1241.41 614.00 0.7877 1154.38 604.55 0.9896 1217.37 607.73 0.9904 1166.82 713.79 0.9810 1232.61 697.83 0.9828 1168.43 824.67 0.9501 1241.99 795.75 0.9540
147 1048.81 326.76 1422.35 791.10 0.8918 1214.68 364.85 0.4376 1216.77 355.12 0.2794 1220.00 356.11 0.1333 1217.12 364.10 0.7342 1254.77 364.22 0.3630 1202.00 423.01 0.9926 1284.34 420.36 0.9790 1142.65 481.09 0.9850 1338.71 479.09 0.9421 1089.81 523.21 0.9592 1387.35 509.42 0.8985 1202.13 562.88 0.9981 1251.04 561.12 0.9968 1192.85 652.98 0.9946 1251.86 660.88 0.9921 1188.41 743.23 0.9764 1244.64 759.33 0.9704
148 1093.73 229.59 1275.25 770.46 0.8614 1171.13 355.47 0.4936 1174.86 347.08 0.3131 1177.73 347.60 0.1803 1190.31 354.11 0.6252 1216.03 350.57 0.3407 1178.54 407.88 0.9830 1244.38 387.19 0.9795 1138.84 418.82 0.9699 1247.99 345.38 0.9593 1109.82 391.14 0.9456 1230.84 269.77 0.9347 1184.75 542.95 0.9972 1229.76 538.45 0.9969 1165.01 611.62 0.9939 1235.60 626.15 0.9940 1159.87 701.56 0.9760 1244.65 733.57 0.9773
149 1076.58 318.51 1203.70 726.49 0.8373 1091.24 356.77 0.6734 1097.83 348.71 0.7267 1090.97 348.02 0.2974 1117.64 353.13 0.8423 1108.63 350.75 0.1824 1128.43 399.34 0.9834 1126.21 395.13 0.9289 1159.30 457.52 0.9453 1153.34 454.34 0.5136 1186.12 512.18 0.8742 1153.03 506.77 0.4407 1126.83 515.78 0.9842 1125.98 512.98 0.9645 1129.36 600.89 0.9730 1124.55 598.64 0.9327 1149.77 685.39 0.9488 1137.10 679.58 0.9015
150 1000.85 311.65 1117.41 701.43 0.8201 1016.74 356.28 0.7130 1022.63 347.44 0.7655 1017.22 347.94 0.2677 1042.77 345.56 0.8380 1031.52 347.23 0.0997 1063.20 383.49 0.9855 1045.21 384.64 0.9206 1096.12 439.53 0.9750 1055.40 443.94 0.5832 1095.41 494.62 0.9514 1052.66 494.35 0.5945 1059.25 505.14 0.9912 1051.45 503.25 0.9774 1025.57 583.98 0.9874 1035.86 581.77 0.9612 1065.52 658.08 0.9707 1087.09 653.15 0.9338
151 896.63 317.82 1066.06 683.25 0.8692 935.53 357.13 0.7082 941.58 348.96 0.7560 938.51 348.67 0.2206 964.68 346.13 0.9080 962.88 346.47 0.1281 983.84 379.23 0.9892 983.64 376.42 0.9420 986.93 417.39 0.9719 978.16 408.50 0.5542 954.75 402.62 0.9394 954.24 392.24 0.5428 977.44 494.75 0.9934 987.04 490.96 0.9830 940.24 572.14 0.9921 1007.57 568.81 0.9742 937.51 647.74 0.9831 1043.42 639.21 0.9597
152 779.95 309.78 1011.91 661.77 0.9026 871.72 336.99 0.1426 873.26 330.62 0.1162 878.06 329.55 0.0600 883.42 333.36 0.7266 905.51 333.26 0.4342 880.23 365.40 0.9870 931.42 371.83 0.9904 832.23 376.15 0.9657 967.28 410.45 0.9702 793.94 364.02 0.9075 989.60 430.64 0.9159 896.36 474.24 0.9961 923.40 474.12 0.9970 894.73 553.92 0.9821 913.52 553.11 0.9840 914.20 625.17 0.9401 914.50 622.16 0.9454
153 775.79 295.80 922.49 631.92 0.8607 839.11 327.35 0.2252 840.79 319.43 0.2578 842.20 318.76 0.0719 845.45 322.93 0.8923 872.76 322.07 0.3926 836.80 362.04 0.9925 895.42 361.98 0.9841 816.18 411.72 0.9741 913.64 414.50 0.8714 794.29 450.10 0.9041 906.83 454.37 0.7114 841.24 458.81 0.9960 879.09 457.93 0.9938 829.89 530.03 0.9899 869.26 530.70 0.9806 831.40 596.88 0.9757 869.09 595.64 0.9604
154 767.49 295.90 876.81 614.29 0.8430 807.03 327.71 0.2505 808.47 320.63 0.2324 807.87 320.39 0.1021 806.40 326.39 0.8181 832.97 325.05 0.4766 794.23 365.26 0.9878 850.35 362.04 0.9799 783.27 416.52 0.9401 867.38 402.53 0.8265 775.85 457.23 0.8158 851.55 429.41 0.6298 804.54 451.03 0.9922 842.96 450.63 0.9895 802.67 517.83 0.9818 846.49 518.86 0.9710 805.46 579.50 0.9612 854.80 579.14 0.9448
155 736.84 293.78 845.52 592.18 0.8506 784.44 320.23 0.2512 785.12 313.95 0.2535 786.86 313.59 0.0949 785.53 319.39 0.7748 811.38 317.73 0.3371 776.16 355.28 0.9857 825.01 352.26 0.9721 761.22 400.69 0.9480 834.63 394.38 0.7998 751.45 437.07 0.8468 826.03 424.45 0.6295 785.67 436.38 0.9926 816.53 435.48 0.9892 790.95 498.60 0.9839 809.15 499.17 0.9725 802.12 560.98 0.9671 810.45 560.33 0.9510
156 754.24 283.22 823.56 582.14 0.7381 770.89 310.10 0.2262 771.71 303.86 0.2498 773.34 303.58 0.0690 776.62 307.24 0.6348 797.04 305.88 0.1246 780.45 340.23 0.9510 809.26 337.52 0.8527 778.35 390.18 0.9132 812.21 387.42 0.5362 770.08 435.01 0.8182 796.28 433.25 0.4621 787.05 426.86 0.9794 806.61 425.07 0.9606 782.68 491.30 0.9736 793.08 490.32 0.9433 793.83 555.19 0.9574 798.03 551.90 0.9257
157 739.24 282.97 823.77 574.41 0.7967 765.15 311.00 0.1846 766.54 304.86 0.2002 767.98 304.39 0.0589 770.37 309.64 0.6974 794.15 308.52 0.1890 768.41 340.70 0.9638 810.24 340.65 0.8990 758.03 376.21 0.9112 819.39 383.15 0.5863 749.15 376.43 0.7852 803.49 391.06 0.4560 774.14 423.76 0.9848 802.56 422.79 0.9729 767.02 486.49 0.9802 794.75 486.50 0.9600 771.75 550.32 0.9686 797.66 547.97 0.9474
158 719.55 287.51 811.07 562.80 0.7618 742.62 313.91 0.2389 744.42 308.29 0.2663 745.77 307.83 0.0666 749.76 311.19 0.7586 770.99 309.55 0.1697 750.83 338.52 0.9736 783.40 336.35 0.9140 744.14 376.87 0.9246 786.41 374.27 0.5310 733.96 384.10 0.8151 765.28 381.96 0.4145 757.80 414.94 0.9856 782.49 413.70 0.9717 744.59 479.20 0.9776 785.24 479.33 0.9485 742.32 542.34 0.9596 793.20 539.66 0.9260
159 692.32 281.34 783.68 552.22 0.7637 710.98 311.16 0.3767 712.52 305.59 0.4440 713.93 305.02 0.1033 721.06 306.87 0.7819 739.08 304.99 0.1202 728.78 333.67 0.9730 755.44 329.79 0.8856 723.34 373.67 0.9515 757.94 368.49 0.5394 704.20 376.71 0.8863 729.46 374.83 0.4859 739.80 413.61 0.9820 758.43 411.00 0.9589 739.55 472.69 0.9723 756.05 470.73 0.9284 752.08 530.21 0.9488 765.44 524.39 0.8987
164 638.62 280.91 729.89 511.63 0.3652 653.33 301.01 0.2033 656.37 296.15 0.1715 657.28 295.61 0.0954 661.57 298.94 0.7060 680.08 297.12 0.3735 658.33 322.82 0.9788 696.84 320.55 0.9689 652.67 357.16 0.8458 715.16 354.64 0.7105 650.49 383.70 0.6201 714.93 380.26 0.4621 673.74 386.24 0.9771 698.37 385.32 0.9728 673.34 441.21 0.9221 694.63 440.12 0.9047 679.79 491.10 0.8506 696.10 488.80 0.8283
