35 1812.04 688.16 2048.00 1045.70 0.6586 2041.41 727.39 0.0247 2042.87 717.98 0.0160 2045.78 718.57 0.0127 2048.00 715.03 0.0364 2048.00 716.38 0.0269 2048.00 744.09 0.1258 2048.00 739.96 0.2343 2008.87 761.93 0.2268 2003.32 751.53 0.4767 1976.88 750.28 0.3199 1976.59 749.99 0.5313 2029.56 860.75 0.5390 2026.87 854.26 0.6496 1969.18 905.79 0.5728 1969.13 899.91 0.6543 1901.98 976.00 0.5088 1901.63 969.58 0.5837
36 1777.10 537.32 2048.00 1038.52 0.8807 1964.92 590.43 0.6414 1974.06 578.05 0.7879 1974.20 576.52 0.1398 2008.13 592.21 0.8881 2020.29 584.45 0.0625 2000.37 672.52 0.9790 2044.55 655.12 0.6280 1922.23 762.34 0.9666 1981.95 734.66 0.2030 1883.50 723.50 0.9264 1905.45 704.05 0.2708 1972.87 843.84 0.9263 2002.70 829.09 0.6924 1864.96 841.70 0.8955 1896.67 828.59 0.5983 1867.54 996.25 0.7426 1881.87 972.42 0.4910
37 1701.78 533.22 2016.23 1025.09 0.8947 1891.02 588.06 0.2404 1893.02 576.77 0.1918 1902.49 578.71 0.0721 1895.03 588.27 0.6821 1950.82 590.98 0.2322 1867.73 647.36 0.9626 1976.64 657.05 0.9012 1797.89 693.85 0.9206 1988.79 732.16 0.7198 1811.69 696.58 0.8295 1964.11 717.34 0.6041 1826.37 802.46 0.9826 1895.71 796.84 0.9702 1774.72 867.35 0.9664 1816.35 850.62 0.9449 1771.20 981.14 0.9028 1793.15 953.06 0.8709
38 1676.92 531.06 1999.44 1043.11 0.8814 1902.91 595.16 0.3441 1899.11 582.01 0.1053 1903.19 585.11 0.2676 1852.46 580.39 0.3192 1903.48 593.41 0.6705 1811.88 624.26 0.9293 1906.59 658.60 0.9733 1802.26 676.70 0.7951 1943.14 737.26 0.9374 1884.60 657.64 0.6931 1991.92 678.61 0.8410 1783.56 793.56 0.9802 1847.30 806.68 0.9867 1754.26 883.21 0.9720 1825.96 905.12 0.9810 1719.21 976.64 0.9410 1796.07 1001.71 0.9517
39 1674.99 541.90 2047.65 1056.79 0.9230 1956.07 607.69 0.3938 1955.42 591.65 0.0965 1957.93 597.45 0.3081 1905.35 583.05 0.3641 1951.42 601.32 0.7450 1843.18 623.22 0.9728 1949.96 671.02 0.9890 1781.50 688.46 0.9106 1974.74 759.38 0.9732 1802.91 720.78 0.8434 2032.12 713.12 0.9239 1803.73 795.53 0.9951 1871.72 812.57 0.9966 1763.98 885.21 0.9892 1837.41 922.13 0.9926 1723.22 983.39 0.9621 1800.01 1029.68 0.9682
40 1672.87 546.67 2047.51 1057.90 0.9236 1976.05 603.63 0.3108 1977.09 588.72 0.1558 1982.13 595.57 0.1022 1949.18 588.32 0.6551 2000.89 606.79 0.3629 1893.36 630.44 0.9906 2002.93 681.89 0.9723 1810.20 700.50 0.9825 2014.18 780.42 0.9172 1776.13 776.96 0.9531 2044.89 742.40 0.8464 1820.10 796.15 0.9978 1889.81 813.26 0.9956 1772.01 885.06 0.9939 1850.50 927.82 0.9884 1727.35 983.78 0.9696 1803.85 1029.64 0.9521
41 1673.11 545.96 2047.75 1055.91 0.9261 1996.09 608.42 0.2463 1996.61 592.96 0.1490 2001.16 599.67 0.0868 1967.81 590.83 0.6214 2018.47 608.28 0.3102 1910.99 630.62 0.9818 2020.66 676.73 0.9359 1832.74 700.31 0.9637 2021.52 772.85 0.7976 1800.05 776.79 0.9035 2034.00 756.84 0.6753 1830.84 794.04 0.9957 1901.84 808.49 0.9905 1774.24 877.37 0.9924 1850.43 917.29 0.9836 1733.19 983.47 0.9738 1802.58 1025.69 0.9554
42 1716.91 534.04 2047.69 1047.80 0.9186 1965.61 601.60 0.3131 1965.30 586.33 0.1446 1970.17 592.99 0.1247 1935.68 585.30 0.5715 1989.79 601.77 0.4416 1883.43 628.81 0.9805 2006.71 671.98 0.9742 1822.67 710.13 0.9623 2026.46 763.93 0.9363 1775.22 776.85 0.9228 2038.43 732.43 0.8782 1835.02 780.56 0.9955 1912.76 799.65 0.9943 1784.32 844.51 0.9899 1863.48 915.47 0.9874 1742.82 920.68 0.9633 1810.72 1019.44 0.9549
43 1599.09 499.81 1958.51 980.10 0.8302 1871.99 551.63 0.4310 1875.63 540.80 0.4660 1881.67 543.22 0.0745 1885.47 550.07 0.8636 1927.21 554.76 0.1389 1848.59 592.95 0.9931 1954.13 617.72 0.9051 1746.39 589.49 0.9906 1949.36 653.70 0.6698 1653.35 573.20 0.9713 1924.86 624.24 0.6453 1813.28 749.07 0.9959 1877.13 756.56 0.9827 1778.63 820.32 0.9913 1844.65 847.10 0.9648 1769.10 913.36 0.9622 1822.39 942.30 0.9106
44 1670.30 429.95 1917.76 937.42 0.8284 1819.17 498.93 0.8759 1831.81 495.80 0.8839 1822.89 491.95 0.5057 1859.93 510.64 0.9139 1845.42 500.07 0.2853 1842.19 557.47 0.9963 1855.50 536.64 0.9545 1794.62 549.69 0.9918 1866.59 502.13 0.8014 1789.26 507.04 0.9785 1888.98 430.07 0.7719 1784.76 694.60 0.9974 1788.96 680.71 0.9905 1745.30 797.32 0.9924 1749.56 775.81 0.9739 1753.54 890.66 0.9644 1752.10 858.23 0.9251
45 1589.34 333.34 1871.88 870.49 0.8519 1748.65 467.95 0.9321 1762.01 466.92 0.8887 1745.78 461.77 0.7786 1779.06 485.07 0.8248 1745.97 469.00 0.5615 1771.56 542.33 0.9944 1746.28 492.44 0.9823 1811.19 548.45 0.9833 1747.32 418.02 0.9361 1832.18 517.61 0.9699 1752.49 365.59 0.9173 1712.00 665.91 0.9965 1698.76 645.22 0.9938 1665.30 740.98 0.9877 1680.78 735.99 0.9803 1681.22 815.61 0.9447 1707.63 823.96 0.9269
46 1489.72 418.13 1758.55 827.90 0.8803 1627.37 459.66 0.9568 1641.82 456.46 0.9411 1623.02 453.14 0.7998 1665.19 470.96 0.8970 1623.80 460.64 0.4467 1664.62 526.36 0.9970 1622.26 499.21 0.9765 1710.00 551.09 0.9900 1608.96 472.91 0.8697 1732.53 538.66 0.9741 1598.86 428.19 0.8280 1616.22 641.02 0.9954 1598.27 629.46 0.9872 1560.79 712.90 0.9872 1603.86 711.79 0.9667 1556.43 788.59 0.9497 1645.61 793.33 0.9095
47 1367.00 424.45 1568.01 825.90 0.8703 1491.36 462.59 0.9250 1501.15 454.92 0.9387 1489.51 451.76 0.5771 1527.19 462.16 0.9381 1501.96 454.66 0.2480 1544.41 517.80 0.9981 1504.81 504.84 0.9557 1554.35 592.44 0.9961 1498.99 569.31 0.7650 1533.31 649.08 0.9864 1474.30 615.54 0.7394 1513.71 638.17 0.9975 1482.55 626.69 0.9870 1515.95 720.00 0.9912 1431.29 695.82 0.9585 1543.32 798.67 0.9626 1417.21 756.90 0.9048
48 1313.37 400.02 1460.75 793.70 0.8345 1372.97 447.43 0.8826 1381.61 437.77 0.9036 1371.93 438.09 0.5238 1408.35 439.89 0.8907 1379.64 441.79 0.1495 1425.50 489.29 0.9914 1392.61 487.75 0.9604 1438.55 558.88 0.9785 1391.66 553.28 0.6622 1419.74 619.33 0.9592 1369.23 609.22 0.6613 1398.32 611.50 0.9911 1380.20 606.62 0.9790 1361.93 686.54 0.9848 1365.82 682.41 0.9554 1370.90 761.01 0.9660 1388.39 755.04 0.9262
49 1198.97 403.50 1387.98 792.17 0.8316 1263.27 442.41 0.9069 1272.50 436.55 0.9225 1261.48 435.26 0.5558 1298.24 441.85 0.9317 1275.17 437.71 0.2748 1311.63 487.17 0.9979 1284.22 477.54 0.9542 1346.75 523.83 0.9944 1278.24 508.70 0.7305 1369.24 543.00 0.9812 1271.08 519.05 0.6989 1286.50 595.70 0.9971 1277.97 588.85 0.9856 1251.08 680.41 0.9921 1282.67 665.73 0.9651 1264.08 757.32 0.9675 1323.04 725.82 0.9199
50 1065.93 308.68 1263.23 788.79 0.8474 1151.81 451.28 0.8438 1159.17 444.30 0.8443 1147.70 444.32 0.4177 1179.78 450.01 0.8563 1156.70 451.15 0.1776 1191.23 479.82 0.9954 1168.04 482.43 0.9243 1191.76 427.78 0.9939 1174.60 435.98 0.7735 1183.10 351.01 0.9824 1171.09 358.78 0.7611 1189.22 604.22 0.9972 1164.84 603.15 0.9878 1206.32 679.23 0.9925 1134.80 671.80 0.9703 1240.24 751.09 0.9724 1123.26 731.74 0.9355
51 989.40 364.82 1134.13 782.66 0.7930 1048.20 436.98 0.8468 1054.37 427.40 0.8686 1044.30 428.97 0.4771 1073.27 431.40 0.9029 1050.67 436.76 0.1854 1092.93 467.56 0.9893 1073.40 472.21 0.9556 1109.36 422.55 0.9726 1065.13 429.89 0.6851 1084.62 369.51 0.9574 1047.92 378.95 0.7184 1078.49 581.05 0.9931 1072.86 579.80 0.9852 1042.18 663.11 0.9914 1084.19 660.64 0.9771 1037.10 745.28 0.9782 1112.77 740.47 0.9548
52 915.39 386.28 1035.56 783.32 0.8099 932.37 433.42 0.6464 937.89 425.39 0.6921 934.35 425.49 0.2338 956.96 430.94 0.8528 956.03 430.33 0.1493 964.99 470.02 0.9830 974.49 466.36 0.9243 962.40 462.61 0.9542 976.76 456.03 0.5342 949.58 414.56 0.9128 949.90 412.14 0.5306 958.41 583.90 0.9900 966.39 580.66 0.9765 952.04 660.87 0.9889 968.63 658.25 0.9687 973.04 737.74 0.9757 991.66 730.90 0.9473
53 782.10 403.44 967.90 781.57 0.9020 812.67 444.06 0.7066 818.15 436.84 0.7829 814.88 437.07 0.2519 840.62 439.50 0.8684 829.53 441.01 0.0722 863.41 475.77 0.9893 843.44 477.68 0.9359 876.46 496.27 0.9850 854.54 499.31 0.6757 859.34 447.12 0.9696 859.35 443.86 0.6909 869.24 591.95 0.9953 849.06 591.29 0.9877 896.16 669.17 0.9935 818.01 668.32 0.9793 947.25 736.15 0.9842 811.25 730.93 0.9623
54 673.08 412.19 844.39 784.04 0.8674 712.04 461.75 0.7151 717.94 452.58 0.7896 711.92 451.94 0.2238 740.20 447.40 0.9228 737.20 446.05 0.1276 767.36 481.06 0.9901 763.19 477.77 0.9420 804.69 540.49 0.9765 779.74 541.55 0.5569 817.06 595.05 0.9475 785.25 600.92 0.5392 780.51 589.94 0.9921 787.61 586.05 0.9794 732.39 663.00 0.9893 794.59 658.37 0.9655 715.03 746.65 0.9801 818.95 736.27 0.9540
55 541.39 339.26 808.28 792.37 0.8780 588.78 487.33 0.6810 591.93 478.67 0.5466 589.26 480.17 0.3045 608.53 472.97 0.6406 606.08 470.02 0.2690 633.74 507.02 0.9855 620.11 467.24 0.9706 656.40 566.24 0.9789 605.64 410.12 0.9449 645.46 625.26 0.9554 572.85 370.12 0.9184 676.30 607.69 0.9970 662.73 598.01 0.9957 673.69 673.72 0.9931 633.49 678.40 0.9911 745.67 735.80 0.9775 672.52 745.42 0.9753
56 428.52 419.26 653.92 791.28 0.8855 485.18 474.83 0.3365 487.99 466.00 0.5064 489.22 464.31 0.0557 508.95 459.59 0.9662 524.91 453.58 0.1565 518.15 488.67 0.9963 573.83 473.79 0.9848 493.22 547.19 0.9924 631.74 507.81 0.8572 456.44 577.18 0.9716 631.59 517.72 0.7548 566.91 589.97 0.9975 596.98 583.05 0.9946 572.24 681.78 0.9905 595.25 675.56 0.9727 597.04 767.63 0.9672 596.82 752.42 0.9293
57 288.89 349.78 627.74 788.82 0.8997 457.35 449.44 0.6053 458.07 442.23 0.4446 457.85 442.96 0.2352 458.18 449.82 0.6706 473.79 452.45 0.3284 442.16 467.70 0.9883 489.42 490.11 0.9685 383.53 431.75 0.9841 529.91 530.96 0.9222 330.62 379.12 0.9612 545.16 593.51 0.8810 481.51 578.46 0.9962 494.88 588.04 0.9929 522.65 670.00 0.9891 477.62 666.73 0.9801 594.63 739.35 0.9584 490.27 726.54 0.9416
58 212.94 397.60 515.96 787.60 0.9099 358.75 431.86 0.4271 361.29 424.01 0.3476 364.87 423.58 0.1012 367.37 429.56 0.7831 397.99 426.10 0.2208 362.74 469.75 0.9934 432.40 464.59 0.9570 303.68 511.67 0.9900 479.11 514.32 0.8833 249.49 529.57 0.9712 498.81 547.08 0.8445 404.56 581.95 0.9973 442.70 579.49 0.9933 407.12 672.17 0.9924 440.99 663.96 0.9832 444.70 747.33 0.9700 473.69 735.20 0.9523
59 252.86 390.80 472.74 761.48 0.8695 271.49 442.83 0.5126 272.67 435.72 0.4539 270.49 434.92 0.1927 276.45 436.59 0.7836 292.32 432.90 0.3343 284.69 471.69 0.9882 316.10 466.16 0.9747 303.84 532.23 0.9622 351.63 522.71 0.8327 314.58 593.46 0.9053 346.30 581.67 0.7295 333.17 571.04 0.9938 356.51 571.11 0.9908 344.90 649.17 0.9872 374.16 647.99 0.9783 389.55 720.34 0.9722 421.19 714.33 0.9592
60 140.43 367.91 363.24 750.08 0.8745 182.91 434.38 0.6958 186.50 425.76 0.7307 186.10 423.93 0.2875 199.60 424.77 0.8709 215.30 418.09 0.2599 206.05 469.61 0.9917 243.62 451.58 0.9189 185.16 535.19 0.9805 256.48 502.32 0.6797 160.88 582.25 0.9389 238.50 562.34 0.6213 246.49 572.40 0.9930 265.73 566.71 0.9785 272.05 642.44 0.9869 254.31 632.76 0.9631 331.97 712.49 0.9668 273.17 698.55 0.9387
61 48.90 347.62 256.97 727.85 0.8363 73.69 420.24 0.4036 74.98 411.55 0.4626 76.74 410.08 0.0804 89.61 407.94 0.8190 112.65 402.36 0.0975 116.58 444.50 0.9797 146.67 434.45 0.9140 143.04 513.70 0.9469 172.87 500.81 0.5245 137.51 567.69 0.8607 151.42 559.64 0.4412 168.49 550.75 0.9853 191.51 546.35 0.9693 172.42 626.23 0.9753 194.32 620.89 0.9417 210.66 690.23 0.9442 233.43 677.03 0.8971
63 0.00 304.38 160.95 780.01 0.5854 6.94 419.43 0.0085 3.89 411.25 0.0053 4.62 411.74 0.0062 0.00 411.72 0.0192 1.22 410.36 0.0248 0.65 434.63 0.0850 0.00 432.84 0.0606 28.25 420.53 0.2655 30.89 426.55 0.1989 93.63 423.73 0.3464 94.91 425.44 0.2709 12.30 543.25 0.2795 8.12 545.15 0.2555 32.01 603.61 0.1796 33.61 604.75 0.1737 45.37 697.09 0.1010 50.02 698.52 0.1001
67 65.50 339.05 266.79 648.34 0.5587 135.85 373.54 0.8362 135.28 364.31 0.5131 127.10 365.77 0.8410 123.81 366.92 0.2108 106.54 369.74 0.8449 115.40 407.57 0.9237 106.23 414.42 0.9685 138.52 457.05 0.5356 128.18 471.39 0.8559 170.09 499.49 0.4965 160.42 505.64 0.7647 134.35 502.60 0.8989 129.24 509.19 0.9385 160.24 560.38 0.8227 160.90 566.71 0.8948 170.08 613.12 0.7878 172.50 622.96 0.8532
68 163.12 285.48 310.36 634.00 0.6724 222.39 341.71 0.7843 221.89 334.08 0.4478 214.49 336.93 0.8001 214.38 340.52 0.1740 198.70 347.18 0.8271 211.05 376.28 0.9165 196.18 386.90 0.9760 199.68 389.96 0.5843 186.28 405.22 0.9281 207.10 345.61 0.5514 199.10 339.73 0.8747 238.57 467.28 0.9454 228.50 475.67 0.9733 269.78 535.78 0.9047 268.60 544.20 0.9545 264.84 596.29 0.8540 263.60 607.30 0.9144
69 257.54 314.39 431.67 613.62 0.7005 319.80 346.70 0.6403 315.86 339.63 0.2022 312.32 342.14 0.6869 301.80 343.66 0.1204 298.32 349.20 0.8751 308.74 375.05 0.9279 301.52 380.84 0.9888 326.49 382.63 0.5127 292.21 389.05 0.9678 346.11 351.52 0.4858 306.10 353.87 0.9237 334.33 457.72 0.9769 338.33 462.21 0.9925 331.04 523.69 0.9576 388.98 526.82 0.9866 293.64 577.08 0.9290 392.19 582.53 0.9693
70 323.26 239.50 501.91 604.76 0.6804 409.45 335.15 0.8981 412.33 326.93 0.5327 404.35 328.92 0.9319 405.01 323.49 0.1294 387.79 329.69 0.9363 391.66 338.23 0.9604 370.65 362.10 0.9967 393.29 323.71 0.6644 349.00 389.05 0.9906 399.98 289.75 0.6908 334.14 403.19 0.9763 397.13 431.42 0.9886 383.37 444.68 0.9970 418.93 495.91 0.9794 405.57 508.12 0.9944 423.92 553.30 0.9627 399.64 570.65 0.9857
71 421.13 293.67 532.66 577.34 0.5317 483.63 320.88 0.8150 482.35 313.98 0.4083 477.73 315.17 0.8712 470.58 316.36 0.1215 462.53 318.51 0.9095 463.26 349.39 0.9054 454.38 354.15 0.9866 465.76 391.68 0.4190 449.77 401.63 0.9580 486.64 433.97 0.4148 472.64 444.19 0.9047 478.60 429.18 0.9353 474.60 434.06 0.9783 503.97 485.52 0.8832 505.60 489.46 0.9625 495.17 538.29 0.8649 500.36 545.00 0.9415
72 496.29 284.78 631.76 565.92 0.6003 560.09 313.64 0.6728 557.92 307.51 0.2776 554.11 307.91 0.7214 546.14 309.77 0.1479 540.86 310.50 0.8441 544.88 341.67 0.8938 539.60 340.36 0.9822 561.71 376.03 0.4497 530.18 375.84 0.9487 589.81 401.59 0.4440 546.28 418.46 0.8892 550.25 417.57 0.9580 557.26 417.39 0.9854 541.14 477.82 0.9442 594.22 475.55 0.9805 511.99 536.01 0.9465 605.46 535.09 0.9756
73 544.85 278.54 671.21 552.77 0.4695 632.49 311.65 0.5482 631.50 305.77 0.2218 631.51 305.89 0.5466 609.42 304.61 0.1720 621.16 305.54 0.7420 590.92 330.23 0.9160 605.51 334.52 0.9710 573.74 372.64 0.5664 592.45 379.26 0.8868 576.86 410.63 0.4660 596.68 416.84 0.7638 592.41 409.22 0.9514 602.29 413.52 0.9724 621.70 466.32 0.9019 629.49 469.46 0.9439 625.63 520.86 0.8560 634.28 526.51 0.9038
74 607.18 269.03 715.49 528.06 0.4368 685.46 295.56 0.5155 682.97 289.96 0.1902 684.06 290.32 0.5432 661.11 290.41 0.1564 674.43 291.61 0.7804 646.96 318.21 0.9121 662.87 322.07 0.9775 632.96 360.63 0.5605 657.56 366.93 0.9282 644.03 399.41 0.4639 670.03 404.80 0.8257 655.41 397.00 0.9404 666.24 400.79 0.9713 678.07 451.70 0.8412 685.15 454.06 0.9214 673.94 496.54 0.7407 679.10 501.14 0.8400
75 680.82 269.94 791.38 517.97 0.4345 737.76 293.76 0.4885 735.53 288.22 0.1575 733.64 288.19 0.5355 716.52 291.09 0.1672 724.12 291.40 0.8377 711.55 318.66 0.9248 725.07 319.21 0.9826 725.39 355.01 0.5312 738.97 356.09 0.9435 744.73 380.57 0.4505 758.61 386.00 0.8579 715.93 390.29 0.9702 731.13 390.84 0.9873 713.42 442.27 0.9430 759.16 441.02 0.9765 693.63 486.80 0.9292 763.10 486.78 0.9633
76 738.08 259.61 820.61 504.86 0.4095 787.81 285.97 0.4241 783.74 280.59 0.1316 784.41 280.69 0.4680 761.02 283.45 0.1633 776.39 282.98 0.8240 750.77 310.74 0.9239 778.62 309.25 0.9780 751.64 346.69 0.5292 793.76 344.98 0.9239 768.58 369.69 0.4162 810.00 371.36 0.8112 758.16 381.11 0.9621 777.17 380.60 0.9815 766.70 434.38 0.9222 781.74 432.57 0.9637 766.31 479.23 0.8874 778.48 478.83 0.9347
77 738.01 262.28 838.63 500.86 0.3809 819.79 286.74 0.8454 822.59 281.83 0.6210 815.08 281.75 0.8407 823.80 284.72 0.2843 803.97 284.00 0.7794 820.92 310.84 0.9475 791.66 308.49 0.9867 819.16 343.90 0.7271 766.23 336.68 0.9602 825.03 366.05 0.6988 753.61 360.47 0.9240 809.58 375.08 0.9643 793.14 374.73 0.9830 813.44 422.56 0.9233 806.59 422.34 0.9612 803.42 466.81 0.8888 799.94 467.50 0.9319
79 803.26 268.07 882.21 487.28 0.4284 844.04 289.11 0.8822 847.27 284.15 0.7439 839.21 284.58 0.8558 851.63 287.73 0.4670 830.61 288.05 0.7737 856.59 316.53 0.9754 822.24 317.19 0.9910 862.38 350.94 0.8327 813.19 351.47 0.9561 865.64 380.01 0.7758 817.74 377.54 0.9111 857.25 380.63 0.9770 835.39 382.00 0.9870 863.56 428.49 0.9397 839.40 429.64 0.9632 859.94 468.33 0.8899 832.45 470.01 0.9223
81 861.23 283.58 974.47 566.27 0.5920 925.34 307.24 0.9238 931.43 300.93 0.8362 918.87 301.01 0.8995 939.54 304.64 0.4925 906.11 304.55 0.7397 939.79 336.90 0.9665 896.93 338.19 0.9863 952.38 367.40 0.8291 877.65 372.45 0.9427 964.91 384.30 0.8074 875.02 396.44 0.9087 935.06 415.40 0.9687 910.32 416.81 0.9804 929.09 476.18 0.9375 921.72 477.00 0.9564 935.82 530.22 0.9053 938.21 531.41 0.9270
82 920.18 284.87 1022.09 568.42 0.6953 981.17 312.28 0.4028 977.81 306.10 0.1358 978.44 306.57 0.4225 957.74 308.34 0.1262 970.73 309.34 0.7089 951.02 336.73 0.9209 961.94 340.38 0.9764 959.80 380.58 0.7153 962.51 388.17 0.9544 983.29 422.98 0.6499 970.60 430.17 0.8985 956.02 418.43 0.9804 963.74 421.62 0.9899 983.90 478.77 0.9609 981.16 481.37 0.9803 975.11 533.76 0.9368 963.78 538.96 0.9621
83 958.24 309.33 1076.92 596.96 0.7647 1023.36 339.76 0.8941 1026.51 333.96 0.7401 1017.10 334.74 0.8632 1031.01 336.39 0.4183 1005.28 337.88 0.7633 1033.25 362.94 0.9710 998.46 365.88 0.9885 1033.22 388.83 0.8489 1000.61 395.08 0.9574 1025.01 367.85 0.8171 1024.17 371.93 0.9248 1034.50 446.24 0.9788 1008.01 448.62 0.9871 1049.42 507.71 0.9535 1004.69 509.87 0.9699 1051.22 566.08 0.9172 986.71 568.79 0.9400
84 999.09 314.25 1161.97 614.18 0.7711 1080.49 344.82 0.9536 1085.81 339.33 0.8750 1074.75 338.81 0.9338 1092.59 340.99 0.5620 1062.77 339.68 0.8263 1095.37 367.33 0.9921 1043.54 371.12 0.9971 1119.17 387.87 0.9553 1011.78 409.81 0.9878 1137.71 390.88 0.9401 1004.51 448.78 0.9752 1077.04 450.58 0.9949 1047.50 452.69 0.9970 1074.59 515.50 0.9840 1065.79 517.52 0.9895 1060.09 575.45 0.9583 1065.44 579.01 0.9693
85 1061.54 328.25 1214.62 631.24 0.7890 1132.29 361.86 0.9487 1135.99 355.91 0.8136 1126.17 355.55 0.9501 1139.33 357.60 0.3671 1110.80 355.64 0.9078 1140.70 386.30 0.9878 1089.73 390.71 0.9977 1165.80 412.11 0.9011 1073.16 439.36 0.9907 1190.08 425.60 0.8812 1082.21 483.80 0.9774 1134.08 476.87 0.9929 1102.72 479.88 0.9970 1131.27 539.33 0.9770 1104.46 542.27 0.9898 1126.02 593.36 0.9452 1099.47 598.98 0.9700
86 1092.40 347.36 1238.08 663.60 0.8051 1200.37 380.20 0.9119 1202.68 374.59 0.7050 1192.79 374.17 0.9088 1202.00 380.22 0.3100 1171.41 377.68 0.8623 1194.20 408.58 0.9781 1157.63 407.28 0.9933 1206.29 426.21 0.8689 1165.67 431.83 0.9772 1212.47 387.16 0.8471 1197.71 401.26 0.9547 1185.48 499.10 0.9884 1155.26 499.81 0.9938 1202.88 561.30 0.9719 1143.40 562.78 0.9842 1202.65 617.43 0.9463 1110.76 621.33 0.9650
87 1188.17 355.42 1369.66 691.08 0.8379 1264.37 390.65 0.9483 1268.00 383.47 0.8579 1255.75 383.96 0.9259 1271.39 387.11 0.5114 1238.16 387.69 0.8075 1273.79 421.68 0.9874 1224.58 425.95 0.9933 1305.39 449.94 0.9272 1203.60 468.08 0.9678 1344.87 469.14 0.9021 1211.69 498.17 0.9429 1260.35 514.90 0.9878 1231.77 517.24 0.9915 1251.68 584.56 0.9639 1234.68 587.42 0.9727 1235.64 650.22 0.9138 1224.62 656.15 0.9294
88 1251.69 276.89 1396.43 715.36 0.7982 1337.87 404.17 0.8811 1339.71 395.82 0.6147 1331.59 396.29 0.8681 1338.43 393.05 0.2203 1313.37 394.27 0.8056 1337.32 409.54 0.9746 1291.39 429.42 0.9911 1370.78 359.77 0.9031 1279.66 440.87 0.9783 1381.31 300.80 0.9062 1284.68 457.60 0.9652 1322.51 523.92 0.9901 1292.41 533.50 0.9944 1321.65 598.91 0.9718 1298.03 608.65 0.9830 1308.02 660.17 0.9124 1282.38 675.82 0.9395
89 1269.82 340.31 1445.79 738.21 0.8635 1420.31 419.74 0.8098 1423.53 411.40 0.4145 1414.11 410.45 0.8462 1423.48 415.79 0.1152 1397.21 411.36 0.8578 1411.34 445.37 0.9498 1377.58 441.47 0.9939 1415.35 408.68 0.7827 1372.69 411.09 0.9906 1418.56 365.39 0.8194 1416.03 372.44 0.9813 1396.68 558.49 0.9888 1364.38 558.31 0.9965 1420.58 634.30 0.9696 1336.70 634.00 0.9904 1416.93 698.45 0.9225 1282.83 701.67 0.9670
90 1372.60 363.75 1524.63 781.91 0.7389 1498.80 425.87 0.8457 1501.87 417.33 0.4716 1490.76 417.32 0.8633 1497.08 424.60 0.1989 1473.58 423.57 0.8971 1489.83 463.69 0.9612 1464.77 459.45 0.9945 1506.94 441.83 0.7178 1443.33 438.13 0.9847 1517.95 395.00 0.7426 1481.10 398.20 0.9682 1462.07 573.52 0.9909 1453.02 570.80 0.9970 1427.04 655.43 0.9855 1472.92 651.69 0.9950 1389.13 729.23 0.9687 1473.13 728.10 0.9858
91 1474.76 409.17 1650.92 808.76 0.8613 1579.54 444.28 0.8965 1583.27 437.25 0.6415 1571.70 436.58 0.8852 1584.21 444.31 0.2613 1553.52 441.20 0.8550 1579.80 488.21 0.9834 1531.62 485.88 0.9950 1597.69 548.42 0.8889 1541.27 554.84 0.9808 1618.11 598.57 0.8608 1588.75 605.80 0.9581 1547.52 594.62 0.9906 1514.73 594.38 0.9952 1556.56 678.39 0.9696 1531.65 679.65 0.9846 1519.52 760.41 0.9212 1498.23 765.46 0.9529
92 1476.13 440.79 1726.04 835.50 0.9017 1712.56 488.71 0.8550 1713.33 479.69 0.4168 1708.19 478.06 0.8516 1697.56 479.58 0.1852 1685.34 474.12 0.8795 1682.32 524.25 0.9449 1646.98 507.86 0.9960 1663.00 591.71 0.8178 1585.02 546.46 0.9931 1666.93 649.92 0.7816 1517.22 588.78 0.9808 1642.44 643.77 0.9918 1613.91 634.83 0.9977 1652.00 723.75 0.9820 1574.72 710.58 0.9950 1634.05 791.85 0.9585 1522.42 783.58 0.9821
93 1597.14 460.66 1839.07 867.94 0.8918 1814.85 514.27 0.6899 1817.18 506.03 0.1993 1812.22 505.45 0.7619 1792.24 501.08 0.0735 1792.19 501.84 0.8653 1766.94 535.30 0.9065 1754.30 530.48 0.9928 1756.80 602.50 0.4294 1676.52 567.35 0.9812 1747.98 653.61 0.4376 1615.44 607.64 0.9457 1695.42 645.08 0.9831 1696.78 642.52 0.9957 1688.20 729.48 0.9763 1737.44 727.84 0.9936 1629.78 814.46 0.9637 1712.03 818.20 0.9860
94 1695.43 482.25 2038.23 909.20 0.9044 1888.21 544.51 0.9485 1894.75 536.28 0.8296 1880.34 534.94 0.8979 1903.18 527.73 0.5721 1863.45 525.29 0.7684 1915.60 557.14 0.9895 1826.73 554.29 0.9929 1967.99 573.33 0.9607 1761.73 588.66 0.9780 2004.02 567.11 0.9356 1771.42 611.70 0.9584 1850.34 673.51 0.9954 1800.44 669.86 0.9961 1830.23 766.84 0.9869 1808.42 768.51 0.9897 1760.85 833.42 0.9546 1764.47 838.88 0.9605
95 1774.31 484.31 2016.95 943.78 0.8306 1932.86 545.62 0.8551 1941.52 538.51 0.7840 1932.13 535.80 0.5856 1963.61 540.82 0.6973 1940.65 535.85 0.2917 1990.97 578.05 0.9839 1913.43 569.62 0.9552 2001.50 575.73 0.9704 1873.88 591.49 0.8817 1997.99 504.89 0.9432 1899.34 575.10 0.8400 1936.48 716.09 0.9919 1882.84 703.59 0.9857 1918.79 810.05 0.9817 1837.89 779.80 0.9693 1903.65 896.15 0.9492 1803.64 856.11 0.9310
96 1814.47 514.01 2048.00 976.69 0.8731 2011.78 577.19 0.8090 2024.18 567.62 0.6160 2005.47 565.22 0.8420 2044.17 571.26 0.2151 1995.58 564.91 0.6952 2046.25 628.98 0.7166 1973.65 615.93 0.9570 2028.28 697.98 0.2106 1925.06 670.51 0.8874 2003.48 749.76 0.2407 1889.80 740.06 0.7989 1994.82 756.14 0.8097 1949.17 747.07 0.9342 1950.82 844.94 0.7894 1902.01 836.07 0.9166 1909.64 929.05 0.7822 1857.08 919.79 0.8884
97 1806.42 540.67 2047.59 1029.59 0.9022 2001.32 598.22 0.8947 2018.33 591.73 0.7786 1997.55 584.40 0.8397 2044.29 599.45 0.5035 1989.16 580.75 0.5897 2048.00 666.29 0.9036 1955.31 628.93 0.9624 2048.00 759.61 0.6913 1903.41 676.56 0.8967 2032.32 833.66 0.6369 1874.81 739.84 0.8260 1984.07 811.29 0.9270 1920.31 790.57 0.9547 1967.05 898.45 0.8665 1880.74 874.24 0.9176 1939.65 982.23 0.7812 1863.53 972.32 0.8373
98 1804.41 573.22 2047.90 1084.23 0.8801 1999.61 635.36 0.8995 2017.76 629.07 0.7898 1995.05 620.04 0.8739 2042.04 640.04 0.5190 1984.54 618.89 0.6838 2045.84 706.83 0.8946 1949.96 665.93 0.9664 2030.67 790.56 0.5843 1887.85 716.40 0.8907 2007.05 843.59 0.5017 1869.13 756.58 0.7959 1970.86 838.09 0.9001 1909.65 812.91 0.9456 1940.76 931.42 0.8103 1877.06 895.08 0.8946 1891.17 1023.92 0.6867 1862.47 996.61 0.7743
99 1747.33 611.89 2048.00 1142.45 0.9072 2000.59 677.76 0.9542 2020.69 669.94 0.8660 1994.17 659.83 0.9113 2047.25 680.76 0.5951 1977.40 655.32 0.7288 2048.00 760.94 0.9699 1932.05 712.30 0.9908 2041.99 877.51 0.8889 1861.69 779.65 0.9713 1997.68 954.11 0.8662 1811.53 866.41 0.9477 1952.39 908.52 0.9729 1879.25 879.45 0.9838 1912.23 1004.64 0.9123 1836.17 969.77 0.9477 1838.18 1087.87 0.7565 1801.13 1070.31 0.8197
100 1675.12 671.19 2019.00 1240.05 0.8724 1926.88 739.03 0.9490 1951.35 731.69 0.9500 1925.05 723.12 0.8646 1988.23 750.76 0.8498 1918.20 727.18 0.4559 1984.69 836.87 0.9795 1878.12 785.74 0.9258 1955.28 954.17 0.8926 1826.23 818.38 0.6031 1910.76 1047.91 0.7726 1857.06 808.70 0.5088 1884.11 985.60 0.9718 1810.06 958.94 0.9438 1858.27 1079.11 0.9581 1758.76 1057.64 0.9251 1837.95 1180.91 0.9200 1752.25 1168.31 0.8875
101 1637.28 616.84 2033.16 1321.41 0.8708 1872.54 791.89 0.5171 1878.99 780.54 0.3585 1883.10 780.97 0.1793 1890.77 788.53 0.7255 1926.60 783.96 0.3635 1831.04 855.35 0.9845 1959.92 825.95 0.9732 1735.05 908.51 0.9736 1973.07 779.56 0.9436 1670.28 990.95 0.9450 1975.43 692.74 0.9108 1766.41 1027.78 0.9950 1838.33 1018.18 0.9931 1751.74 1124.84 0.9768 1810.66 1154.69 0.9714 1722.31 1214.77 0.8764 1752.38 1264.00 0.8611
102 1552.10 641.18 1986.92 1394.29 0.8400 1804.46 882.30 0.8106 1819.78 874.74 0.7428 1810.66 866.22 0.3470 1867.68 876.93 0.7778 1836.33 859.95 0.1296 1924.63 917.40 0.9919 1806.82 900.10 0.9614 1960.14 842.49 0.9901 1715.45 875.73 0.9243 1907.46 726.84 0.9816 1650.78 847.94 0.9080 1814.44 1177.34 0.9966 1738.55 1141.22 0.9924 1729.91 1250.28 0.9777 1638.32 1159.68 0.9538 1645.57 1365.58 0.8703 1600.50 1240.94 0.8124
103 1514.97 708.25 1910.00 1492.49 0.8812 1721.25 1007.32 0.9401 1744.49 995.29 0.9230 1718.20 988.89 0.7765 1792.19 999.10 0.8449 1722.87 978.05 0.3205 1826.05 1102.26 0.9780 1696.44 985.41 0.9406 1783.48 1213.65 0.9435 1663.25 842.90 0.8529 1666.27 1281.38 0.9178 1814.61 744.88 0.8256 1725.02 1337.71 0.8938 1632.38 1282.12 0.8443 1631.36 1385.17 0.4350 1550.70 1322.81 0.3348 1624.90 1468.13 0.1201 1575.42 1389.50 0.0954
104 1483.21 859.03 1886.11 1491.93 0.9006 1699.02 1171.30 0.9740 1732.99 1156.28 0.9557 1685.96 1142.97 0.9324 1782.39 1146.26 0.8119 1663.31 1109.08 0.5890 1797.24 1245.87 0.9705 1620.99 1113.20 0.9601 1811.37 1407.24 0.8745 1580.12 1019.01 0.8687 1738.73 1487.08 0.8372 1701.55 918.88 0.8311 1665.33 1429.56 0.6876 1550.01 1371.98 0.6703 1617.36 1454.33 0.1759 1521.41 1402.90 0.1748 1561.58 1421.64 0.0529 1553.08 1376.89 0.0521
105 1427.44 1197.49 1833.53 1494.94 0.7897 1626.00 1357.95 0.9097 1670.32 1345.93 0.9117 1621.01 1320.20 0.8808 1741.55 1355.73 0.6965 1605.15 1296.01 0.4752 1782.73 1422.74 0.7117 1541.37 1352.39 0.8062 1784.97 1500.00 0.2219 1458.61 1458.54 0.4088 1722.28 1480.39 0.2166 1456.81 1500.00 0.3215 1700.04 1500.00 0.0749 1554.03 1463.16 0.1041 1683.34 1472.43 0.0263 1527.85 1394.14 0.0369 1590.12 1432.14 0.0198 1584.82 1369.95 0.0249
106 1272.89 1346.44 1528.17 1497.47 0.4150 1276.96 1452.17 0.4874 1292.69 1442.40 0.7127 1296.89 1436.35 0.1530 1356.93 1483.34 0.8012 1382.39 1465.05 0.0970 1372.92 1500.00 0.0954 1420.99 1500.00 0.1218 1351.33 1500.00 0.0166 1363.15 1500.00 0.0164 1298.03 1487.64 0.0255 1299.50 1491.33 0.0286 1404.63 1500.00 0.0022 1433.35 1500.00 0.0032 1360.45 1447.54 0.0043 1362.71 1426.50 0.0048 1418.23 1436.22 0.0294 1421.09 1403.46 0.0314
108 624.38 1348.41 819.76 1493.65 0.3022 729.46 1464.94 0.0342 722.03 1453.42 0.0289 743.25 1452.54 0.0270 645.93 1464.76 0.5523 789.84 1467.69 0.5500 604.16 1500.00 0.1294 815.87 1500.00 0.1577 613.34 1457.30 0.0140 816.04 1484.33 0.0185 690.65 1425.32 0.0110 760.77 1447.51 0.0117 656.21 1500.00 0.0033 802.37 1500.00 0.0044 664.69 1429.32 0.0033 797.24 1432.34 0.0039 647.31 1454.22 0.0152 791.62 1461.07 0.0171
109 218.96 1209.30 748.16 1492.43 0.6927 481.87 1336.10 0.1021 469.03 1324.08 0.1006 491.04 1316.08 0.0581 417.55 1355.39 0.6927 559.95 1334.23 0.6505 383.65 1473.99 0.6875 651.90 1442.30 0.7286 328.05 1500.00 0.2070 717.06 1458.71 0.2223 269.84 1456.47 0.1106 570.07 1402.17 0.1523 480.09 1500.00 0.0666 679.89 1500.00 0.0776 470.81 1408.32 0.0386 680.15 1362.02 0.0467 461.74 1461.37 0.0303 687.10 1401.54 0.0369
110 172.50 910.50 561.99 1490.86 0.8905 308.07 1137.87 0.2196 308.26 1128.62 0.0869 326.00 1124.37 0.1226 273.31 1178.77 0.4769 392.94 1156.83 0.5759 238.62 1369.45 0.6962 464.29 1253.51 0.8907 214.69 1414.59 0.2895 484.85 1085.62 0.7357 279.10 1248.94 0.3023 435.82 979.99 0.6243 319.67 1500.00 0.1183 488.44 1477.76 0.2392 224.61 1369.24 0.0418 454.04 1347.36 0.0892 408.93 1388.62 0.0214 617.72 1400.43 0.0363
112 44.81 774.26 397.29 1435.57 0.6481 209.65 896.22 0.9203 215.66 872.06 0.6966 182.11 886.74 0.9070 226.56 868.02 0.2567 136.98 903.20 0.8270 241.93 896.53 0.9096 114.32 1019.63 0.9828 284.92 833.71 0.7849 107.80 1139.72 0.9579 222.93 818.43 0.7988 258.35 1097.79 0.9455 321.75 1173.62 0.8743 229.90 1240.14 0.9325 364.53 1268.30 0.3745 284.58 1356.14 0.5357 322.12 1317.75 0.1035 318.18 1375.67 0.1427
113 26.76 544.31 412.05 1362.34 0.8712 94.72 795.67 0.2335 96.42 792.53 0.1023 108.01 781.92 0.0570 97.87 827.54 0.4987 163.84 797.46 0.2518 105.34 942.11 0.9542 208.62 845.40 0.9688 107.01 1043.09 0.9189 213.51 724.94 0.9585 159.96 1157.67 0.8368 161.25 593.85 0.9150 217.21 1115.45 0.9819 288.01 1089.61 0.9869 284.96 1203.90 0.9215 339.79 1184.02 0.9490 323.35 1326.02 0.6821 373.89 1319.35 0.7611
114 0.00 666.17 376.73 1212.09 0.8979 113.83 744.97 0.1984 108.78 736.04 0.0477 116.69 729.63 0.2093 54.57 755.27 0.2431 126.72 744.02 0.7622 28.16 856.33 0.7952 173.16 818.79 0.9497 29.16 968.99 0.3537 266.35 896.97 0.8797 125.22 929.06 0.2794 280.99 938.76 0.7399 115.08 1051.57 0.8030 210.66 1039.68 0.9151 187.36 1046.84 0.7482 272.92 1012.97 0.8953 235.64 1170.77 0.6574 320.96 1151.09 0.7931
115 37.65 515.82 414.44 1080.42 0.8690 223.95 690.86 0.5624 215.20 677.15 0.1275 226.30 680.94 0.5047 145.09 679.61 0.2850 214.18 699.40 0.8441 102.03 719.91 0.9692 195.82 797.73 0.9844 69.82 659.72 0.8984 216.83 894.00 0.9604 79.86 605.18 0.8324 270.58 986.61 0.9155 137.95 933.45 0.9571 199.64 967.76 0.9687 262.07 923.68 0.8573 322.74 943.45 0.8958 300.64 1037.20 0.6619 342.86 1049.60 0.7011
116 3.32 553.37 420.49 1077.87 0.8852 321.73 620.30 0.5420 316.25 608.32 0.1359 320.38 610.82 0.4369 264.50 611.76 0.2829 303.96 623.97 0.8135 215.62 654.04 0.9777 296.04 704.15 0.9909 129.28 630.64 0.9344 321.69 785.18 0.9774 46.46 586.28 0.8885 374.96 858.65 0.9514 243.71 825.90 0.9930 291.67 848.33 0.9952 282.80 903.63 0.9827 357.98 932.65 0.9883 279.02 1010.40 0.9384 351.95 1049.95 0.9498
117 131.91 527.38 434.29 1029.97 0.8755 392.73 588.41 0.7189 387.02 576.74 0.2756 388.58 578.93 0.6840 341.30 573.66 0.2774 359.57 583.97 0.8578 293.03 607.51 0.9683 354.70 650.07 0.9874 225.29 614.26 0.8952 373.99 719.08 0.9672 178.13 603.29 0.8493 403.21 772.34 0.9360 324.86 768.58 0.9863 356.29 789.95 0.9909 372.44 854.39 0.9612 398.68 883.64 0.9746 350.97 957.67 0.8754 357.85 989.83 0.9007
118 319.88 498.15 654.83 937.78 0.8812 492.04 548.57 0.7180 487.93 539.83 0.2206 488.99 542.25 0.6912 446.34 542.66 0.2218 469.00 553.07 0.8813 415.91 569.38 0.9659 441.40 615.53 0.9957 377.99 542.06 0.8584 410.48 685.77 0.9871 362.69 513.87 0.7786 399.77 750.56 0.9595 433.39 727.28 0.9895 461.48 746.19 0.9957 430.83 812.45 0.9764 538.65 812.31 0.9900 422.66 902.33 0.9329 596.96 889.27 0.9613
119 522.20 474.74 693.17 908.88 0.8570 625.14 520.28 0.7406 621.20 510.27 0.2459 621.25 511.47 0.7818 585.96 512.17 0.1623 595.41 517.10 0.8920 570.93 559.99 0.9233 575.69 578.74 0.9918 587.58 629.65 0.6864 579.44 665.02 0.9811 625.62 683.06 0.6334 618.80 724.87 0.9495 587.16 697.26 0.9730 593.84 709.49 0.9908 607.72 777.65 0.9456 636.96 795.60 0.9819 581.16 853.67 0.8844 624.94 875.39 0.9409
120 624.82 456.48 832.93 899.82 0.8919 721.18 494.23 0.6937 715.65 482.75 0.2305 716.89 488.00 0.7237 679.73 490.41 0.1918 698.09 504.22 0.8541 669.89 546.16 0.9228 698.81 570.90 0.9889 685.03 603.30 0.7236 724.69 633.78 0.9789 715.24 621.21 0.6485 758.46 641.89 0.9425 712.38 678.39 0.9860 720.57 693.82 0.9950 755.14 756.42 0.9739 695.41 794.38 0.9910 780.58 818.30 0.9469 648.80 876.31 0.9718
121 738.27 437.03 938.54 853.75 0.8741 818.91 474.77 0.5806 813.86 465.75 0.1342 812.67 465.70 0.6333 773.76 472.59 0.1728 797.06 472.35 0.9442 752.78 524.02 0.9723 796.19 524.27 0.9948 760.18 598.40 0.6243 803.87 597.89 0.9670 795.14 662.05 0.4817 826.12 662.83 0.8812 771.59 644.46 0.9902 807.78 646.63 0.9961 787.37 728.57 0.9793 852.32 728.27 0.9920 785.25 810.57 0.9640 878.92 813.10 0.9821
122 745.53 423.09 994.17 827.20 0.9173 884.74 462.15 0.1193 881.43 454.11 0.0572 884.73 453.37 0.0814 863.60 461.15 0.6785 897.60 460.10 0.8137 838.81 509.86 0.9934 918.09 508.68 0.9975 796.62 571.73 0.9628 952.63 568.03 0.9877 771.47 621.72 0.8699 973.05 609.81 0.9338 857.88 627.61 0.9978 908.96 627.39 0.9987 850.83 715.42 0.9849 921.38 715.46 0.9898 844.71 795.54 0.9469 920.90 796.88 0.9601
123 702.82 406.33 1011.88 824.15 0.8912 870.67 448.82 0.4567 873.57 442.93 0.3189 875.36 443.20 0.1330 875.84 457.96 0.7165 905.83 455.77 0.2786 861.01 505.92 0.9905 935.18 490.47 0.9610 798.96 510.58 0.9857 969.20 466.62 0.9124 744.13 499.00 0.9646 990.27 437.09 0.8787 871.37 630.03 0.9963 912.37 624.35 0.9929 872.67 709.85 0.9888 921.70 713.08 0.9809 882.54 781.85 0.9521 925.71 792.74 0.9347
124 764.17 327.88 943.19 825.59 0.8937 845.82 436.83 0.3807 848.13 433.68 0.2373 851.99 432.62 0.1288 855.66 449.07 0.6009 883.37 446.41 0.2799 843.82 490.19 0.9788 906.91 482.35 0.9659 790.06 442.55 0.9730 924.11 430.67 0.9467 782.26 381.41 0.9559 923.78 369.90 0.9282 862.73 608.90 0.9969 900.40 605.32 0.9961 861.84 700.57 0.9908 894.76 693.55 0.9891 875.26 778.58 0.9587 902.38 775.93 0.9556
125 777.23 398.66 914.21 815.16 0.8660 830.04 439.56 0.1602 832.88 431.74 0.2150 837.57 431.99 0.0276 844.76 440.26 0.7640 879.88 438.76 0.0779 842.64 479.31 0.9704 888.78 477.97 0.8755 797.44 465.16 0.9615 867.47 471.51 0.5511 805.25 429.84 0.9096 840.47 440.05 0.5093 860.31 599.74 0.9905 891.24 598.80 0.9785 848.53 684.19 0.9841 876.52 684.36 0.9557 862.37 768.91 0.9571 890.13 765.34 0.9119
126 685.91 316.19 905.63 791.17 0.8797 798.95 420.16 0.3917 798.64 416.66 0.2419 803.89 416.56 0.1366 798.58 428.22 0.5947 832.92 426.90 0.3021 786.48 464.37 0.9807 864.16 451.66 0.9678 747.04 430.17 0.9741 852.35 397.64 0.9461 705.00 379.85 0.9522 826.94 348.68 0.9240 820.83 581.37 0.9968 871.07 578.50 0.9960 800.12 653.16 0.9912 879.15 668.02 0.9898 795.35 718.82 0.9632 880.35 749.79 0.9598
127 641.08 372.92 866.00 740.38 0.8891 724.53 413.10 0.1512 725.18 405.72 0.1890 729.70 404.70 0.0399 733.39 410.50 0.8958 763.10 405.79 0.3059 725.94 454.50 0.9932 793.65 442.13 0.9871 699.73 519.87 0.9811 837.76 480.01 0.9062 668.79 565.67 0.9278 845.06 492.55 0.7671 758.24 554.68 0.9966 796.79 550.53 0.9951 759.00 630.64 0.9861 789.27 628.59 0.9746 785.36 706.15 0.9599 795.86 699.88 0.9374
128 665.24 357.59 788.35 721.67 0.8610 694.41 392.06 0.3118 696.31 385.01 0.2781 698.20 384.03 0.1250 700.79 392.57 0.7811 731.63 389.26 0.4532 690.45 437.68 0.9882 750.66 433.89 0.9836 678.79 488.94 0.9417 766.75 490.29 0.8710 685.56 524.58 0.8211 770.63 533.72 0.7026 708.50 542.38 0.9912 745.87 541.16 0.9899 726.09 616.67 0.9710 744.37 616.27 0.9626 750.53 684.37 0.9301 753.57 681.43 0.9163
129 621.75 343.19 750.14 685.48 0.8418 650.99 381.89 0.2325 653.36 373.94 0.2470 652.10 373.08 0.0685 657.04 378.76 0.8451 683.87 375.29 0.3368 652.62 417.65 0.9885 705.59 409.95 0.9730 650.69 475.46 0.9601 725.10 451.96 0.7970 641.72 522.66 0.8684 701.88 479.86 0.6187 670.14 512.02 0.9936 709.42 509.29 0.9900 659.92 581.61 0.9843 718.10 580.17 0.9708 661.24 646.38 0.9644 737.69 642.13 0.9441
130 550.10 325.96 678.39 642.68 0.8401 595.10 356.58 0.2184 596.03 350.03 0.2327 598.06 349.32 0.0780 599.13 354.45 0.7996 623.31 353.02 0.3016 592.97 392.72 0.9842 642.33 391.20 0.9684 575.22 441.27 0.9627 663.94 440.00 0.8424 562.33 478.38 0.8918 662.16 481.39 0.7068 606.92 483.19 0.9926 636.89 482.99 0.9887 624.34 554.14 0.9836 637.60 554.39 0.9703 652.78 618.44 0.9635 653.10 616.00 0.9430
131 514.22 317.40 639.43 619.37 0.8328 554.66 347.96 0.2398 555.11 342.04 0.2159 557.99 340.90 0.1008 557.08 346.82 0.7203 582.79 343.63 0.3816 551.80 381.86 0.9818 602.35 377.59 0.9759 539.47 427.69 0.9353 622.97 424.88 0.8678 528.01 463.27 0.8226 627.23 464.25 0.7161 571.37 465.56 0.9900 602.66 463.73 0.9887 580.95 529.57 0.9688 602.82 528.28 0.9602 597.15 586.06 0.9299 607.12 582.46 0.9166
132 490.57 311.10 615.30 603.65 0.8095 505.37 346.80 0.2497 505.57 340.19 0.2225 505.24 338.96 0.0886 506.35 341.65 0.7058 528.77 337.36 0.3039 510.42 371.27 0.9752 551.67 363.41 0.9573 518.65 423.05 0.9315 574.10 409.39 0.8065 521.88 467.10 0.8360 568.67 454.15 0.6742 539.94 452.70 0.9884 571.32 449.82 0.9844 527.66 517.99 0.9759 580.40 514.73 0.9633 527.70 578.23 0.9551 596.94 570.64 0.9394
133 436.56 299.12 552.90 589.12 0.7211 470.63 329.41 0.2610 468.78 324.17 0.1823 471.96 323.17 0.1473 461.95 327.40 0.5917 490.87 323.35 0.5248 455.38 358.25 0.9714 512.53 349.80 0.9763 451.43 404.44 0.8632 535.83 387.23 0.8748 453.02 438.83 0.6990 536.31 418.22 0.7127 485.33 433.83 0.9859 522.33 431.09 0.9876 493.98 498.17 0.9605 526.00 495.37 0.9616 504.37 558.42 0.9251 526.37 553.10 0.9266
134 437.62 295.75 548.01 579.55 0.6403 483.98 318.34 0.2103 481.66 313.61 0.1256 483.23 313.55 0.1494 468.84 317.42 0.4492 492.11 315.93 0.5524 456.30 343.64 0.9623 504.44 338.77 0.9724 446.05 374.82 0.8409 529.35 359.94 0.8864 454.43 372.34 0.7067 532.88 348.14 0.7568 471.32 414.09 0.9890 501.36 412.94 0.9908 485.93 481.37 0.9767 505.57 480.60 0.9790 494.32 549.43 0.9579 499.24 548.17 0.9607
135 443.97 204.18 545.96 467.02 0.4899 507.01 230.56 0.3882 502.86 225.37 0.1355 505.00 225.56 0.4178 476.12 225.97 0.2048 495.25 227.05 0.7812 459.79 252.10 0.9257 496.88 253.68 0.9755 457.77 288.22 0.5978 516.19 290.32 0.9131 476.86 308.28 0.4789 533.89 311.51 0.7901 461.68 327.61 0.9634 486.99 328.89 0.9805 474.24 385.92 0.9129 503.33 386.00 0.9527 468.97 439.89 0.8670 495.57 442.30 0.9138
136 457.25 178.30 568.66 460.40 0.3940 516.57 206.32 0.8598 518.00 200.32 0.6040 510.45 200.85 0.8683 516.11 201.92 0.2470 496.25 202.57 0.8377 513.70 231.42 0.9416 484.79 233.04 0.9872 516.98 269.53 0.6583 471.24 276.02 0.9574 535.50 305.96 0.6399 476.07 320.17 0.9163 511.49 306.60 0.9617 497.14 308.64 0.9833 514.05 367.76 0.9284 520.48 369.41 0.9673 503.84 424.54 0.9039 523.93 427.82 0.9460
137 478.38 187.17 586.73 449.25 0.5175 535.62 215.84 0.9227 538.58 209.87 0.8211 529.51 210.73 0.9014 542.94 210.83 0.5165 517.14 212.07 0.8074 550.45 238.15 0.9843 503.60 241.27 0.9930 565.52 277.09 0.8916 490.99 284.17 0.9611 574.96 319.88 0.8349 500.88 323.95 0.9181 551.22 311.55 0.9819 521.83 314.76 0.9884 568.72 367.89 0.9310 538.38 371.13 0.9524 565.09 415.81 0.8510 541.74 420.65 0.8849
138 475.44 232.24 617.82 527.61 0.7649 546.25 260.77 0.9406 551.38 254.95 0.8805 540.52 255.86 0.9042 560.39 256.52 0.6233 531.95 258.98 0.7287 573.86 281.84 0.9871 522.57 288.79 0.9941 596.48 295.08 0.9357 492.10 314.31 0.9735 601.54 275.12 0.9141 489.00 315.01 0.9525 578.90 366.25 0.9892 548.90 369.84 0.9928 580.59 431.36 0.9684 563.68 433.55 0.9760 579.81 493.37 0.9195 575.21 495.18 0.9340
139 537.59 295.05 669.50 561.76 0.6398 575.82 323.33 0.9341 580.37 316.73 0.8484 569.12 318.08 0.9052 589.03 317.92 0.5255 559.08 321.47 0.7651 596.21 344.26 0.9809 554.58 352.14 0.9911 613.86 381.34 0.8949 559.41 395.87 0.9599 625.02 412.12 0.8694 588.33 416.75 0.9328 608.36 412.11 0.9811 579.89 417.93 0.9877 631.20 466.08 0.9565 594.94 471.11 0.9703 642.85 523.10 0.9290 599.69 529.01 0.9466
140 566.21 296.08 699.91 590.07 0.7979 604.20 324.98 0.9527 609.23 318.16 0.9198 597.49 319.67 0.9064 619.28 319.24 0.7425 589.15 323.11 0.7023 637.14 350.40 0.9935 583.32 359.13 0.9950 666.42 385.79 0.9623 576.79 406.61 0.9619 685.14 427.68 0.9354 573.46 449.44 0.9293 644.76 432.79 0.9927 611.66 437.33 0.9936 654.78 499.70 0.9728 620.19 503.01 0.9733 660.36 557.55 0.9308 630.18 561.16 0.9329
141 570.81 323.81 712.51 636.05 0.8405 604.28 351.87 0.9506 609.94 344.87 0.9278 598.05 346.86 0.8869 621.89 347.31 0.7844 592.27 353.65 0.6001 644.19 379.44 0.9936 589.62 394.21 0.9931 684.35 408.61 0.9757 585.40 440.86 0.9595 698.45 435.99 0.9609 581.03 475.59 0.9386 653.15 465.68 0.9946 620.61 472.92 0.9943 656.90 532.81 0.9859 636.50 538.89 0.9831 662.84 594.08 0.9663 653.28 600.60 0.9618
142 574.07 336.34 703.18 667.17 0.8198 601.43 367.77 0.9429 608.52 360.33 0.9318 596.62 361.69 0.8327 625.49 362.62 0.8435 594.13 367.29 0.4546 649.12 400.13 0.9934 595.76 407.26 0.9900 670.42 446.67 0.9765 592.22 451.82 0.9313 663.49 482.13 0.9597 592.31 473.52 0.9068 659.70 493.91 0.9939 625.77 497.70 0.9924 670.68 564.02 0.9855 638.47 566.60 0.9789 688.67 626.76 0.9656 658.67 627.23 0.9544
143 581.40 357.94 719.30 703.34 0.8679 600.89 393.76 0.9342 607.96 385.54 0.9380 596.53 387.11 0.7776 627.74 385.93 0.8810 596.61 391.21 0.3328 660.38 424.54 0.9952 596.25 433.79 0.9887 694.25 472.36 0.9872 596.89 486.34 0.9185 704.74 523.79 0.9758 596.04 525.20 0.8970 666.77 524.31 0.9964 626.07 528.18 0.9943 680.67 598.66 0.9917 633.17 601.39 0.9845 692.01 666.88 0.9785 642.34 667.62 0.9660
144 545.24 397.33 705.52 763.50 0.8755 579.68 441.16 0.9566 585.05 431.23 0.9309 571.13 434.85 0.8928 599.10 423.69 0.7811 563.50 433.92 0.6046 626.28 453.99 0.9954 561.59 471.06 0.9961 664.15 499.01 0.9816 567.12 523.93 0.9758 674.95 566.81 0.9699 566.48 570.99 0.9601 642.29 561.51 0.9971 600.19 570.71 0.9974 656.61 635.99 0.9922 600.31 644.03 0.9918 682.61 702.86 0.9776 618.42 712.09 0.9767
145 514.52 429.70 677.22 826.29 0.8921 593.13 481.43 0.9424 597.07 471.96 0.8711 583.46 474.91 0.9063 606.92 464.93 0.5587 568.57 472.44 0.7384 627.79 492.30 0.9916 555.64 506.37 0.9964 657.38 535.55 0.9584 537.95 561.88 0.9824 663.24 582.31 0.9408 529.81 607.17 0.9662 636.15 602.05 0.9959 592.30 610.30 0.9973 648.20 689.06 0.9864 613.68 697.04 0.9900 644.94 769.28 0.9597 623.47 779.63 0.9682
146 547.94 453.09 727.29 889.75 0.8904 602.08 505.63 0.9409 607.16 496.24 0.8522 593.09 499.02 0.8562 618.61 489.48 0.6719 579.98 496.75 0.6638 643.42 522.37 0.9911 573.03 538.71 0.9883 692.08 570.77 0.9698 564.52 601.57 0.9600 709.21 627.08 0.9446 573.52 653.85 0.9339 649.11 647.41 0.9952 604.54 656.28 0.9946 654.15 741.33 0.9881 615.49 758.60 0.9872 651.35 826.62 0.9617 615.69 846.75 0.9601
147 438.65 494.72 792.68 955.85 0.9234 654.39 547.81 0.9512 656.76 536.84 0.7168 642.77 541.03 0.9361 654.75 530.44 0.2903 611.11 540.83 0.8741 668.35 568.86 0.9759 579.01 592.48 0.9965 723.82 600.91 0.9038 514.30 658.20 0.9920 760.17 627.55 0.8891 475.69 721.54 0.9839 670.49 707.27 0.9934 618.77 723.21 0.9975 686.51 786.16 0.9864 648.88 824.53 0.9950 672.76 857.13 0.9669 639.58 916.29 0.9822
148 623.56 406.18 846.02 963.89 0.8830 740.34 555.95 0.8012 737.64 544.48 0.3507 733.37 548.22 0.7529 709.05 544.44 0.2141 706.25 555.96 0.8014 686.41 575.86 0.9575 694.89 596.08 0.9904 655.56 525.08 0.8939 682.27 542.26 0.9844 679.84 460.76 0.8581 687.70 454.01 0.9654 716.83 739.58 0.9929 708.16 751.48 0.9964 756.35 824.82 0.9852 685.48 837.69 0.9926 782.35 908.24 0.9598 649.57 917.53 0.9739
149 724.86 501.00 943.50 982.94 0.8554 865.75 568.14 0.8746 867.40 558.62 0.4349 859.18 559.02 0.8906 848.27 553.32 0.1729 824.99 554.02 0.9064 828.70 594.05 0.9425 788.09 602.25 0.9955 829.76 646.47 0.7384 749.33 662.84 0.9883 840.63 700.03 0.7061 748.46 732.76 0.9695 822.42 734.55 0.9875 805.31 742.88 0.9963 814.36 825.58 0.9819 856.50 842.10 0.9947 786.75 919.46 0.9633 883.05 947.62 0.9834
150 818.66 480.03 1027.08 976.13 0.8754 1004.96 551.95 0.6325 997.56 539.46 0.1775 998.65 541.94 0.6741 949.66 540.96 0.1201 967.24 546.63 0.8660 931.07 584.56 0.9611 948.07 598.76 0.9912 913.68 574.31 0.8300 930.30 594.42 0.9802 899.30 571.52 0.8262 882.77 598.91 0.9556 933.36 733.66 0.9906 947.65 741.37 0.9955 950.77 823.59 0.9712 981.65 830.24 0.9855 911.69 908.19 0.8992 952.35 923.41 0.9382
151 920.90 460.37 1261.76 979.98 0.9166 1141.16 552.74 0.5583 1138.85 544.69 0.1543 1138.97 545.54 0.4682 1104.83 550.10 0.2007 1117.52 552.76 0.7333 1046.97 587.52 0.9650 1120.28 592.59 0.9904 983.30 579.95 0.9464 1171.99 553.03 0.9910 942.70 575.03 0.9323 1225.93 491.02 0.9828 1060.70 727.87 0.9985 1081.39 738.00 0.9992 1124.76 810.62 0.9956 1053.07 854.79 0.9978 1146.32 869.44 0.9839 980.01 940.16 0.9892
152 1102.49 495.97 1337.13 942.59 0.8825 1295.32 570.83 0.6269 1290.39 558.89 0.1297 1295.35 563.83 0.7089 1245.26 547.04 0.1319 1275.51 561.41 0.9147 1207.40 561.89 0.9361 1240.74 612.75 0.9958 1188.27 554.59 0.7346 1211.46 687.42 0.9907 1199.98 547.26 0.6685 1212.74 759.08 0.9655 1175.33 707.27 0.9910 1208.43 727.70 0.9974 1162.29 791.39 0.9845 1254.94 809.06 0.9956 1130.89 884.98 0.9633 1270.60 901.93 0.9836
153 1283.27 511.14 1473.38 957.95 0.8594 1453.60 576.37 0.5690 1451.81 565.18 0.1204 1453.19 567.01 0.6154 1417.94 562.72 0.1007 1430.80 569.03 0.8140 1395.08 602.25 0.8781 1385.43 621.16 0.9901 1373.59 667.69 0.6957 1326.34 696.41 0.9868 1379.37 748.79 0.6762 1320.94 770.79 0.9651 1357.24 741.27 0.9804 1352.36 750.02 0.9943 1360.56 818.61 0.9582 1354.78 842.71 0.9877 1321.46 889.49 0.9087 1311.64 929.19 0.9559
154 1333.49 521.39 1662.46 983.36 0.9004 1601.25 571.34 0.8103 1594.96 559.19 0.2983 1594.01 562.16 0.8389 1561.19 561.86 0.1493 1562.46 572.18 0.8974 1549.82 617.36 0.9481 1534.27 634.69 0.9944 1546.06 699.97 0.7932 1539.59 733.35 0.9897 1591.93 770.89 0.7058 1609.41 773.32 0.9651 1529.66 765.86 0.9913 1507.34 770.84 0.9971 1557.66 857.27 0.9750 1464.92 859.73 0.9919 1521.31 920.59 0.9381 1364.50 913.49 0.9681
155 1501.62 541.53 1863.50 1040.19 0.9214 1760.06 591.41 0.6490 1760.73 579.50 0.1218 1758.10 583.92 0.7633 1712.29 577.33 0.1498 1727.66 590.92 0.9352 1656.90 623.56 0.9419 1704.66 658.17 0.9964 1669.20 696.09 0.6551 1727.77 746.66 0.9906 1755.86 754.43 0.5676 1815.05 780.70 0.9580 1615.94 769.07 0.9931 1657.93 787.28 0.9982 1593.21 850.89 0.9908 1698.13 897.68 0.9977 1542.40 938.68 0.9813 1706.81 1012.49 0.9918
156 1610.25 549.66 2048.00 1058.35 0.9166 1905.23 614.65 0.5430 1900.64 602.05 0.1492 1903.79 605.50 0.4369 1853.15 598.74 0.3110 1891.37 610.13 0.8315 1781.94 640.53 0.9719 1895.26 674.63 0.9940 1729.25 704.99 0.9126 1956.97 733.32 0.9867 1701.94 777.10 0.8835 2026.67 736.07 0.9660 1736.62 786.74 0.9954 1806.14 805.70 0.9975 1705.51 864.00 0.9913 1799.55 926.54 0.9952 1638.96 934.10 0.9710 1739.69 1021.96 0.9792
157 1700.23 554.37 2046.93 1063.63 0.9130 1968.88 617.92 0.4364 1966.94 602.01 0.0923 1968.35 606.99 0.4721 1914.42 595.96 0.2144 1951.74 612.78 0.8304 1855.96 638.76 0.9275 1944.03 681.60 0.9856 1839.34 702.89 0.7366 1964.70 774.01 0.9683 1909.81 708.48 0.6661 2017.64 728.53 0.9127 1802.76 794.24 0.9859 1857.22 809.15 0.9933 1792.09 884.83 0.9767 1828.49 919.58 0.9892 1736.69 970.91 0.9425 1755.89 1018.84 0.9623
158 1711.40 568.49 2048.00 1061.13 0.9087 2045.32 645.67 0.1943 2040.26 630.20 0.1173 2047.21 633.73 0.0995 1997.94 625.01 0.3558 2048.00 638.70 0.2724 1951.15 662.00 0.9049 2034.49 689.65 0.7745 1879.05 702.90 0.8400 1963.55 746.59 0.5335 1871.36 714.14 0.7070 1916.86 713.78 0.4291 1877.58 824.60 0.9708 1930.43 828.65 0.9458 1839.92 905.23 0.9657 1863.90 918.25 0.9349 1790.43 997.05 0.9353 1765.93 1001.00 0.8986
159 1862.31 558.78 2047.95 1069.49 0.8235 2035.09 603.94 0.0718 2038.66 593.80 0.0641 2037.81 593.79 0.0268 2041.23 597.16 0.2090 2048.00 597.29 0.0534 2031.23 649.19 0.5837 2036.96 647.24 0.5152 1960.93 702.08 0.5818 1965.99 697.55 0.4009 1929.76 661.15 0.5034 1924.94 664.93 0.3679 2003.78 815.53 0.8568 2009.68 812.77 0.8359 1973.28 922.67 0.8263 1989.17 921.82 0.7724 1930.98 1022.87 0.6620 1942.79 1021.09 0.6103
160 1900.17 573.78 2048.00 1062.21 0.5351 2047.77 665.16 0.0180 2048.00 655.22 0.0116 2047.13 656.32 0.0147 2048.00 650.55 0.0194 2048.00 653.66 0.0334 2048.00 679.12 0.0408 2048.00 677.93 0.1222 2025.03 688.96 0.1026 2022.21 683.30 0.4167 2001.16 674.12 0.1821 2002.74 669.90 0.4735 2039.06 796.10 0.1603 2032.11 793.24 0.2859 2016.03 899.03 0.1221 2017.84 895.85 0.2193 1975.70 997.54 0.0714 1977.23 994.76 0.1198
