54 1873.88 29.60 2047.37 1277.98 0.8040 2015.94 349.49 0.1039 2025.84 340.65 0.0351 2025.29 334.73 0.0786 2037.86 348.00 0.0562 2043.76 335.41 0.1397 2006.98 394.61 0.1152 2007.57 389.95 0.5012 1915.91 248.13 0.1271 1922.00 249.32 0.6593 1948.62 86.83 0.2095 1946.42 116.22 0.6368 2026.50 677.42 0.2215 2028.14 679.95 0.4369 2036.38 839.64 0.1154 2033.34 844.95 0.2611 2032.76 1022.78 0.0489 2040.73 1038.68 0.0957
55 1457.96 284.07 2048.00 1318.61 0.9341 1811.79 548.02 0.9534 1832.24 531.50 0.9417 1797.27 528.34 0.8066 1890.53 499.79 0.8961 1802.71 494.65 0.3719 1979.02 578.24 0.9929 1773.30 506.25 0.9770 2047.64 644.30 0.9466 1655.20 402.23 0.8035 2048.00 664.32 0.8246 1521.54 325.39 0.5736 1894.36 845.57 0.9846 1806.26 797.42 0.9723 1791.21 1071.03 0.9541 1891.57 917.10 0.9214 1770.13 1241.97 0.8100 2048.00 1010.45 0.7782
56 1396.86 418.67 2044.88 1318.19 0.9355 1518.35 568.57 0.9141 1521.06 543.44 0.9471 1509.39 549.62 0.3380 1581.13 510.72 0.9677 1559.93 527.70 0.1165 1715.40 583.69 0.9990 1608.72 586.22 0.9516 1861.28 679.60 0.9977 1629.87 732.08 0.7418 1980.52 786.96 0.9901 1567.19 878.71 0.7083 1719.16 872.91 0.9989 1647.54 849.68 0.9929 1720.78 1055.92 0.9964 1548.67 945.94 0.9811 1778.08 1258.76 0.9783 1521.45 1062.89 0.9472
57 1055.62 368.50 1820.66 1336.16 0.9321 1257.45 619.48 0.5295 1267.31 601.14 0.5017 1269.41 605.09 0.0619 1333.59 584.22 0.8303 1340.15 586.32 0.0601 1367.52 612.86 0.9966 1403.99 655.48 0.9508 1245.09 541.39 0.9980 1552.15 777.06 0.9322 1096.33 415.96 0.9914 1620.60 909.46 0.9128 1490.73 915.74 0.9997 1463.01 930.58 0.9990 1608.88 1095.32 0.9984 1382.91 1101.10 0.9958 1786.32 1225.71 0.9865 1391.18 1247.44 0.9765
58 914.81 512.19 1421.19 1392.09 0.9233 1049.63 620.66 0.6581 1051.94 604.18 0.7019 1062.84 606.11 0.1129 1085.32 590.66 0.9466 1139.12 585.34 0.1830 1133.54 658.70 0.9985 1216.48 646.55 0.9724 1102.37 770.30 0.9966 1302.09 762.73 0.8573 1008.99 838.07 0.9834 1302.24 843.81 0.8027 1256.87 924.23 0.9992 1302.40 918.53 0.9969 1228.11 1131.34 0.9963 1267.57 1105.95 0.9883 1353.73 1293.18 0.9703 1373.88 1248.36 0.9450
59 808.86 441.72 1361.50 1349.58 0.8728 849.99 655.96 0.6200 852.97 644.94 0.6772 858.69 640.43 0.0763 883.07 648.01 0.9342 922.36 627.94 0.0946 949.70 755.94 0.9988 957.95 664.51 0.9664 1034.90 885.30 0.9973 926.95 552.07 0.8143 1050.29 1043.81 0.9837 843.17 458.46 0.7175 1012.86 987.93 0.9992 1052.63 957.71 0.9961 964.55 1155.54 0.9974 1143.51 1101.17 0.9887 1007.81 1297.14 0.9801 1284.14 1203.22 0.9578
60 596.76 565.32 1056.60 1361.86 0.8809 626.60 712.33 0.6459 629.56 703.22 0.6561 644.60 694.36 0.1374 648.72 708.49 0.8992 708.23 680.58 0.1342 702.74 796.93 0.9966 750.06 700.07 0.9539 698.91 934.03 0.9940 739.78 633.35 0.8786 672.57 1061.57 0.9719 697.68 537.70 0.8239 813.12 1000.72 0.9986 822.92 964.37 0.9960 886.81 1162.89 0.9940 783.53 1111.17 0.9850 1018.18 1293.02 0.9625 798.15 1231.39 0.9393
61 383.09 585.01 788.62 1360.34 0.8908 421.68 763.50 0.8071 428.04 754.11 0.8102 432.71 747.59 0.2630 460.44 744.76 0.9259 484.58 723.33 0.1715 510.42 822.59 0.9977 535.48 732.08 0.9721 564.59 953.98 0.9939 503.11 682.88 0.8868 591.71 1083.13 0.9750 419.98 635.70 0.8447 603.82 1015.74 0.9981 628.38 981.72 0.9947 582.84 1179.51 0.9923 654.99 1133.96 0.9805 671.17 1313.41 0.9478 758.94 1260.73 0.9146
62 183.28 597.75 684.80 1441.56 0.9223 214.78 825.32 0.4050 217.54 818.66 0.3384 225.04 809.25 0.0697 238.32 821.90 0.7752 275.72 791.98 0.1488 277.05 904.81 0.9931 321.33 800.14 0.9685 332.20 1027.33 0.9866 332.39 713.19 0.9191 375.58 1145.43 0.9501 275.06 629.55 0.8565 383.77 1050.14 0.9979 425.26 1015.23 0.9962 394.70 1220.80 0.9935 473.44 1165.05 0.9893 480.39 1349.36 0.9623 593.66 1279.96 0.9543
63 45.02 744.80 514.85 1455.74 0.9251 132.36 839.32 0.2465 129.62 830.30 0.1133 142.17 824.19 0.0619 112.91 844.60 0.6205 183.97 824.87 0.3504 107.97 939.24 0.9846 240.28 869.44 0.9788 111.50 1079.76 0.9668 373.94 845.06 0.9596 133.27 1195.31 0.8896 466.90 790.53 0.8904 239.96 1117.60 0.9956 316.03 1104.16 0.9952 301.59 1274.44 0.9728 340.67 1265.14 0.9725 433.47 1386.21 0.8383 419.18 1378.35 0.8454
64 25.71 764.47 441.51 1397.25 0.8888 182.08 835.58 0.4437 175.67 820.16 0.0710 183.39 819.24 0.5603 102.23 821.09 0.1582 159.60 827.29 0.8951 69.00 901.99 0.8818 144.75 917.74 0.9797 83.93 1043.96 0.4763 154.51 1052.83 0.9419 172.07 1138.22 0.3530 186.98 1161.30 0.8272 132.40 1126.99 0.8964 187.47 1142.60 0.9587 262.06 1190.88 0.8182 321.72 1195.76 0.9269 294.98 1344.92 0.6843 358.49 1354.06 0.8060
65 34.43 756.05 469.04 1364.09 0.9022 184.05 826.82 0.9117 177.91 812.93 0.4553 173.78 814.14 0.9124 139.66 814.00 0.1802 129.15 821.12 0.9389 138.23 884.73 0.9777 87.21 915.61 0.9965 181.41 974.53 0.8547 70.58 1047.83 0.9865 249.07 1024.90 0.7723 111.33 1156.35 0.9578 203.68 1082.89 0.9815 185.11 1108.17 0.9919 272.53 1177.11 0.9311 316.33 1187.44 0.9696 279.30 1316.17 0.7738 370.66 1305.74 0.8574
66 184.14 718.85 584.32 1349.90 0.9245 336.69 782.75 0.8186 329.95 775.01 0.2884 327.47 772.49 0.7501 294.25 777.67 0.1838 287.38 780.21 0.8364 308.52 820.50 0.9848 245.20 864.83 0.9958 375.98 796.56 0.9294 213.06 980.06 0.9883 437.94 744.24 0.8614 202.72 1074.39 0.9654 338.78 1033.42 0.9947 324.30 1049.00 0.9972 346.63 1138.14 0.9857 452.23 1109.82 0.9926 278.95 1278.15 0.9432 509.99 1223.56 0.9629
67 354.59 654.16 665.98 1242.89 0.9209 458.00 705.80 0.7281 459.51 696.14 0.2201 453.13 697.54 0.7758 437.60 703.56 0.0892 418.44 703.33 0.8187 425.26 755.82 0.8740 405.23 762.96 0.9850 482.92 783.35 0.6418 453.08 773.01 0.9799 506.55 757.29 0.6314 500.17 742.46 0.9586 483.38 923.82 0.9903 458.64 943.19 0.9970 573.99 995.64 0.9917 507.46 1061.50 0.9978 614.56 1086.44 0.9879 522.60 1205.61 0.9947
68 489.38 509.95 738.19 1097.26 0.8935 587.20 630.29 0.9285 585.29 619.88 0.6507 574.13 622.89 0.9192 565.37 624.25 0.3465 542.04 638.27 0.9072 558.66 663.62 0.9762 544.79 722.57 0.9930 553.90 603.33 0.8675 568.29 799.25 0.9754 532.03 533.82 0.8030 591.24 844.51 0.9508 611.96 851.02 0.9866 599.01 876.98 0.9930 695.13 934.17 0.9748 692.64 954.70 0.9880 658.05 1042.97 0.9397 669.74 1066.34 0.9616
69 621.78 559.54 914.56 1084.42 0.8970 730.02 610.09 0.7586 728.74 602.44 0.3342 722.46 601.40 0.7168 699.73 609.65 0.2662 699.06 609.60 0.8254 680.22 666.24 0.9475 690.61 649.61 0.9908 665.05 713.75 0.7871 667.22 617.63 0.9737 712.77 755.61 0.7118 664.87 579.37 0.9321 723.04 814.04 0.9832 741.18 814.16 0.9925 727.45 930.35 0.9759 817.45 914.95 0.9893 709.21 1037.08 0.9492 858.68 1006.70 0.9711
70 721.51 449.64 977.60 1018.01 0.8980 828.48 536.09 0.8974 828.53 528.67 0.5502 817.36 533.83 0.8724 817.47 542.61 0.2899 791.63 556.98 0.8681 820.15 586.59 0.9733 773.19 640.61 0.9955 819.50 541.49 0.9090 748.50 701.35 0.9896 776.96 481.76 0.8819 740.12 774.65 0.9770 867.84 744.75 0.9945 832.98 774.08 0.9977 902.60 841.17 0.9849 859.22 887.76 0.9937 909.03 914.05 0.9514 858.78 978.64 0.9717
71 834.19 382.60 1029.41 930.11 0.8657 912.54 521.33 0.4681 902.84 518.17 0.1117 906.57 515.63 0.4573 870.28 532.75 0.1024 886.32 529.68 0.7318 865.06 582.62 0.8684 895.59 563.52 0.9764 902.28 538.66 0.7389 937.51 496.83 0.9760 924.98 442.37 0.7517 936.19 432.84 0.9618 916.04 705.45 0.9826 934.84 702.37 0.9934 974.85 788.96 0.9643 996.90 785.97 0.9874 968.79 864.31 0.9092 974.61 874.68 0.9518
72 939.95 467.78 1148.00 915.34 0.8776 1015.02 511.91 0.6521 1010.30 503.28 0.1347 1007.44 503.46 0.7325 974.76 507.96 0.0955 990.50 507.92 0.9512 964.01 553.46 0.9544 992.51 553.66 0.9946 1000.00 614.56 0.5107 1019.93 616.13 0.9788 1064.05 636.51 0.4496 1063.53 640.60 0.9284 986.87 672.47 0.9848 1015.82 674.95 0.9956 1004.25 745.94 0.9721 1079.98 745.22 0.9928 985.82 838.45 0.9572 1103.24 839.93 0.9842
73 921.52 432.91 1158.28 847.23 0.7773 1105.82 475.80 0.2251 1098.66 469.21 0.0912 1103.37 468.93 0.1798 1068.60 472.64 0.3923 1091.24 475.29 0.7207 1044.50 508.05 0.9774 1091.55 521.79 0.9846 982.97 526.49 0.9148 1081.35 587.93 0.9377 965.77 519.64 0.8047 1091.06 635.85 0.8365 1053.06 625.50 0.9907 1081.36 630.41 0.9922 1084.75 713.39 0.9687 1103.21 716.58 0.9711 1096.70 796.05 0.9119 1104.44 802.01 0.9179
74 1046.02 417.11 1217.32 784.24 0.8588 1141.85 452.98 0.2216 1134.43 446.18 0.0796 1139.75 445.10 0.1943 1106.17 451.96 0.3860 1135.51 449.86 0.7945 1089.86 498.32 0.9818 1145.74 496.25 0.9932 1068.12 557.67 0.8986 1166.27 559.78 0.9725 1062.36 598.90 0.7674 1189.04 609.61 0.8977 1113.74 602.15 0.9929 1148.50 602.94 0.9957 1155.88 670.61 0.9731 1177.37 670.33 0.9826 1162.30 739.84 0.9310 1170.36 739.99 0.9494
75 1140.85 406.44 1300.39 770.42 0.8689 1199.95 442.14 0.2147 1193.56 435.10 0.0560 1194.48 433.57 0.2306 1165.87 442.63 0.2634 1191.24 437.16 0.8779 1152.63 486.62 0.9693 1207.17 475.81 0.9918 1159.32 542.29 0.7631 1237.56 524.65 0.9684 1188.18 574.64 0.5722 1257.97 564.60 0.8763 1182.40 587.78 0.9922 1223.57 584.44 0.9963 1192.64 662.15 0.9798 1253.57 657.21 0.9902 1189.25 732.94 0.9617 1269.61 727.34 0.9772
76 1194.42 384.20 1339.84 734.28 0.8666 1253.39 419.36 0.2054 1245.70 412.88 0.0563 1249.19 412.03 0.2284 1215.68 417.50 0.2370 1242.01 414.34 0.8410 1199.72 456.22 0.9649 1258.39 448.62 0.9898 1199.51 506.03 0.7415 1294.19 494.28 0.9598 1219.79 536.35 0.5488 1320.58 530.99 0.8516 1223.44 552.90 0.9888 1260.84 550.37 0.9944 1252.17 628.77 0.9639 1280.01 624.94 0.9820 1260.56 701.12 0.9287 1277.81 697.76 0.9562
77 1189.49 376.09 1343.14 714.91 0.8038 1305.14 409.23 0.8424 1304.80 401.96 0.4586 1299.36 402.90 0.8741 1289.64 402.81 0.1495 1281.89 404.68 0.8987 1276.21 438.48 0.9361 1266.36 441.34 0.9918 1255.28 487.19 0.5721 1234.93 488.65 0.9748 1262.19 524.49 0.5583 1222.65 528.66 0.9396 1281.68 537.32 0.9683 1278.06 540.99 0.9895 1310.26 607.71 0.9378 1316.54 610.53 0.9791 1301.75 678.04 0.9024 1312.42 683.27 0.9559
78 1261.72 370.40 1384.02 706.33 0.8400 1336.51 402.26 0.9210 1337.73 395.20 0.6326 1328.00 395.94 0.9448 1333.86 399.96 0.1909 1307.37 401.08 0.9450 1329.52 441.46 0.9634 1296.39 442.32 0.9967 1334.24 488.55 0.6412 1279.31 491.67 0.9888 1352.47 525.72 0.6387 1278.10 539.59 0.9699 1326.72 537.66 0.9816 1311.35 539.47 0.9951 1325.52 607.89 0.9582 1345.88 609.36 0.9886 1308.44 673.62 0.9338 1350.56 677.73 0.9744
79 1315.01 349.01 1449.70 688.64 0.8602 1380.54 382.39 0.9417 1379.11 374.22 0.7391 1370.62 377.10 0.9495 1378.10 380.13 0.2474 1348.36 386.43 0.9252 1388.58 423.05 0.9824 1336.10 435.22 0.9965 1410.49 473.23 0.8554 1336.73 500.27 0.9877 1424.85 524.01 0.8304 1365.79 551.31 0.9716 1403.00 520.58 0.9878 1368.20 528.83 0.9950 1428.09 584.99 0.9613 1389.40 593.88 0.9844 1410.83 649.93 0.9224 1375.02 663.98 0.9601
80 1385.00 336.33 1545.36 707.81 0.7691 1455.03 370.52 0.8563 1456.98 361.86 0.5230 1445.64 363.16 0.8648 1451.22 368.75 0.2569 1432.70 371.40 0.9100 1447.91 416.18 0.9689 1433.98 420.89 0.9935 1471.67 475.26 0.6858 1455.21 486.03 0.9680 1500.36 499.04 0.6295 1493.15 505.11 0.9211 1455.53 521.97 0.9785 1450.56 526.14 0.9912 1459.09 594.28 0.9510 1483.46 597.92 0.9806 1438.32 658.99 0.9147 1480.30 664.78 0.9570
81 1436.39 316.10 1709.65 718.64 0.9076 1559.21 346.48 0.9580 1563.90 338.67 0.8121 1547.38 340.68 0.9278 1565.11 346.91 0.5171 1526.34 350.50 0.8786 1570.28 400.05 0.9892 1512.58 405.60 0.9968 1629.10 413.37 0.9372 1478.44 455.23 0.9861 1682.51 382.67 0.8982 1460.68 503.82 0.9679 1568.71 523.86 0.9940 1546.08 529.25 0.9965 1543.41 603.59 0.9867 1605.32 611.15 0.9929 1525.40 682.82 0.9604 1646.67 694.71 0.9741
82 1600.95 286.64 1798.09 721.05 0.8351 1685.45 336.56 0.7947 1684.04 327.63 0.3480 1678.95 329.13 0.7475 1670.50 331.33 0.2036 1658.70 335.78 0.7864 1685.26 379.81 0.9532 1634.08 390.73 0.9921 1723.24 433.14 0.8622 1621.99 464.37 0.9869 1769.16 459.95 0.8409 1660.97 516.38 0.9722 1698.36 512.76 0.9873 1669.37 520.44 0.9947 1702.18 593.09 0.9666 1692.73 604.41 0.9866 1674.78 668.08 0.9100 1675.64 684.01 0.9486
83 1663.50 251.14 1964.49 725.89 0.8843 1838.96 300.81 0.8797 1834.04 290.06 0.4279 1828.85 291.64 0.8641 1801.96 298.50 0.2638 1799.10 303.65 0.9331 1771.44 355.73 0.9777 1813.03 358.73 0.9975 1713.92 413.33 0.9043 1884.63 362.51 0.9948 1682.56 447.53 0.8583 1907.94 298.07 0.9840 1815.00 505.66 0.9966 1818.04 511.58 0.9988 1880.50 592.60 0.9919 1785.97 605.65 0.9973 1880.89 676.43 0.9772 1710.69 693.35 0.9888
84 1815.61 209.38 2047.97 720.14 0.9130 2003.29 262.11 0.8921 2000.99 252.42 0.4385 1994.67 252.45 0.8951 1977.07 257.63 0.1459 1957.97 259.02 0.9080 1975.04 314.44 0.9527 1906.01 324.06 0.9958 2007.70 333.82 0.7878 1843.82 401.74 0.9882 2031.96 307.30 0.7479 1836.92 481.14 0.9706 1957.57 478.08 0.9806 1929.50 481.65 0.9936 1932.46 580.66 0.9567 1996.85 572.33 0.9855 1893.94 673.40 0.8867 2020.65 660.13 0.9417
116 1279.00 1039.24 2047.00 1492.09 0.6359 1581.25 1248.19 0.0020 1587.86 1192.71 0.0011 1555.77 1209.32 0.0006 1634.93 1158.55 0.0053 1543.50 1189.95 0.0028 1734.19 1270.03 0.0144 1639.26 1275.07 0.0149 1959.93 1452.17 0.0712 1875.48 1401.59 0.0759 1681.24 1392.90 0.2984 1692.77 1405.05 0.2858 1710.97 1451.58 0.0179 1658.27 1436.42 0.0206 1604.57 1307.15 0.0172 1581.14 1318.38 0.0204 1685.44 1373.76 0.0149 1706.00 1418.97 0.0168
117 1104.62 194.53 2048.00 1373.72 0.5588 1980.14 731.33 0.0050 1975.81 698.92 0.0060 1970.66 688.26 0.0006 2028.66 733.02 0.0349 2008.82 724.96 0.0026 2048.00 949.60 0.0589 2048.00 931.92 0.0536 1849.99 1112.47 0.1050 1854.71 1110.11 0.0674 1381.24 1175.00 0.1615 1435.33 1165.44 0.1712 1965.56 1147.27 0.2716 1976.98 1097.58 0.2821 1852.92 1129.39 0.4351 1848.85 1095.71 0.4828 1323.56 1150.13 0.4292 1342.62 1147.33 0.4805
118 1327.24 433.63 2047.78 1480.14 0.6651 2007.09 708.73 0.0154 2002.98 685.54 0.0063 2008.64 684.13 0.0040 2010.71 687.13 0.0286 2033.39 688.08 0.0208 2015.55 786.45 0.1199 2027.10 788.56 0.3150 1797.69 752.43 0.3584 1789.19 749.39 0.5495 1452.52 746.38 0.3593 1441.33 720.52 0.5951 2044.18 1217.94 0.2577 2032.67 1205.34 0.3785 2012.86 1332.60 0.0304 2003.43 1297.33 0.0453 1928.57 1316.09 0.0070 1901.29 1251.64 0.0096
126 1861.96 113.83 2047.72 1088.08 0.5610 2048.00 547.15 0.0022 2048.00 542.49 0.0035 2048.00 535.20 0.0016 2048.00 536.03 0.0156 2048.00 520.77 0.0053 2048.00 530.65 0.0057 2048.00 495.88 0.0034 2044.98 542.18 0.0120 2046.31 477.77 0.0063 2013.14 667.92 0.0219 2010.50 594.99 0.0148 2047.40 602.08 0.0439 2048.00 581.49 0.0351 2043.88 794.26 0.2669 2046.91 775.88 0.2334 1992.92 1013.01 0.4600 1996.49 1006.40 0.4430
127 1741.22 292.46 2011.74 1074.20 0.9025 1776.79 395.40 0.7479 1778.19 377.94 0.8901 1782.91 378.27 0.1436 1812.46 365.36 0.9742 1856.33 358.73 0.1281 1861.74 447.00 0.9981 1926.84 421.99 0.8823 1884.26 596.39 0.9946 1964.61 545.57 0.3807 1834.98 719.34 0.9691 1895.60 613.24 0.3698 1918.12 693.66 0.9971 1961.04 679.71 0.9782 1895.73 856.02 0.9934 1897.88 829.26 0.9574 1973.01 1013.24 0.9706 1923.55 958.43 0.9143
128 1541.45 342.88 1918.49 1060.15 0.9139 1553.94 416.48 0.7309 1560.92 397.47 0.7255 1566.28 400.67 0.2236 1597.13 398.30 0.9118 1631.76 397.48 0.2206 1623.54 488.67 0.9962 1687.37 468.42 0.9571 1607.99 613.82 0.9903 1751.57 578.49 0.8267 1594.23 708.58 0.9596 1741.98 690.71 0.7291 1659.80 690.36 0.9980 1677.12 678.97 0.9942 1708.25 842.20 0.9937 1599.87 820.27 0.9845 1856.87 957.47 0.9702 1621.22 930.62 0.9502
129 1324.64 376.78 1660.59 973.53 0.9153 1384.20 439.81 0.6188 1387.96 430.56 0.7127 1391.79 426.68 0.0991 1417.30 436.27 0.9258 1445.07 423.24 0.1170 1442.65 507.25 0.9969 1490.30 492.02 0.9266 1483.49 617.35 0.9925 1514.92 596.29 0.5959 1477.15 728.28 0.9699 1497.56 691.12 0.5510 1486.92 693.42 0.9968 1537.76 689.56 0.9837 1432.38 802.42 0.9940 1581.89 804.08 0.9731 1409.32 920.68 0.9750 1636.58 914.11 0.9400
130 1183.01 404.10 1405.82 970.02 0.9050 1227.89 461.07 0.6742 1233.88 449.54 0.6338 1238.48 448.15 0.1892 1257.68 457.02 0.8911 1289.77 447.22 0.2557 1270.59 532.04 0.9967 1335.19 513.48 0.9714 1250.90 632.52 0.9927 1379.43 605.25 0.8871 1211.24 705.44 0.9769 1379.67 690.96 0.8500 1316.53 689.46 0.9980 1351.71 681.98 0.9947 1320.27 806.92 0.9944 1331.32 798.93 0.9871 1379.99 910.07 0.9737 1363.16 903.05 0.9581
131 1052.90 437.56 1339.23 961.41 0.9063 1100.63 490.38 0.5818 1105.61 477.79 0.5439 1112.16 477.49 0.1344 1122.43 483.62 0.8889 1162.90 477.09 0.2196 1134.78 555.75 0.9970 1203.97 538.13 0.9647 1106.03 640.07 0.9939 1252.79 610.00 0.8707 1078.12 705.43 0.9779 1254.96 686.16 0.8201 1181.07 702.95 0.9986 1214.07 694.43 0.9956 1204.25 821.13 0.9959 1179.11 801.33 0.9892 1304.32 899.82 0.9820 1222.34 874.16 0.9685
132 977.42 468.48 1232.29 931.23 0.9145 993.43 519.71 0.5374 995.87 511.87 0.5533 997.48 509.75 0.1297 1011.67 513.05 0.8375 1033.18 506.57 0.1499 1038.31 564.85 0.9935 1068.23 555.07 0.9208 1074.82 643.97 0.9858 1092.69 628.97 0.7009 1103.99 724.63 0.9528 1105.19 700.04 0.6327 1085.61 715.90 0.9962 1119.76 713.29 0.9869 1052.91 808.28 0.9926 1152.24 801.46 0.9769 1040.67 906.02 0.9757 1189.99 889.13 0.9522
133 884.00 494.00 1050.03 930.96 0.8937 901.70 543.34 0.4110 901.30 534.36 0.3550 905.70 530.89 0.1280 903.88 535.30 0.7471 941.73 523.97 0.2976 912.56 585.42 0.9840 986.37 559.63 0.9434 921.81 665.69 0.9658 1036.56 614.78 0.8360 919.13 728.13 0.9103 1024.75 647.02 0.7710 973.31 707.07 0.9932 1018.62 698.18 0.9877 992.17 810.41 0.9854 1006.72 798.82 0.9764 1017.65 903.84 0.9529 1013.15 891.72 0.9393
134 830.70 510.21 1039.70 932.91 0.8990 869.03 549.41 0.0697 867.14 541.88 0.0528 870.78 539.70 0.0292 865.15 542.13 0.6385 900.47 535.48 0.4232 860.41 576.80 0.9776 934.16 568.17 0.9820 846.03 623.61 0.9424 984.51 620.63 0.9443 859.17 640.07 0.8232 998.75 660.96 0.8268 915.64 693.90 0.9946 959.81 691.74 0.9953 945.04 797.14 0.9818 964.09 793.20 0.9817 999.97 890.76 0.9394 996.10 880.44 0.9385
135 804.71 385.33 995.83 768.08 0.8431 878.08 423.64 0.1440 871.28 417.11 0.0473 875.62 416.12 0.1485 844.13 421.72 0.3831 876.51 418.05 0.8470 822.85 460.99 0.9769 895.78 454.96 0.9931 816.32 495.78 0.8448 939.47 491.64 0.9737 847.25 494.49 0.6593 975.88 506.57 0.8845 854.43 569.94 0.9933 899.47 568.63 0.9965 869.84 652.11 0.9781 896.15 649.24 0.9873 901.51 727.47 0.9437 910.52 723.77 0.9611
136 831.44 344.57 994.20 753.02 0.7991 901.70 384.37 0.8808 901.75 376.08 0.4148 894.86 377.33 0.9333 892.08 377.67 0.0755 875.82 379.83 0.9574 885.79 417.04 0.9471 858.12 425.01 0.9972 892.42 472.81 0.5335 850.00 491.23 0.9934 917.58 524.36 0.5530 872.19 547.32 0.9794 905.42 533.20 0.9849 887.98 540.94 0.9971 927.54 620.05 0.9672 912.42 627.07 0.9939 935.34 703.04 0.9403 914.17 714.00 0.9825
137 857.28 347.45 1022.41 734.37 0.8420 930.95 392.12 0.9586 934.40 383.61 0.7964 921.80 384.87 0.9624 938.35 384.73 0.2893 903.26 386.87 0.9385 941.14 424.43 0.9870 886.45 430.67 0.9984 951.47 480.26 0.8512 871.47 493.14 0.9928 967.72 531.59 0.8250 886.85 544.04 0.9805 952.95 532.57 0.9919 918.42 539.65 0.9974 985.46 611.32 0.9730 964.18 618.60 0.9912 976.82 688.21 0.9344 962.35 697.80 0.9709
138 871.46 403.83 1072.01 811.39 0.8923 977.32 445.06 0.9665 983.12 437.34 0.8641 969.75 438.29 0.9498 986.11 436.26 0.5702 950.80 437.46 0.8833 995.75 470.92 0.9856 931.42 484.60 0.9958 1030.22 480.89 0.9244 901.36 517.48 0.9839 1035.95 468.37 0.8912 891.77 525.52 0.9668 1015.06 590.69 0.9909 977.87 600.85 0.9949 1027.29 680.71 0.9769 1011.41 694.52 0.9876 1039.09 763.56 0.9301 1044.00 782.99 0.9537
139 1001.77 452.72 1248.03 854.48 0.8870 1060.96 493.15 0.9497 1064.42 482.78 0.7758 1049.43 486.45 0.9512 1072.45 488.32 0.2860 1029.14 497.00 0.9181 1080.78 532.79 0.9878 1022.18 549.50 0.9977 1105.18 588.58 0.8859 1033.55 618.85 0.9903 1118.35 633.31 0.8617 1093.46 647.53 0.9765 1113.87 646.26 0.9943 1068.05 658.47 0.9978 1169.69 722.33 0.9846 1082.65 733.88 0.9941 1197.89 802.87 0.9662 1082.35 818.16 0.9833
140 1090.22 418.75 1326.09 897.65 0.8966 1148.15 456.62 0.9684 1153.86 445.73 0.8828 1134.48 450.60 0.9396 1163.83 451.61 0.6600 1116.73 465.02 0.8428 1189.88 506.75 0.9911 1118.73 534.75 0.9950 1237.94 557.33 0.9503 1113.22 623.50 0.9801 1279.54 601.18 0.9191 1142.21 696.47 0.9600 1220.34 641.46 0.9932 1175.06 657.46 0.9952 1243.66 737.06 0.9826 1212.16 757.22 0.9883 1232.26 835.72 0.9430 1215.42 858.06 0.9560
141 1157.81 424.85 1443.29 954.95 0.9089 1229.92 465.65 0.9626 1235.82 453.98 0.8194 1215.06 461.89 0.9370 1246.44 461.59 0.5390 1195.71 480.63 0.8612 1276.63 522.14 0.9899 1196.16 557.29 0.9970 1352.52 561.61 0.9390 1172.15 644.22 0.9899 1405.18 576.49 0.9098 1178.78 715.37 0.9777 1303.09 667.93 0.9960 1261.24 689.61 0.9980 1304.78 761.05 0.9917 1323.81 804.04 0.9962 1282.16 840.47 0.9748 1349.57 903.74 0.9848
142 1244.10 412.30 1585.54 987.24 0.9126 1317.73 466.60 0.9748 1322.83 449.83 0.8881 1299.61 460.74 0.9585 1337.32 449.91 0.5982 1279.77 476.03 0.8834 1377.33 513.81 0.9902 1274.73 550.19 0.9971 1407.43 584.35 0.9438 1291.28 639.42 0.9900 1425.31 644.69 0.9122 1364.38 650.29 0.9769 1404.20 693.45 0.9970 1328.81 712.90 0.9984 1457.37 805.81 0.9936 1345.43 819.85 0.9969 1501.90 928.93 0.9821 1357.39 928.12 0.9890
143 1343.96 385.06 1707.74 1080.46 0.9170 1437.80 466.94 0.9817 1448.16 448.85 0.9295 1417.84 456.68 0.9520 1472.18 443.05 0.7116 1392.57 462.40 0.8085 1512.98 511.04 0.9962 1392.89 545.88 0.9966 1593.71 586.06 0.9792 1365.82 651.55 0.9859 1656.59 668.84 0.9617 1367.24 745.53 0.9736 1535.92 713.83 0.9986 1461.15 735.05 0.9988 1553.35 843.66 0.9970 1492.87 883.56 0.9976 1541.53 954.92 0.9880 1493.03 1005.17 0.9898
144 1427.29 399.51 1802.40 1233.41 0.9291 1584.75 502.59 0.9808 1591.69 481.21 0.8558 1561.11 489.14 0.9708 1600.37 467.83 0.3796 1512.50 487.40 0.9190 1626.13 540.55 0.9909 1485.37 579.73 0.9979 1700.96 645.59 0.9408 1447.73 718.97 0.9926 1757.54 751.97 0.9162 1447.95 834.42 0.9835 1637.20 787.47 0.9973 1553.05 814.18 0.9988 1655.70 944.71 0.9931 1610.15 994.46 0.9970 1629.51 1086.53 0.9712 1620.22 1147.60 0.9828
145 1586.61 375.55 2046.83 1391.07 0.8710 1876.50 500.83 0.9823 1871.81 473.92 0.7880 1850.00 480.79 0.9841 1848.15 468.52 0.1489 1776.89 488.45 0.9643 1853.09 581.00 0.9762 1704.27 589.84 0.9961 1834.80 748.84 0.8826 1701.68 777.58 0.9896 1900.23 877.70 0.8451 1842.16 906.69 0.9766 1821.13 861.18 0.9869 1701.45 864.11 0.9945 1935.90 1052.72 0.9489 1688.35 999.91 0.9769 1995.74 1252.75 0.8079 1617.69 1129.83 0.8752
146 1924.26 354.12 2047.75 1465.05 0.8364 2044.04 500.32 0.0242 2046.82 482.58 0.0053 2048.00 481.00 0.0230 2028.02 486.91 0.0233 2048.00 486.96 0.1363 2020.43 602.29 0.0880 2014.60 607.46 0.4803 1954.50 815.59 0.0855 1962.01 820.44 0.6165 1964.83 989.70 0.1093 1962.64 982.06 0.5044 2036.15 988.24 0.2359 2027.85 994.59 0.4825 2038.71 1261.36 0.0492 2037.63 1274.16 0.1264 2033.92 1428.53 0.0123 2029.31 1449.73 0.0228
