47 231.13 0.00 447.29 224.14 0.3301 308.49 15.84 0.0308 302.83 8.22 0.0145 304.10 9.32 0.0272 274.64 7.62 0.0125 283.00 13.21 0.0335 285.59 7.92 0.0123 270.70 15.98 0.0786 322.68 55.59 0.0378 327.51 72.09 0.2129 394.85 143.15 0.1564 394.60 146.44 0.3248 285.26 0.00 0.1026 271.04 5.44 0.2577 339.27 53.36 0.3448 325.06 56.99 0.6496 400.65 145.28 0.4770 404.50 150.33 0.7020
48 118.47 0.00 592.80 279.70 0.7159 261.52 32.21 0.0052 259.90 26.58 0.0023 266.86 20.88 0.0026 245.74 26.70 0.0204 277.93 15.29 0.0284 261.26 27.41 0.1268 288.54 28.52 0.1070 364.79 81.28 0.2098 400.83 101.87 0.2181 469.12 189.42 0.2709 491.72 173.95 0.2818 288.70 26.44 0.6268 303.86 32.33 0.5938 394.57 111.51 0.8093 410.40 113.37 0.8310 475.95 198.28 0.7754 494.92 195.56 0.7964
49 0.00 0.98 623.57 349.59 0.9084 324.19 62.50 0.9357 325.64 39.17 0.4231 301.05 56.27 0.9628 320.67 7.13 0.0172 246.14 50.61 0.9363 357.76 16.63 0.8805 229.55 99.14 0.9876 429.80 35.88 0.2784 101.97 149.27 0.8925 436.81 104.54 0.2174 16.57 219.49 0.7268 468.56 160.88 0.9530 400.06 207.99 0.9841 510.39 225.92 0.9136 494.89 278.07 0.9696 552.45 281.95 0.8449 545.52 301.30 0.9190
50 93.95 1.37 720.16 541.22 0.9280 469.03 252.23 0.8507 472.28 232.53 0.4320 447.12 247.66 0.8226 470.03 193.98 0.2026 407.83 234.51 0.8453 479.25 164.82 0.9641 382.65 268.16 0.9888 493.55 63.25 0.9168 290.91 318.95 0.9816 453.49 3.36 0.8780 207.90 345.53 0.9722 568.64 303.04 0.9927 517.37 353.68 0.9956 617.35 375.80 0.9680 611.98 421.04 0.9780 666.74 423.66 0.8749 675.20 464.07 0.8946
51 381.44 184.05 887.18 611.16 0.8794 621.59 283.70 0.0138 608.25 280.32 0.0031 620.08 273.68 0.0083 535.72 294.53 0.1113 601.05 281.78 0.3383 508.04 352.51 0.9415 599.34 321.42 0.9543 480.46 396.60 0.8340 581.75 317.13 0.9411 488.26 372.46 0.6615 542.11 338.45 0.8782 629.91 472.83 0.9912 689.88 471.88 0.9922 724.27 488.98 0.9636 770.12 497.63 0.9770 764.77 511.35 0.8627 812.86 566.37 0.8964
52 629.83 357.85 901.81 703.70 0.7087 867.84 631.25 0.2968 869.14 624.76 0.2199 866.90 633.73 0.2710 873.58 602.24 0.5442 863.68 628.34 0.6231 846.39 557.09 0.9180 822.52 636.79 0.9647 839.30 516.86 0.5247 799.85 655.53 0.7611 829.10 512.54 0.3839 834.16 648.90 0.4634 758.95 501.27 0.9069 740.92 541.42 0.9372 782.61 473.66 0.8436 754.43 552.35 0.8966 749.20 457.66 0.8691 699.68 487.58 0.8959
53 780.00 507.13 1041.63 843.35 0.8655 948.35 807.35 0.2275 943.63 795.29 0.2076 935.85 807.30 0.2803 929.47 747.07 0.5696 898.17 779.90 0.7257 936.70 672.38 0.9736 867.02 750.47 0.9646 978.16 542.01 0.8820 825.10 738.37 0.8236 1000.22 584.02 0.7143 797.97 775.41 0.5664 955.96 630.06 0.9154 912.13 662.60 0.9015 976.12 651.56 0.6098 925.01 659.20 0.5549 963.10 644.95 0.4484 913.72 664.08 0.4103
54 928.03 615.16 1248.55 1076.55 0.8969 1113.07 862.44 0.1680 1115.72 854.45 0.1193 1102.58 867.77 0.1799 1116.91 829.96 0.5372 1090.74 870.58 0.7585 1065.99 781.20 0.9885 1018.90 916.88 0.9871 1045.21 726.96 0.9724 1016.42 1004.75 0.9482 1031.41 651.35 0.9597 1106.16 1035.10 0.8564 997.41 775.70 0.9440 957.73 855.54 0.9314 1096.83 749.57 0.7860 1042.33 900.61 0.7707 1037.89 732.41 0.7252 1009.29 827.72 0.6671
55 988.43 727.89 1416.66 1375.71 0.9407 1337.29 1022.25 0.4750 1347.13 1012.45 0.1033 1334.18 1024.55 0.5653 1356.56 964.83 0.1611 1312.81 1001.20 0.9178 1312.47 889.53 0.9901 1233.97 1013.03 0.9977 1267.38 797.62 0.9421 1186.77 1135.83 0.9978 1229.45 768.05 0.9516 1215.01 1271.35 0.9923 1214.76 883.57 0.9616 1136.09 920.72 0.9738 1212.75 1023.09 0.8740 1062.72 985.71 0.8974 1206.97 1039.08 0.7601 1042.40 892.32 0.8195
56 1196.06 866.43 1742.00 1229.29 0.8885 1411.83 1182.92 0.5091 1421.83 1177.64 0.4596 1408.24 1178.91 0.4948 1434.79 1139.53 0.4685 1389.09 1144.11 0.5594 1436.04 1052.13 0.9613 1332.26 1092.47 0.8316 1543.39 963.67 0.9441 1286.39 1109.14 0.5131 1665.82 911.06 0.9178 1239.58 1116.59 0.4018 1354.00 994.10 0.9503 1279.54 1007.28 0.8930 1419.80 1001.79 0.8345 1271.77 1007.49 0.6682 1402.15 940.40 0.7172 1231.98 952.25 0.5515
57 1235.66 931.68 1825.06 1490.23 0.9007 1433.22 1361.75 0.7481 1422.90 1365.84 0.6637 1440.11 1373.81 0.5882 1416.01 1335.35 0.7596 1467.28 1348.69 0.6044 1387.40 1251.58 0.9618 1524.70 1298.94 0.9706 1340.14 1138.30 0.9031 1650.57 1337.52 0.9487 1322.72 1015.54 0.8997 1759.36 1453.45 0.9297 1396.80 1085.53 0.9406 1481.78 1108.20 0.9492 1324.03 1075.71 0.7752 1421.51 1100.86 0.7966 1288.91 991.51 0.5363 1408.80 1036.27 0.5462
58 1230.84 1096.87 1793.16 1487.17 0.8962 1558.10 1432.09 0.1386 1557.22 1431.35 0.0686 1564.09 1427.00 0.1610 1546.55 1444.72 0.2770 1560.32 1432.18 0.6458 1546.10 1427.86 0.8475 1552.30 1422.67 0.9129 1641.31 1402.69 0.5790 1655.26 1382.76 0.8729 1681.33 1347.76 0.7114 1718.12 1322.75 0.8721 1455.65 1264.46 0.9774 1460.31 1260.43 0.9832 1446.96 1261.00 0.9656 1451.05 1280.80 0.9792 1331.54 1124.82 0.9370 1316.66 1150.18 0.9543
59 1362.24 1211.65 1736.95 1494.77 0.8464 1518.23 1341.04 0.0128 1508.77 1329.04 0.0080 1517.18 1326.92 0.0072 1478.34 1347.71 0.0104 1540.27 1341.06 0.0118 1508.88 1412.95 0.0067 1583.17 1403.43 0.0081 1540.42 1432.93 0.0269 1604.12 1437.05 0.0348 1574.43 1446.11 0.1790 1585.46 1449.66 0.2192 1567.92 1466.99 0.0605 1621.72 1461.08 0.0684 1576.71 1463.89 0.3425 1617.46 1443.16 0.3763 1576.57 1467.88 0.5378 1621.23 1459.67 0.5863
60 1456.75 1328.01 1644.05 1498.65 0.3210 1529.46 1406.46 0.0110 1529.82 1396.70 0.0061 1532.39 1396.82 0.0051 1535.73 1412.36 0.0121 1552.47 1410.10 0.0094 1568.99 1463.59 0.0193 1565.67 1460.73 0.0302 1585.70 1485.81 0.0997 1587.76 1482.68 0.1638 1510.60 1377.61 0.4053 1509.56 1376.64 0.5313 1574.86 1482.50 0.0111 1571.28 1476.87 0.0148 1558.77 1457.23 0.0162 1558.90 1450.24 0.0215 1566.80 1462.03 0.0180 1569.25 1455.79 0.0235
81 0.17 1167.86 335.32 1495.37 0.6847 249.05 1427.15 0.1135 247.07 1422.52 0.0825 252.54 1422.61 0.1319 190.37 1428.22 0.0880 235.63 1433.23 0.1479 118.67 1450.15 0.1202 141.93 1438.16 0.0797 126.33 1421.61 0.1429 172.04 1376.95 0.0848 118.37 1448.52 0.3876 186.22 1388.42 0.2877 68.89 1442.59 0.1083 85.09 1449.53 0.0770 186.51 1365.08 0.1869 206.68 1351.79 0.1490 276.94 1248.38 0.5134 272.27 1231.47 0.4617
82 0.12 1146.22 342.28 1493.31 0.8509 13.65 1252.04 0.2089 7.40 1243.10 0.0269 7.41 1249.77 0.1866 10.28 1262.08 0.0035 0.00 1277.16 0.1458 16.12 1332.20 0.0549 25.17 1353.93 0.3588 68.74 1302.17 0.0880 100.23 1334.69 0.7877 114.03 1217.03 0.4924 158.49 1228.96 0.9458 71.53 1328.69 0.3900 80.16 1347.85 0.6934 124.73 1234.38 0.6894 157.65 1260.63 0.9170 231.49 1174.10 0.8415 273.93 1196.32 0.9445
83 0.00 919.19 336.76 1309.12 0.6364 7.66 1047.44 0.0085 3.99 1042.10 0.0037 7.07 1040.44 0.0052 0.00 1036.81 0.0132 0.00 1036.17 0.0218 0.00 1047.73 0.0944 0.00 1060.44 0.0519 46.37 1054.35 0.2424 49.83 1078.63 0.1300 51.08 1072.11 0.4185 58.81 1075.44 0.3160 56.93 1102.38 0.6585 58.62 1119.39 0.5799 175.92 1023.69 0.9349 188.15 1052.84 0.9299 247.41 1066.13 0.9762 265.43 1084.06 0.9739
84 1.50 776.05 345.90 1173.80 0.8934 24.71 1025.55 0.0415 20.87 1017.50 0.0213 20.85 1018.79 0.0314 0.00 1007.21 0.0604 0.00 1015.08 0.1008 0.00 1009.47 0.4363 0.00 1054.71 0.2347 89.71 1009.53 0.5877 32.85 1137.78 0.2614 246.28 1023.80 0.7371 136.81 1143.28 0.4099 61.63 970.03 0.8174 58.29 996.37 0.7097 174.09 934.63 0.9160 173.49 924.64 0.8641 293.73 872.62 0.9316 303.07 829.50 0.9079
85 0.00 640.67 345.72 924.58 0.7983 39.03 754.81 0.0121 36.85 747.73 0.0037 34.70 744.16 0.0106 10.91 755.28 0.0060 15.33 752.58 0.0286 15.54 801.51 0.0096 19.47 804.93 0.1048 115.12 805.24 0.0350 142.67 811.53 0.5098 180.61 724.42 0.3030 197.73 714.92 0.8087 44.51 833.63 0.2957 53.43 843.33 0.6221 139.81 804.10 0.6814 176.36 811.07 0.9218 223.02 801.82 0.7828 280.95 801.06 0.9296
86 0.14 389.68 350.80 833.50 0.8712 28.72 788.01 0.0278 23.12 784.13 0.0227 25.47 785.01 0.0333 15.06 735.75 0.1593 0.00 740.94 0.2727 4.63 670.38 0.2818 0.00 679.44 0.7066 42.88 493.32 0.1415 49.30 491.71 0.5927 0.00 434.33 0.1070 0.00 443.37 0.3614 83.78 648.40 0.8600 82.00 667.01 0.9452 196.01 594.52 0.8094 214.43 644.95 0.9424 275.37 623.59 0.8761 272.66 688.66 0.9486
87 0.01 339.09 357.42 633.46 0.5521 27.17 397.43 0.0200 24.94 390.77 0.0068 25.36 385.93 0.0101 7.96 398.52 0.0203 16.72 390.23 0.0322 41.66 432.81 0.2527 22.64 430.02 0.3407 165.07 460.13 0.4316 175.13 467.17 0.7206 271.02 451.59 0.6919 287.86 442.94 0.8552 70.74 452.80 0.8727 53.29 457.95 0.8961 171.07 501.64 0.9628 153.17 512.20 0.9791 251.65 571.27 0.9369 249.98 576.82 0.9588
88 0.00 63.74 381.72 447.04 0.3264 39.94 183.76 0.0059 38.33 171.30 0.0029 39.20 166.61 0.0035 19.77 178.88 0.0095 38.24 170.30 0.0140 56.93 235.21 0.0186 52.14 226.91 0.0263 182.79 320.59 0.0474 198.64 314.70 0.0586 229.53 347.16 0.1281 225.88 341.66 0.1226 84.76 267.10 0.2594 80.92 268.64 0.2982 220.73 332.20 0.6465 222.21 332.34 0.7488 331.14 401.76 0.7012 332.15 401.42 0.7717
89 0.00 0.00 381.77 391.54 0.5456 91.92 71.72 0.0050 86.75 55.21 0.0013 91.94 51.99 0.0030 33.19 53.14 0.0031 70.09 51.04 0.0092 60.03 76.62 0.0050 59.55 79.28 0.0310 250.20 196.65 0.0362 241.89 194.58 0.2605 316.05 369.55 0.1664 299.33 302.74 0.4351 81.51 77.51 0.0721 80.86 83.42 0.1750 181.23 165.33 0.2285 176.54 160.21 0.5182 309.21 224.65 0.2114 313.11 218.36 0.4183
90 5.25 0.00 357.64 240.29 0.8619 100.39 10.30 0.0024 92.46 9.77 0.0009 107.58 4.34 0.0013 60.72 11.76 0.0150 102.18 0.00 0.0262 70.79 35.80 0.0714 112.11 2.80 0.2115 159.80 110.22 0.0955 202.07 82.01 0.2935 254.16 178.32 0.1560 271.36 172.79 0.2621 94.31 25.05 0.6391 123.05 2.72 0.7733 190.41 100.87 0.9261 239.36 25.49 0.9672 269.99 174.51 0.9578 308.88 34.40 0.9824
111 1744.63 0.00 2048.00 193.33 0.3540 1985.19 5.65 0.0132 1983.21 0.00 0.0120 1981.76 0.00 0.0102 1980.52 0.00 0.0103 1992.21 0.00 0.0098 2006.44 19.67 0.0023 1993.57 25.58 0.0030 1947.29 44.29 0.0102 1922.67 50.72 0.0137 1832.58 84.80 0.0656 1834.77 90.25 0.0865 1998.68 27.26 0.0211 1989.60 25.32 0.0248 1963.15 32.48 0.1916 1966.15 30.17 0.2096 1833.89 86.53 0.5330 1825.73 85.31 0.5623
112 1746.22 3.17 2048.00 368.58 0.5791 2019.85 182.37 0.0075 2017.82 166.52 0.0047 2021.39 173.24 0.0061 2025.28 136.88 0.0104 2037.87 152.40 0.0182 2014.04 128.01 0.0046 2019.52 142.29 0.0456 1901.35 231.58 0.0128 1902.04 233.21 0.0905 1810.31 284.55 0.0501 1810.22 288.42 0.1277 2002.49 120.82 0.1286 2006.94 122.71 0.3549 1898.68 239.38 0.4786 1900.53 238.08 0.7215 1800.46 286.88 0.5956 1802.86 284.75 0.7638
113 1746.58 81.33 2047.91 531.87 0.7839 2048.00 204.25 0.0004 2048.00 193.71 0.0003 2048.00 199.63 0.0005 2048.00 182.16 0.0095 2048.00 196.65 0.0276 2048.00 203.42 0.0045 2045.01 225.82 0.1919 1991.47 248.40 0.0035 1980.86 293.44 0.0905 1920.42 305.85 0.0068 1899.95 339.23 0.0259 2001.90 273.56 0.4061 1980.29 260.05 0.8471 1929.07 374.51 0.8799 1908.68 318.15 0.9757 1826.23 462.63 0.9748 1802.95 284.75 0.9946
114 1706.04 113.98 2048.00 562.78 0.6332 2043.90 224.79 0.0031 2042.67 210.77 0.0014 2044.80 214.20 0.0011 2048.00 214.80 0.0018 2048.00 221.93 0.0012 2048.00 264.25 0.0040 2048.00 272.86 0.0028 2041.69 292.53 0.0944 2040.32 294.00 0.0571 1926.13 348.05 0.5419 1926.58 343.96 0.4358 2006.45 409.83 0.2592 2003.47 404.58 0.2220 1905.86 452.65 0.7443 1912.07 454.15 0.6418 1786.18 476.04 0.7665 1792.53 482.49 0.6922
115 1688.27 61.93 2048.00 1476.50 0.4608 2019.83 205.89 0.1249 2024.96 183.01 0.0677 2010.41 191.42 0.0545 2048.00 219.69 0.0161 2011.67 241.82 0.0136 2025.88 411.67 0.0283 2033.23 434.38 0.0374 1987.56 516.44 0.1082 1990.81 508.01 0.1085 1842.15 529.80 0.5370 1867.79 516.11 0.5054 2030.19 761.12 0.0294 2020.52 763.08 0.0335 1948.21 717.93 0.0381 1939.05 737.65 0.0340 1861.98 719.52 0.0806 1894.68 641.11 0.0757
116 1624.06 260.24 2048.00 806.30 0.9316 1943.65 567.54 0.4643 1961.15 564.75 0.4734 1946.70 560.21 0.1417 2015.38 550.17 0.7435 1972.47 541.20 0.1028 1989.72 513.19 0.9379 1973.71 526.70 0.9532 1934.79 382.75 0.6806 1920.92 429.02 0.7573 1899.97 303.33 0.5719 1845.80 433.23 0.5415 1846.43 595.28 0.9883 1834.63 596.55 0.9905 1794.67 589.73 0.9888 1788.08 642.59 0.9914 1693.90 613.51 0.9865 1703.89 698.93 0.9879
117 1495.80 385.78 2028.89 1070.40 0.9373 1800.91 698.01 0.1846 1816.87 705.36 0.0919 1804.03 690.31 0.0488 1847.30 714.22 0.4848 1830.64 669.25 0.2194 1878.37 775.94 0.9855 1819.89 628.45 0.9811 1944.36 897.77 0.9581 1845.19 486.76 0.9685 1987.23 995.04 0.8829 1832.45 426.34 0.8921 1744.21 734.72 0.9945 1706.97 668.32 0.9952 1709.74 768.04 0.9600 1661.32 725.20 0.9639 1609.18 773.40 0.8609 1564.92 757.28 0.8666
118 1310.79 482.96 1808.70 1115.54 0.9282 1733.32 711.06 0.6140 1727.99 690.40 0.1711 1708.56 726.09 0.5767 1674.81 654.39 0.2611 1675.61 746.48 0.8755 1660.56 620.35 0.9690 1679.62 812.67 0.9948 1729.76 553.36 0.8393 1697.37 920.65 0.9918 1777.88 518.15 0.7606 1708.80 1026.74 0.9807 1579.20 687.10 0.9863 1603.16 774.99 0.9942 1527.68 631.20 0.8648 1613.70 783.24 0.9408 1427.01 617.52 0.6060 1559.69 814.28 0.6774
119 1280.15 509.02 1580.11 797.77 0.9067 1447.19 578.15 0.2106 1459.89 580.39 0.1901 1463.17 568.28 0.0631 1490.14 600.49 0.5653 1518.58 564.42 0.1592 1474.94 657.49 0.9470 1517.85 569.31 0.9411 1442.54 729.50 0.9341 1478.06 520.64 0.8984 1389.74 761.17 0.9081 1390.51 529.64 0.9024 1383.86 686.90 0.9254 1414.08 641.46 0.9298 1364.06 650.69 0.8002 1384.90 610.16 0.8096 1333.37 671.14 0.5904 1331.40 665.86 0.6083
120 1074.32 455.38 1379.08 732.43 0.8887 1262.55 550.63 0.3079 1276.81 553.87 0.3031 1275.66 538.21 0.0920 1308.34 566.33 0.6595 1318.05 522.88 0.1475 1297.34 610.23 0.9547 1300.82 515.85 0.9477 1251.74 693.89 0.8911 1231.98 498.72 0.8562 1197.51 707.15 0.8057 1173.16 539.68 0.8084 1226.62 615.82 0.9424 1231.56 567.06 0.9431 1191.47 613.78 0.8541 1191.07 562.06 0.8536 1146.96 620.26 0.6757 1143.67 609.39 0.6885
121 908.09 415.85 1186.68 683.26 0.8618 1109.20 485.23 0.5580 1124.07 487.55 0.5303 1112.66 472.08 0.2857 1142.84 504.94 0.7131 1126.85 463.02 0.2990 1138.77 577.76 0.9755 1134.59 478.79 0.9669 1119.64 671.81 0.8922 1160.48 437.28 0.7859 1052.72 666.42 0.7675 1158.27 423.95 0.6929 1058.11 605.60 0.9482 1051.88 551.41 0.9470 1038.14 567.50 0.8339 1025.41 519.70 0.8249 977.55 564.71 0.6940 965.64 544.49 0.6871
122 683.84 376.28 1232.26 686.78 0.9151 940.71 477.30 0.9957 967.06 463.62 0.9980 927.58 451.98 0.9846 999.90 467.31 0.9809 911.55 439.77 0.5136 1042.50 507.33 0.9977 883.37 455.32 0.9958 1122.51 573.70 0.9902 782.46 456.76 0.9581 1185.63 637.79 0.9843 719.57 471.22 0.9576 1030.86 554.61 0.9655 935.51 527.43 0.9582 1034.04 609.12 0.7517 908.10 555.34 0.6781 1073.91 593.80 0.4154 953.32 556.68 0.3789
123 530.22 378.32 1392.07 648.30 0.8898 945.98 488.31 0.9906 961.49 470.71 0.9801 926.78 473.40 0.9713 994.29 455.99 0.8321 900.97 463.42 0.6968 1041.37 475.26 0.9846 861.13 484.70 0.9849 1175.67 459.60 0.9442 739.56 470.37 0.9601 1312.95 445.06 0.9508 600.46 464.99 0.9657 1032.71 573.89 0.9544 927.55 580.48 0.9594 1048.54 592.21 0.7261 924.29 601.30 0.7412 1048.00 543.08 0.3294 999.43 542.65 0.3434
124 755.67 426.65 1167.40 707.16 0.9091 958.70 571.48 0.4513 967.85 554.90 0.4417 939.76 563.69 0.4507 981.92 523.20 0.5400 907.77 545.43 0.5928 1018.94 506.63 0.9823 882.05 537.69 0.9719 1117.61 489.16 0.9056 784.85 525.69 0.8262 1135.52 493.25 0.7272 827.42 522.97 0.6001 1009.17 565.39 0.9880 927.27 584.44 0.9855 1034.85 601.59 0.9163 937.92 651.76 0.9020 1026.27 603.37 0.8087 932.07 644.11 0.7709
125 804.83 535.05 1098.72 755.29 0.7446 931.10 671.24 0.1389 921.24 666.99 0.1183 926.99 669.90 0.1106 886.26 680.04 0.6308 926.29 687.57 0.5459 943.00 682.42 0.9184 980.34 699.93 0.9309 1002.26 630.69 0.7339 1076.90 632.15 0.8389 891.38 589.27 0.5854 919.53 585.29 0.7649 1036.92 714.35 0.3495 1054.32 719.36 0.3742 1003.08 644.29 0.0392 1009.80 662.88 0.0430 952.27 640.26 0.0222 956.55 646.86 0.0250
126 584.78 635.97 1230.96 1019.05 0.9113 891.29 900.49 0.5175 902.20 884.35 0.4047 872.09 891.52 0.6066 918.94 840.78 0.4513 839.72 860.51 0.8161 938.64 765.92 0.9898 799.81 831.44 0.9916 1004.09 684.53 0.9779 723.95 861.33 0.9884 1089.29 814.73 0.9500 653.54 955.36 0.9692 953.37 719.75 0.9964 855.55 749.63 0.9964 1036.60 877.15 0.9751 876.55 880.15 0.9770 1136.05 868.53 0.8755 883.65 895.65 0.8820
127 785.96 850.51 1119.27 1168.88 0.8937 905.72 1110.02 0.3013 912.03 1104.99 0.2970 896.89 1105.03 0.3592 926.04 1070.90 0.6185 873.97 1070.14 0.8054 963.17 1022.43 0.9928 849.36 1016.09 0.9818 1054.17 985.32 0.9853 812.44 961.50 0.8809 1094.74 988.88 0.9472 795.89 949.68 0.7224 958.81 914.75 0.9735 884.15 913.20 0.9613 996.39 928.00 0.7543 882.85 929.61 0.6577 996.99 853.83 0.5851 894.97 859.89 0.4893
128 748.88 976.77 1005.33 1405.70 0.9224 849.47 1326.84 0.8730 836.26 1329.45 0.6819 852.87 1336.20 0.8762 829.42 1301.18 0.4751 870.01 1315.00 0.9058 832.48 1226.91 0.9764 905.21 1224.23 0.9752 815.94 1157.06 0.9618 963.85 1102.89 0.9639 798.78 1128.41 0.9631 930.74 1014.80 0.9667 888.50 1117.74 0.9653 927.56 1118.86 0.9662 916.17 1091.98 0.8293 943.64 1084.83 0.8522 921.51 991.64 0.7511 933.94 1001.17 0.7682
129 707.22 1085.98 1027.43 1495.78 0.8407 866.54 1490.58 0.2265 865.04 1485.04 0.2780 856.43 1489.22 0.2191 847.85 1468.01 0.6096 822.19 1479.53 0.4960 837.14 1417.82 0.9434 820.40 1433.85 0.8263 865.52 1410.06 0.8678 824.01 1426.32 0.4680 809.70 1428.13 0.7071 838.85 1432.01 0.3391 872.33 1302.74 0.9366 868.60 1313.97 0.8811 895.20 1237.58 0.8183 890.48 1239.08 0.6815 885.93 1129.59 0.8367 904.28 1138.02 0.7448
130 827.82 1305.88 989.64 1496.13 0.8279 930.75 1356.35 0.0272 932.00 1343.95 0.0237 929.73 1344.48 0.0228 923.35 1355.03 0.0134 939.70 1355.63 0.0134 923.85 1416.95 0.0040 932.21 1416.36 0.0049 907.99 1469.69 0.0138 911.71 1470.75 0.0166 906.78 1462.90 0.0902 893.82 1464.56 0.0977 921.73 1485.09 0.0114 932.03 1485.49 0.0135 921.46 1412.30 0.0848 930.80 1411.84 0.0946 933.64 1461.16 0.3571 938.75 1462.53 0.3789
141 741.01 1371.54 936.86 1498.32 0.7782 828.94 1462.77 0.0404 824.95 1459.76 0.0424 834.52 1460.13 0.0378 792.27 1475.50 0.1985 868.58 1473.84 0.1801 778.92 1479.13 0.1225 890.56 1474.66 0.0978 767.22 1492.83 0.1004 905.66 1468.55 0.0721 763.17 1474.92 0.2029 883.79 1433.46 0.1677 806.55 1451.05 0.0264 889.20 1449.56 0.0238 802.15 1456.38 0.0312 893.90 1458.08 0.0278 805.73 1456.17 0.0609 887.22 1445.01 0.0566
142 797.08 1109.39 1074.81 1499.03 0.8794 977.94 1418.14 0.1984 969.34 1422.43 0.1423 982.99 1422.14 0.1462 914.54 1453.42 0.3397 984.64 1456.29 0.2914 888.74 1466.60 0.7614 978.30 1468.13 0.7055 895.52 1459.11 0.8379 1030.48 1459.32 0.7754 840.15 1398.29 0.9385 1042.14 1396.85 0.9095 870.28 1394.62 0.7954 935.14 1396.16 0.7690 907.98 1279.35 0.7734 942.99 1278.62 0.7480 935.05 1182.16 0.8079 957.74 1184.44 0.7877
143 909.77 1021.12 1165.32 1454.80 0.9181 1088.23 1358.34 0.5603 1085.31 1367.93 0.4029 1102.39 1361.59 0.6192 1059.02 1369.16 0.5962 1108.82 1356.79 0.8848 984.98 1305.93 0.9790 1074.90 1302.54 0.9834 949.31 1189.26 0.9689 1097.95 1202.47 0.9743 979.14 1083.11 0.9678 1089.91 1112.74 0.9657 956.55 1189.09 0.9738 1012.48 1191.69 0.9741 1002.80 1158.78 0.8963 1052.38 1156.46 0.8968 1036.53 1078.04 0.8592 1068.27 1077.59 0.8577
144 1016.45 987.18 1319.86 1265.25 0.8608 1268.10 1141.34 0.0889 1262.49 1142.83 0.0608 1268.64 1152.65 0.0823 1237.48 1153.05 0.4963 1263.55 1183.12 0.6696 1183.92 1138.34 0.9776 1217.03 1216.49 0.9677 1114.76 1070.04 0.9667 1217.17 1232.75 0.8454 1087.55 1026.29 0.9352 1252.50 1156.94 0.6774 1117.36 1065.33 0.9762 1139.15 1105.94 0.9679 1136.02 968.24 0.9392 1161.34 1028.76 0.9055 1098.85 969.34 0.9282 1114.57 1006.15 0.8898
145 1117.22 743.70 1466.43 1058.79 0.8523 1344.23 876.41 0.4176 1349.92 880.31 0.3744 1355.07 880.19 0.2535 1338.08 915.99 0.8617 1374.15 914.46 0.6278 1279.92 941.17 0.9864 1362.74 944.03 0.9867 1223.77 948.72 0.9546 1426.63 929.07 0.9575 1201.43 938.39 0.9389 1440.61 865.49 0.9258 1198.06 915.57 0.9562 1250.95 917.26 0.9572 1226.76 818.42 0.8857 1273.88 832.53 0.8976 1203.75 781.97 0.8454 1237.38 794.80 0.8510
146 1218.10 516.27 1526.18 863.90 0.9138 1446.64 648.38 0.7528 1455.18 649.84 0.7345 1458.24 650.43 0.2183 1459.14 693.71 0.9104 1471.73 692.22 0.0895 1426.55 778.72 0.9847 1374.23 721.63 0.9864 1370.76 842.12 0.8784 1263.06 662.70 0.8893 1366.87 834.17 0.7237 1259.49 578.85 0.7986 1275.58 768.46 0.9120 1243.39 741.77 0.9191 1283.20 711.55 0.5232 1270.06 684.98 0.5520 1259.12 692.49 0.2237 1259.35 691.91 0.2416
147 1099.51 376.05 1833.51 683.87 0.8875 1456.78 411.02 0.6601 1462.38 414.69 0.6151 1477.28 419.36 0.1789 1471.01 461.46 0.9447 1537.75 457.66 0.2978 1417.75 534.10 0.9924 1557.93 511.18 0.9888 1290.00 621.12 0.9544 1678.42 532.64 0.9576 1166.57 612.44 0.9090 1754.22 505.99 0.9147 1328.42 598.24 0.9548 1402.45 584.50 0.9567 1277.47 548.99 0.7426 1321.40 585.88 0.7442 1203.72 564.82 0.3548 1270.08 575.06 0.3432
148 1211.73 135.86 1606.84 697.11 0.9071 1369.75 279.68 0.6817 1383.50 283.49 0.7299 1387.75 272.46 0.1146 1419.60 318.71 0.9670 1466.43 277.41 0.1219 1391.65 408.98 0.9950 1494.56 273.16 0.9927 1360.38 563.70 0.9686 1530.68 158.53 0.9216 1289.98 653.22 0.9063 1502.09 180.28 0.8855 1361.07 412.40 0.9784 1424.60 358.77 0.9786 1310.49 431.20 0.9280 1374.75 422.24 0.9278 1263.80 440.90 0.8044 1330.77 477.22 0.7964
149 1127.90 4.34 1399.33 463.67 0.9151 1223.18 154.34 0.3969 1231.43 149.44 0.4474 1236.18 136.96 0.0437 1269.32 165.72 0.8657 1317.64 124.90 0.0647 1295.25 259.60 0.9859 1341.93 148.05 0.9636 1314.80 298.12 0.9512 1362.52 75.92 0.6609 1330.51 327.48 0.8967 1330.28 152.85 0.6032 1271.06 332.53 0.9819 1295.16 269.35 0.9741 1252.44 385.24 0.9597 1237.18 259.28 0.9333 1267.93 404.37 0.8912 1190.28 284.43 0.8845
150 1036.68 1.45 1257.56 386.88 0.8474 1127.20 15.14 0.0375 1146.84 7.01 0.0243 1124.43 0.00 0.0128 1183.21 18.39 0.0419 1133.99 0.00 0.0189 1198.06 71.74 0.4832 1143.88 8.34 0.2854 1205.23 193.03 0.6802 1120.12 7.92 0.3260 1210.28 339.31 0.6689 1122.46 8.06 0.5471 1179.19 87.83 0.9427 1137.52 56.96 0.9172 1180.08 208.81 0.9814 1135.23 183.49 0.9706 1184.84 304.27 0.9587 1105.99 246.94 0.9435
151 904.97 0.00 1136.22 319.84 0.8674 939.96 64.80 0.0041 939.04 51.75 0.0028 943.67 51.92 0.0019 941.93 44.62 0.0092 968.66 42.45 0.0061 953.78 43.36 0.0142 973.24 37.64 0.0068 945.26 119.44 0.0563 964.24 107.15 0.0289 937.17 205.94 0.1804 937.71 192.81 0.1400 985.83 23.43 0.3734 1007.73 20.11 0.2778 957.34 118.45 0.9659 1017.61 108.11 0.9413 953.42 259.46 0.9885 1091.42 208.59 0.9831
152 559.52 0.00 974.23 233.89 0.7940 722.85 11.01 0.0084 715.21 3.50 0.0060 725.78 4.60 0.0040 706.52 10.14 0.0080 758.45 11.27 0.0052 750.39 13.32 0.0050 770.85 11.71 0.0054 708.01 14.47 0.0388 707.22 21.59 0.0326 622.24 6.39 0.1786 617.25 6.01 0.1901 827.58 0.00 0.1054 840.21 0.00 0.1140 852.22 44.86 0.6091 857.17 43.52 0.6279 928.84 184.97 0.7400 934.52 192.70 0.7530
