33 915.96 483.88 1053.05 811.85 0.7901 1006.46 509.75 0.3565 1010.00 504.05 0.3099 1011.22 504.38 0.1558 1017.59 507.04 0.6709 1034.45 508.95 0.3171 1009.06 537.86 0.9699 1040.31 542.28 0.9516 985.70 569.43 0.8643 1040.38 581.25 0.6885 973.96 570.91 0.7308 1023.59 590.89 0.5414 987.97 630.64 0.9850 1009.17 630.42 0.9805 963.64 704.53 0.9777 989.79 706.21 0.9668 954.81 782.05 0.9628 980.05 784.12 0.9504
34 902.72 473.09 1033.21 810.17 0.8379 983.05 506.82 0.9127 991.33 501.80 0.9098 981.95 499.44 0.7336 1008.23 505.96 0.8527 979.49 500.71 0.3264 1019.00 543.30 0.9907 967.42 534.50 0.9787 1003.75 591.51 0.9719 946.88 571.95 0.8496 954.52 588.81 0.9491 941.12 572.78 0.8206 991.67 636.55 0.9907 955.87 630.70 0.9850 981.79 707.70 0.9823 934.04 702.43 0.9649 981.94 774.06 0.9600 924.90 766.06 0.9333
35 890.39 480.81 1011.50 811.54 0.8262 967.88 509.18 0.9250 974.87 503.52 0.9086 964.54 502.90 0.7972 990.44 508.50 0.8034 961.47 507.53 0.4161 1000.40 546.35 0.9850 959.72 539.74 0.9796 989.94 595.47 0.9484 934.99 571.68 0.8753 945.15 592.75 0.9240 921.64 559.00 0.8490 974.45 634.24 0.9814 949.61 628.75 0.9773 943.29 705.06 0.9639 934.88 700.40 0.9466 924.86 775.36 0.9207 927.34 769.39 0.8950
36 826.99 476.04 989.60 813.00 0.8114 934.15 506.59 0.8786 941.59 500.68 0.9054 935.42 499.71 0.5545 962.20 508.18 0.9122 943.05 506.39 0.1965 968.61 552.17 0.9931 941.49 545.90 0.9703 946.69 604.05 0.9804 913.91 587.38 0.7189 903.07 597.97 0.9583 892.67 581.78 0.6976 935.70 646.36 0.9909 916.30 640.10 0.9793 912.62 715.42 0.9821 879.18 711.13 0.9482 914.42 779.34 0.9560 866.18 773.19 0.9042
37 817.23 474.20 977.52 828.71 0.8558 914.45 502.12 0.5644 919.20 495.69 0.6290 920.19 495.74 0.1868 931.34 502.67 0.8764 952.64 502.67 0.1941 923.68 544.38 0.9853 961.25 543.60 0.9378 897.08 592.11 0.9584 942.74 590.76 0.5605 883.58 586.16 0.8933 907.67 586.96 0.4742 904.46 646.16 0.9853 930.43 643.12 0.9663 867.79 718.10 0.9782 889.97 717.77 0.9373 870.56 792.31 0.9540 889.95 791.27 0.9014
38 846.73 477.55 996.12 846.14 0.8328 920.21 511.69 0.1919 921.55 503.74 0.1732 923.64 504.13 0.0837 920.06 507.89 0.7360 953.42 509.17 0.4132 904.92 549.12 0.9755 968.84 551.07 0.9691 883.35 598.51 0.9088 981.92 600.67 0.8345 885.96 610.90 0.7614 967.20 613.99 0.6474 900.06 655.51 0.9875 939.94 655.52 0.9853 891.10 730.49 0.9754 912.38 732.28 0.9658 891.29 804.10 0.9480 896.87 805.47 0.9332
39 860.63 480.08 1001.97 841.72 0.8557 942.57 512.42 0.1235 942.17 504.70 0.0797 946.38 505.05 0.0651 932.27 507.55 0.5775 968.99 510.20 0.4775 914.30 545.99 0.9755 979.53 551.89 0.9823 891.53 594.79 0.9009 987.89 606.05 0.9194 896.27 611.91 0.7571 982.12 628.80 0.7743 907.28 654.80 0.9927 949.35 656.63 0.9937 898.18 730.42 0.9826 931.01 733.17 0.9823 890.90 803.06 0.9593 913.17 806.59 0.9584
40 853.02 478.91 1008.26 843.45 0.8545 948.73 513.54 0.1698 947.87 505.61 0.1148 950.68 506.32 0.0971 938.35 507.69 0.6162 969.06 510.71 0.5238 921.85 547.73 0.9747 981.13 551.59 0.9817 896.63 601.37 0.9052 994.89 601.42 0.9228 879.21 646.48 0.7778 985.85 640.07 0.7939 913.17 654.81 0.9923 949.73 655.70 0.9932 904.99 731.25 0.9840 928.98 733.42 0.9833 898.19 802.04 0.9648 908.96 805.67 0.9633
41 854.21 480.25 1010.55 842.41 0.8436 941.12 514.55 0.1699 941.06 506.85 0.1292 943.63 507.40 0.0862 936.00 509.80 0.6650 966.52 511.93 0.4652 921.94 549.94 0.9745 981.60 551.55 0.9773 902.09 602.08 0.9089 997.41 597.48 0.8990 887.69 637.48 0.7813 989.26 625.71 0.7529 913.90 654.94 0.9911 950.84 654.65 0.9913 901.34 730.72 0.9821 927.05 731.96 0.9792 894.29 802.52 0.9612 907.80 804.44 0.9562
42 785.88 474.10 979.36 825.72 0.8825 901.52 508.40 0.1901 903.79 500.51 0.2426 906.32 500.18 0.0394 915.65 501.76 0.8748 938.26 501.22 0.1661 917.06 538.83 0.9870 958.17 537.29 0.9524 901.60 594.84 0.9637 972.13 592.48 0.6486 874.33 642.20 0.8821 953.02 640.58 0.4845 910.82 644.29 0.9933 939.76 641.43 0.9859 867.38 716.32 0.9876 920.84 716.14 0.9665 847.49 790.26 0.9728 914.58 787.74 0.9436
43 771.05 442.35 906.79 790.41 0.8356 851.47 480.62 0.6631 857.03 475.05 0.7135 856.13 473.54 0.2615 875.95 478.82 0.8269 873.00 474.94 0.1239 880.96 511.46 0.9834 872.51 504.40 0.9245 863.57 530.49 0.9704 846.46 518.90 0.6143 838.56 499.44 0.9430 832.23 492.41 0.6153 853.01 613.38 0.9919 850.05 607.80 0.9801 833.01 687.28 0.9908 837.61 683.39 0.9719 833.93 760.06 0.9791 842.78 753.44 0.9521
44 660.21 368.86 852.38 780.46 0.7347 795.84 462.64 0.3456 798.79 456.59 0.2843 801.12 457.08 0.1422 803.72 462.44 0.6544 823.96 463.84 0.2799 794.61 495.70 0.9750 823.31 497.87 0.9588 776.44 453.51 0.9384 834.31 460.66 0.8235 785.96 386.38 0.8943 811.84 406.32 0.7569 762.09 602.29 0.9919 780.10 601.38 0.9889 748.63 673.06 0.9871 762.36 673.69 0.9791 745.67 739.35 0.9680 756.36 741.03 0.9545
45 641.29 335.84 889.95 777.07 0.5837 740.53 442.66 0.9546 749.78 436.68 0.8878 734.28 435.06 0.8891 761.91 441.30 0.7144 725.02 434.67 0.7259 771.35 481.22 0.9900 712.40 461.87 0.9902 821.08 484.73 0.9639 681.03 423.66 0.9660 860.41 474.47 0.9422 677.15 369.20 0.9449 734.23 590.83 0.9921 699.06 582.58 0.9917 705.29 668.28 0.9767 687.69 665.18 0.9782 681.77 741.62 0.9174 679.24 738.60 0.9235
46 578.90 401.35 873.21 800.38 0.6373 668.46 437.62 0.9565 679.79 431.96 0.9115 663.74 428.88 0.8554 697.69 439.64 0.8014 660.62 432.61 0.5653 710.18 486.75 0.9939 644.23 470.63 0.9817 773.16 501.04 0.9796 602.92 467.56 0.9276 832.08 498.85 0.9583 601.29 449.25 0.8958 654.35 603.79 0.9923 615.96 594.67 0.9872 645.33 694.36 0.9747 627.52 686.88 0.9606 611.07 747.12 0.9085 607.36 741.16 0.8801
47 440.17 397.83 652.33 801.13 0.8832 574.98 441.68 0.9579 585.84 433.79 0.9482 568.38 432.04 0.8165 607.45 437.68 0.8972 565.74 434.29 0.4568 622.80 487.43 0.9965 563.81 483.24 0.9754 642.11 557.71 0.9898 558.93 546.65 0.8731 621.48 619.79 0.9735 554.39 602.02 0.8346 593.22 610.18 0.9961 549.02 604.70 0.9893 598.47 692.86 0.9878 509.32 688.79 0.9687 601.47 768.64 0.9570 478.59 762.24 0.9234
48 430.31 385.09 580.74 829.34 0.8554 499.35 433.79 0.9503 509.72 424.64 0.9487 492.21 424.07 0.8423 528.49 426.99 0.8719 482.78 425.67 0.4110 544.96 476.66 0.9947 470.80 473.62 0.9883 562.20 547.15 0.9825 460.93 537.51 0.8991 564.31 613.50 0.9684 460.12 587.28 0.8725 515.53 601.12 0.9951 471.63 598.35 0.9922 488.23 691.96 0.9888 469.12 689.64 0.9784 474.60 776.25 0.9660 477.70 773.01 0.9455
49 253.95 369.93 706.76 878.57 0.8654 435.46 440.47 0.9629 447.44 432.68 0.9198 427.54 428.33 0.8805 467.51 432.69 0.8052 419.06 425.18 0.6132 493.85 484.26 0.9942 398.38 453.93 0.9879 570.75 500.18 0.9798 327.44 426.69 0.9564 651.65 501.26 0.9627 274.80 394.40 0.9347 440.87 633.94 0.9952 385.63 615.88 0.9936 422.29 747.02 0.9800 385.62 716.84 0.9736 406.94 824.54 0.9038 380.09 789.76 0.8853
50 150.83 207.54 493.72 939.42 0.9160 335.64 458.37 0.9674 352.22 448.15 0.9245 328.01 446.57 0.8784 380.58 445.07 0.7949 319.26 440.11 0.5428 395.23 474.96 0.9953 305.15 463.07 0.9902 459.91 433.26 0.9897 246.85 380.24 0.9756 472.07 378.23 0.9797 201.12 276.62 0.9611 367.17 659.23 0.9987 297.21 655.11 0.9981 377.30 769.53 0.9944 254.71 784.57 0.9925 395.20 849.03 0.9697 242.01 881.36 0.9632
51 144.91 312.33 340.20 1029.52 0.8347 222.84 450.33 0.9313 234.67 440.56 0.8665 211.65 440.56 0.7826 262.75 435.12 0.7504 207.54 434.53 0.4913 292.22 477.89 0.9918 197.44 454.88 0.9823 298.75 425.68 0.9771 180.22 362.86 0.9412 294.33 369.77 0.9547 257.96 309.07 0.9080 268.00 688.59 0.9965 211.33 675.19 0.9947 219.02 826.35 0.9899 216.67 789.43 0.9859 191.15 960.32 0.9576 239.01 900.83 0.9499
52 0.00 330.69 252.68 1082.40 0.9032 63.53 456.10 0.9324 78.36 439.97 0.9436 54.91 442.17 0.6522 128.18 424.30 0.9108 68.91 433.49 0.1990 184.73 472.36 0.9932 74.80 486.50 0.9124 208.76 449.43 0.9827 54.48 533.81 0.6160 159.19 387.35 0.9589 49.02 603.36 0.6137 146.60 718.07 0.9899 77.05 708.30 0.9628 117.01 874.59 0.9776 59.28 830.97 0.9246 120.63 1009.89 0.9157 77.02 942.72 0.8337
53 0.00 314.54 198.84 1137.68 0.6698 0.00 462.83 0.0083 0.00 445.40 0.0141 0.00 448.23 0.0011 0.00 453.70 0.1274 11.54 457.18 0.0041 44.97 533.06 0.5276 48.74 535.00 0.0256 172.03 596.46 0.8245 157.45 600.49 0.0281 43.34 507.82 0.7778 43.79 507.29 0.0813 30.02 841.94 0.6950 30.15 836.09 0.2606 31.73 990.69 0.3404 33.05 991.84 0.0807 40.23 1126.35 0.0938 42.36 1117.71 0.0311
86 0.00 285.45 144.07 767.28 0.8504 18.29 328.42 0.6649 24.05 318.35 0.4523 7.84 318.53 0.6017 25.17 327.96 0.2784 0.00 327.47 0.5058 24.53 384.37 0.7453 6.79 384.12 0.7793 72.16 406.29 0.3478 77.32 409.11 0.4735 116.28 370.14 0.3522 119.19 369.21 0.4247 16.15 522.26 0.6093 3.82 522.96 0.6524 24.60 616.44 0.5201 26.15 616.38 0.5833 22.73 725.64 0.4344 25.56 725.90 0.4812
87 3.01 304.08 279.24 774.36 0.9190 173.15 360.49 0.7328 170.39 352.69 0.1970 171.06 351.06 0.7826 131.92 349.01 0.1329 139.95 347.43 0.9044 108.45 387.38 0.9445 109.92 401.08 0.9943 135.84 436.66 0.7152 119.77 490.13 0.9846 188.24 447.16 0.6170 166.14 563.27 0.9459 105.05 544.88 0.9868 121.35 551.43 0.9956 80.33 635.58 0.9755 179.30 640.57 0.9920 32.08 722.80 0.9456 207.23 734.30 0.9723
88 210.75 228.63 379.14 784.27 0.8639 312.42 344.89 0.5173 307.43 338.65 0.0968 306.97 339.35 0.5216 283.06 349.72 0.0635 284.95 350.35 0.7588 277.33 384.42 0.8525 269.32 388.24 0.9860 320.53 343.57 0.7315 310.43 348.62 0.9880 341.99 275.05 0.7313 334.98 277.01 0.9733 271.66 539.67 0.9841 260.32 544.13 0.9951 295.58 638.62 0.9647 274.32 654.96 0.9900 263.92 722.71 0.9046 235.98 752.75 0.9556
89 251.35 295.00 467.41 780.66 0.8446 434.27 381.87 0.6531 427.28 372.18 0.2138 425.52 374.90 0.6543 401.41 376.40 0.1172 407.67 385.96 0.7643 394.84 414.83 0.8414 400.98 419.36 0.9795 405.04 403.46 0.6674 414.21 405.18 0.9749 439.28 350.26 0.6485 432.67 359.01 0.9456 384.72 550.75 0.9711 378.74 553.25 0.9898 430.87 653.75 0.9553 380.42 657.17 0.9849 396.88 733.42 0.9215 287.93 739.19 0.9599
90 382.70 336.63 648.36 772.36 0.8786 528.16 407.61 0.6875 525.10 402.07 0.2558 524.95 401.29 0.6368 498.69 404.03 0.2301 506.01 401.03 0.8168 483.72 435.56 0.9697 492.11 437.18 0.9912 545.31 414.70 0.8937 549.66 425.15 0.9815 610.12 373.33 0.8453 606.26 380.62 0.9555 457.88 569.21 0.9953 472.67 570.68 0.9973 437.42 660.56 0.9895 514.11 658.40 0.9945 410.74 738.91 0.9678 536.99 732.90 0.9788
91 511.13 386.44 659.04 766.98 0.8578 621.22 429.39 0.5197 616.78 420.27 0.1432 616.72 421.43 0.5933 582.43 419.55 0.2071 601.50 424.28 0.9149 559.46 460.33 0.9697 604.32 466.71 0.9955 543.29 521.58 0.6758 617.53 530.27 0.9801 553.63 566.33 0.5435 637.16 575.94 0.9220 550.06 570.70 0.9882 578.63 572.45 0.9959 555.53 650.90 0.9691 575.69 651.08 0.9889 536.95 725.82 0.9415 546.89 730.33 0.9721
92 524.84 412.42 725.01 766.39 0.8694 714.51 450.57 0.4759 712.33 444.23 0.2107 711.85 444.82 0.3891 689.70 440.21 0.2638 692.79 443.91 0.6104 665.17 465.18 0.9641 674.46 473.19 0.9806 593.52 491.50 0.8541 653.93 512.43 0.9233 558.01 501.92 0.7885 630.76 535.81 0.8573 636.74 569.15 0.9900 640.92 571.05 0.9925 630.81 650.52 0.9815 640.88 652.67 0.9847 601.21 727.15 0.9599 607.13 733.84 0.9658
93 630.18 426.31 794.28 762.13 0.8786 778.08 469.67 0.7304 781.06 462.17 0.3028 775.95 462.20 0.7689 762.01 457.10 0.1311 761.17 458.53 0.8366 739.01 485.27 0.9155 733.18 485.89 0.9890 715.33 538.04 0.5449 685.20 527.29 0.9723 716.80 579.58 0.5519 658.31 573.19 0.9362 696.29 579.01 0.9767 698.99 578.90 0.9924 683.85 650.98 0.9686 716.42 650.38 0.9890 660.81 722.18 0.9586 716.61 725.68 0.9806
94 687.39 443.74 911.08 754.22 0.8716 843.06 475.69 0.8368 843.97 470.15 0.5578 839.10 469.47 0.8243 837.84 472.25 0.2359 822.00 469.67 0.7808 828.07 496.58 0.9783 791.47 498.11 0.9921 863.05 500.59 0.8936 749.95 523.85 0.9729 890.71 482.75 0.8784 761.09 541.97 0.9496 786.29 584.58 0.9934 764.18 584.59 0.9960 772.14 650.86 0.9844 752.53 652.31 0.9899 744.21 714.40 0.9649 725.23 721.47 0.9748
95 743.20 448.96 935.87 756.27 0.8481 868.90 486.42 0.9249 875.39 482.21 0.8102 865.91 478.66 0.9048 881.94 483.49 0.4638 855.17 473.61 0.7948 878.39 506.39 0.9900 828.81 496.03 0.9971 910.07 517.09 0.9521 798.57 514.87 0.9901 922.61 492.43 0.9421 803.90 522.68 0.9798 841.85 594.56 0.9961 808.35 589.05 0.9980 835.42 664.92 0.9860 788.00 659.66 0.9917 833.50 730.23 0.9615 768.26 726.04 0.9740
96 808.57 458.21 973.11 781.12 0.8361 913.65 496.69 0.9245 920.43 491.47 0.8103 908.37 488.64 0.9061 925.67 493.15 0.4650 893.94 484.85 0.8025 919.64 519.04 0.9867 870.34 508.73 0.9953 943.21 541.88 0.9155 835.89 532.96 0.9777 964.27 544.45 0.8955 830.62 553.99 0.9575 879.23 595.96 0.9940 850.51 590.78 0.9966 863.46 668.22 0.9852 853.99 664.02 0.9905 836.55 741.40 0.9688 837.27 738.58 0.9774
97 849.23 475.17 984.91 809.39 0.8328 961.18 514.94 0.9468 968.24 510.02 0.8385 956.57 506.86 0.9360 973.90 513.61 0.4386 941.71 504.10 0.8438 965.06 548.00 0.9810 912.26 531.50 0.9947 964.36 599.49 0.8779 871.99 563.26 0.9796 968.38 634.48 0.8522 872.99 588.92 0.9594 922.15 630.30 0.9830 890.26 623.32 0.9914 902.74 702.55 0.9478 888.82 697.41 0.9704 877.49 766.50 0.8813 872.05 762.51 0.9195
98 866.90 493.09 1061.63 847.73 0.8666 1017.12 532.46 0.8802 1022.91 525.30 0.5257 1010.97 523.60 0.9169 1022.22 526.94 0.1602 992.90 521.56 0.9256 1002.56 560.28 0.9583 972.03 554.07 0.9958 1004.54 610.44 0.6649 981.18 606.26 0.9886 1033.69 624.03 0.6677 1028.30 627.31 0.9688 970.14 654.83 0.9835 946.13 652.65 0.9953 975.36 725.89 0.9668 933.51 723.93 0.9905 963.93 794.99 0.9448 897.29 795.55 0.9782
99 950.15 513.47 1107.10 879.18 0.8704 1082.42 550.38 0.9546 1087.73 543.04 0.7820 1074.30 542.20 0.9684 1090.77 545.86 0.2306 1056.44 542.62 0.9455 1082.69 587.17 0.9657 1033.51 581.26 0.9976 1075.83 642.77 0.6773 1004.06 634.12 0.9929 1084.53 696.72 0.6905 997.76 695.94 0.9803 1049.97 688.01 0.9792 1020.13 684.80 0.9951 1028.11 768.85 0.9446 1011.19 766.26 0.9858 984.52 839.16 0.8939 972.34 839.60 0.9610
100 986.04 542.06 1245.90 938.28 0.8979 1152.51 587.50 0.9823 1162.16 583.02 0.9352 1147.11 577.53 0.9816 1169.48 590.92 0.5346 1130.75 575.27 0.9291 1161.83 628.49 0.9945 1093.43 610.06 0.9991 1196.52 642.99 0.9572 1028.25 630.96 0.9966 1232.79 623.60 0.9488 1009.12 659.82 0.9914 1106.17 731.21 0.9968 1066.46 721.52 0.9987 1085.92 813.44 0.9866 1065.99 804.53 0.9939 1040.58 885.86 0.9523 1030.20 877.64 0.9732
101 1040.68 548.24 1274.25 992.09 0.8479 1227.24 624.23 0.9593 1238.21 615.98 0.7610 1219.72 611.65 0.9720 1247.42 617.12 0.1908 1198.68 604.55 0.9547 1220.07 653.24 0.9783 1165.89 638.30 0.9986 1206.60 715.79 0.7557 1143.96 702.02 0.9953 1202.02 750.73 0.7670 1176.68 762.21 0.9862 1173.25 761.85 0.9917 1130.93 755.50 0.9981 1173.90 848.68 0.9806 1098.89 843.11 0.9953 1159.85 930.81 0.9595 1052.04 927.71 0.9858
102 1128.51 551.98 1374.15 1025.48 0.8474 1320.78 635.91 0.7271 1326.86 628.57 0.3770 1314.49 625.76 0.7395 1330.66 639.96 0.1390 1295.71 630.02 0.7408 1323.71 682.57 0.9366 1259.37 670.15 0.9831 1337.26 667.55 0.7950 1255.80 657.80 0.9715 1328.13 623.24 0.8175 1322.18 625.58 0.9537 1272.55 806.57 0.9820 1224.69 800.67 0.9913 1254.15 898.25 0.9512 1196.04 893.86 0.9757 1207.65 981.28 0.8615 1149.33 980.71 0.9163
103 1178.29 575.04 1546.61 1109.62 0.8802 1403.62 698.82 0.8815 1404.64 693.36 0.6255 1398.55 689.98 0.7581 1400.19 697.26 0.4539 1386.05 688.72 0.7083 1409.72 743.49 0.9906 1359.60 704.70 0.9930 1452.39 776.59 0.9720 1348.47 652.57 0.9847 1508.05 821.95 0.9474 1385.78 590.48 0.9661 1335.25 861.17 0.9984 1304.41 840.58 0.9986 1321.86 968.39 0.9956 1296.75 936.82 0.9965 1252.04 1039.66 0.9843 1224.24 992.73 0.9868
104 1256.80 617.03 1622.40 1158.17 0.9046 1521.35 751.23 0.6428 1517.15 742.51 0.2122 1513.68 743.22 0.5747 1495.65 746.01 0.1456 1484.68 746.51 0.7333 1485.57 789.71 0.9491 1460.61 765.80 0.9884 1474.28 843.23 0.8900 1510.66 719.37 0.9863 1475.37 920.61 0.8415 1568.54 644.84 0.9656 1437.24 915.79 0.9961 1405.07 905.21 0.9980 1453.49 1011.53 0.9916 1362.77 996.91 0.9960 1435.97 1097.07 0.9767 1297.01 1070.01 0.9858
105 1414.62 730.46 1677.47 1228.09 0.9087 1639.52 791.85 0.9290 1645.17 782.56 0.6335 1631.67 780.60 0.9315 1637.43 775.65 0.2945 1602.33 771.88 0.9128 1616.21 819.13 0.9637 1576.27 819.25 0.9961 1605.91 892.52 0.8130 1583.06 903.73 0.9899 1633.60 971.82 0.7665 1633.68 968.27 0.9711 1561.10 961.73 0.9899 1533.01 958.29 0.9965 1541.02 1067.10 0.9769 1515.57 1065.67 0.9924 1466.73 1149.72 0.9441 1460.23 1155.38 0.9718
106 1489.59 783.40 1777.15 1323.74 0.9111 1734.08 852.62 0.9640 1746.99 842.78 0.8501 1725.21 839.41 0.9555 1758.01 841.94 0.4793 1702.66 831.71 0.8930 1749.76 899.56 0.9713 1661.54 877.71 0.9959 1737.17 970.75 0.8398 1576.46 928.42 0.9855 1715.85 1033.96 0.7903 1522.03 1004.02 0.9642 1672.32 1045.70 0.9883 1618.24 1032.75 0.9953 1639.48 1159.90 0.9723 1599.11 1149.94 0.9896 1579.73 1246.77 0.9268 1564.72 1249.42 0.9615
107 1551.41 838.02 1877.69 1455.42 0.9112 1802.63 908.00 0.9742 1820.75 901.10 0.9407 1794.21 889.67 0.9368 1846.94 904.73 0.7954 1780.67 879.07 0.7511 1857.12 973.16 0.9902 1736.99 920.06 0.9919 1804.51 1044.84 0.9504 1680.75 955.70 0.9585 1764.19 1108.79 0.8955 1641.37 1031.24 0.9064 1764.96 1145.49 0.9913 1681.92 1104.79 0.9919 1739.48 1279.30 0.9720 1610.51 1171.75 0.9734 1707.90 1403.29 0.9151 1585.36 1260.21 0.9227
108 1595.98 877.14 2006.73 1486.29 0.8893 1865.75 958.19 0.9743 1889.06 949.19 0.9672 1863.02 938.92 0.8691 1930.25 954.06 0.9213 1859.52 929.84 0.4212 1953.67 1032.07 0.9965 1827.07 985.38 0.9775 1983.21 1149.80 0.9872 1770.45 1056.57 0.8791 1920.84 1252.24 0.9628 1747.53 1145.31 0.8104 1846.92 1225.47 0.9913 1762.03 1191.30 0.9790 1784.61 1383.08 0.9297 1680.95 1339.80 0.8462 1746.72 1474.70 0.6540 1660.92 1429.27 0.5138
109 1595.80 912.49 2026.71 1491.20 0.9190 1868.42 1002.10 0.9734 1896.64 991.83 0.9622 1865.21 980.28 0.8876 1941.09 1005.17 0.8790 1855.85 976.79 0.4574 1956.48 1097.78 0.9905 1802.26 1059.65 0.9692 1968.64 1242.49 0.9694 1748.12 1153.54 0.8517 1916.68 1322.56 0.9399 1749.02 1128.82 0.7984 1827.95 1319.44 0.9412 1725.91 1289.78 0.8893 1765.30 1473.17 0.5504 1645.80 1433.10 0.3814 1697.20 1500.00 0.1262 1628.88 1477.79 0.0836
110 1597.45 944.09 2005.95 1494.92 0.8414 1851.93 1049.07 0.9750 1881.70 1039.76 0.9561 1846.20 1027.25 0.9267 1924.84 1058.59 0.8501 1836.15 1024.84 0.5959 1953.25 1181.56 0.9798 1782.93 1074.23 0.9756 1951.85 1320.15 0.9001 1708.84 1017.95 0.8861 1807.91 1415.05 0.8509 1701.20 1005.43 0.8272 1796.44 1419.88 0.8413 1688.07 1357.68 0.8316 1712.89 1436.72 0.3910 1612.88 1351.55 0.3770 1653.39 1487.20 0.1426 1642.07 1397.35 0.1408
111 1480.38 909.81 2018.54 1491.80 0.8538 1789.84 1111.81 0.9672 1827.17 1102.06 0.9517 1786.10 1085.46 0.9149 1883.73 1122.88 0.8442 1775.88 1076.66 0.5214 1902.94 1266.34 0.9606 1738.61 1111.41 0.9463 1926.81 1423.93 0.7632 1734.97 995.95 0.7789 1834.40 1437.73 0.7328 1888.45 947.10 0.6884 1707.81 1462.02 0.6102 1605.74 1383.46 0.5867 1552.96 1481.68 0.1792 1513.33 1409.10 0.1740 1470.93 1482.52 0.0576 1536.56 1431.61 0.0558
112 1374.59 952.68 1915.50 1492.29 0.8184 1644.12 1203.15 0.9612 1686.55 1189.04 0.9423 1645.11 1169.73 0.9229 1770.00 1210.86 0.7532 1648.04 1157.55 0.4903 1798.87 1366.90 0.8372 1611.75 1198.77 0.9181 1798.28 1500.00 0.3661 1568.00 1063.12 0.7357 1710.01 1470.63 0.4749 1723.76 1012.98 0.6844 1633.08 1500.00 0.2086 1515.59 1427.37 0.3055 1525.22 1461.00 0.0575 1428.88 1374.22 0.0982 1453.80 1422.01 0.0348 1452.09 1361.32 0.0513
113 1281.88 805.10 1776.29 1499.30 0.8365 1548.57 1343.54 0.9522 1603.79 1321.47 0.9295 1541.73 1295.37 0.9390 1686.89 1321.88 0.6440 1522.43 1254.74 0.5693 1702.95 1402.63 0.6949 1473.32 1281.58 0.8992 1730.65 1396.95 0.2884 1407.56 1101.95 0.7756 1608.30 1259.79 0.4147 1468.62 922.97 0.7297 1579.44 1500.00 0.1651 1422.37 1466.38 0.2916 1588.55 1470.47 0.0310 1351.64 1386.89 0.0676 1533.37 1321.15 0.0245 1397.95 1251.21 0.0436
114 1096.29 1208.23 1601.63 1500.00 0.3183 1297.23 1460.04 0.8403 1355.80 1431.75 0.9456 1300.16 1407.28 0.7506 1491.32 1450.62 0.7670 1321.63 1391.54 0.1078 1524.93 1500.00 0.1870 1329.18 1499.29 0.1439 1511.40 1500.00 0.0208 1268.95 1496.08 0.0197 1467.90 1500.00 0.0406 1309.00 1488.02 0.0333 1447.83 1500.00 0.0058 1339.67 1494.36 0.0059 1366.42 1453.13 0.0110 1253.80 1399.12 0.0119 1234.24 1388.62 0.0271 1240.73 1378.85 0.0287
115 815.51 1109.16 1300.09 1490.40 0.7548 835.31 1338.85 0.6402 850.90 1318.20 0.9046 864.60 1302.14 0.2049 972.27 1345.31 0.9357 990.52 1304.62 0.0470 1103.85 1500.00 0.3862 1128.73 1444.48 0.2681 1076.21 1500.00 0.0431 1113.50 1455.52 0.0287 980.09 1454.73 0.0486 952.85 1423.94 0.0369 1250.73 1500.00 0.0079 1283.24 1500.00 0.0094 1071.04 1473.19 0.0133 1048.54 1335.30 0.0150 1041.67 1462.52 0.0233 1040.53 1311.84 0.0296
116 349.57 920.80 1106.02 1489.19 0.9176 450.58 1130.40 0.3873 454.01 1098.82 0.3306 489.66 1086.91 0.1317 483.86 1126.62 0.9166 641.29 1084.54 0.6979 486.73 1402.53 0.8866 779.74 1287.67 0.9532 401.18 1500.00 0.2000 968.38 1394.09 0.6218 446.42 1468.74 0.1367 1036.22 1392.54 0.4079 578.03 1500.00 0.0723 776.00 1500.00 0.1560 541.07 1474.10 0.0225 674.70 1370.29 0.0560 713.77 1480.09 0.0127 753.82 1378.34 0.0255
117 0.00 817.33 856.32 1484.53 0.9156 176.90 993.42 0.0893 140.28 961.49 0.0087 175.47 960.44 0.0915 0.00 977.59 0.0940 167.73 987.36 0.8007 0.00 1211.94 0.6105 280.97 1207.42 0.8100 237.68 1351.06 0.1455 589.78 1329.77 0.6279 655.40 1324.81 0.1725 724.81 1338.40 0.5032 58.72 1500.00 0.0372 299.25 1500.00 0.0672 165.42 1317.96 0.0091 420.13 1288.59 0.0183 272.90 1365.36 0.0055 455.68 1301.52 0.0080
118 0.00 682.98 666.78 1490.38 0.9337 106.84 847.10 0.1587 82.93 813.93 0.0140 105.62 817.18 0.1705 0.00 823.34 0.0611 95.48 841.85 0.7029 0.00 1028.00 0.5572 147.75 1043.42 0.8323 164.84 1256.24 0.2162 335.72 1269.10 0.8063 493.99 1367.72 0.2332 532.41 1403.76 0.6577 0.00 1493.34 0.1082 106.15 1500.00 0.2107 72.39 1394.85 0.0132 180.55 1404.18 0.0309 109.54 1447.54 0.0054 108.64 1428.93 0.0083
119 0.00 543.83 377.87 1482.72 0.9435 224.35 675.43 0.0992 217.72 647.13 0.0125 226.74 649.67 0.1405 117.19 655.27 0.3261 243.59 666.54 0.9453 17.17 801.40 0.8511 284.26 818.08 0.9856 0.00 1011.30 0.3251 331.33 1024.93 0.9329 32.17 1124.90 0.1581 324.86 1119.69 0.6882 14.75 1175.55 0.7869 192.16 1181.31 0.9257 7.43 1392.77 0.2429 172.03 1407.99 0.5072 0.00 1492.04 0.0508 135.16 1500.00 0.0941
120 0.00 487.32 367.37 1485.30 0.9307 159.30 593.41 0.1341 162.67 570.94 0.0613 169.30 572.58 0.0760 126.85 586.77 0.7445 230.20 591.19 0.7535 66.81 708.47 0.9310 295.32 723.61 0.9713 0.00 861.66 0.6313 334.13 860.98 0.8537 34.81 984.43 0.3896 260.87 859.11 0.6277 89.83 1018.06 0.9684 235.87 1023.91 0.9807 131.99 1236.74 0.9197 194.02 1255.99 0.9536 134.39 1413.27 0.7292 161.88 1449.25 0.7992
121 0.00 439.69 401.52 1316.73 0.9429 182.32 534.44 0.1810 182.97 515.68 0.0597 193.96 516.29 0.0596 147.15 525.60 0.7843 248.29 530.84 0.6744 101.24 631.56 0.9931 289.99 636.00 0.9922 0.00 748.39 0.9660 341.12 778.54 0.9659 27.38 824.51 0.8833 370.32 885.80 0.8786 97.93 895.38 0.9981 218.16 887.26 0.9981 119.50 1066.51 0.9936 209.08 1019.11 0.9943 146.02 1219.78 0.9648 217.28 1150.53 0.9687
122 0.00 416.92 304.59 1215.32 0.9043 165.78 479.35 0.5297 172.17 467.28 0.6810 179.98 464.43 0.0613 189.80 488.43 0.9554 243.42 477.06 0.0881 195.10 592.61 0.9981 268.81 573.06 0.8839 139.27 726.51 0.9965 230.09 690.12 0.4582 63.26 839.16 0.9803 147.73 764.62 0.4275 180.34 820.32 0.9983 230.81 804.90 0.9866 128.55 974.98 0.9963 179.48 950.05 0.9729 176.32 1145.48 0.9790 196.99 1098.50 0.9307
123 67.37 326.36 381.06 1202.77 0.8655 195.12 438.09 0.7103 201.89 433.42 0.4962 190.19 430.86 0.4093 200.74 465.44 0.6332 196.09 457.74 0.5213 203.85 556.26 0.9894 194.35 550.19 0.9777 265.32 577.12 0.9712 279.42 581.00 0.9290 326.31 560.69 0.9382 330.30 560.19 0.8796 168.50 783.37 0.9976 162.06 780.38 0.9963 162.11 952.77 0.9918 153.49 945.10 0.9887 188.75 1084.71 0.9586 178.20 1075.21 0.9498
124 0.43 237.54 255.44 1206.50 0.9175 77.98 446.62 0.9355 100.48 436.81 0.9420 77.25 431.34 0.5206 158.42 458.07 0.9441 98.20 448.22 0.1446 186.54 532.98 0.9986 94.09 565.70 0.9548 188.08 446.87 0.9975 93.50 683.90 0.7505 184.34 312.01 0.9903 64.47 814.06 0.7332 155.58 799.71 0.9987 92.47 794.72 0.9924 138.05 977.85 0.9962 57.35 916.94 0.9789 188.63 1129.18 0.9755 117.57 1040.08 0.9315
125 0.00 320.86 146.94 1206.51 0.8159 0.75 373.55 0.5860 20.57 363.09 0.7127 5.02 362.28 0.3081 65.29 400.86 0.7067 41.03 392.26 0.1187 68.93 516.75 0.7572 57.93 506.99 0.3239 49.41 560.68 0.5213 58.86 567.26 0.0747 34.39 461.89 0.3577 29.34 493.84 0.0778 39.13 762.17 0.5155 31.15 755.53 0.2893 6.78 940.53 0.5344 0.00 935.29 0.3127 70.37 1097.13 0.3796 64.82 1098.64 0.2502
146 0.00 520.74 250.55 1473.38 0.8501 29.44 672.11 0.2191 38.87 649.11 0.1180 25.02 649.87 0.1350 23.86 647.85 0.1933 10.09 652.79 0.1398 4.13 758.84 0.5016 0.00 764.43 0.2529 27.30 839.71 0.4062 16.42 842.32 0.1750 142.02 882.60 0.4237 135.66 885.74 0.2248 0.00 1078.85 0.3101 0.00 1088.11 0.2148 20.87 1250.05 0.1115 29.34 1268.78 0.0707 50.09 1437.60 0.0324 41.57 1459.05 0.0219
147 50.68 574.67 554.14 1481.84 0.8837 414.12 711.16 0.4387 403.18 686.16 0.0483 421.85 689.38 0.4668 294.86 667.51 0.1889 402.81 690.30 0.9195 227.17 721.83 0.9621 337.00 832.32 0.9909 139.14 769.78 0.8568 318.29 1052.11 0.9758 122.47 793.00 0.7687 426.87 1174.10 0.9161 194.33 1101.33 0.9721 260.76 1144.26 0.9844 270.07 1281.53 0.7878 314.15 1316.26 0.8647 246.42 1459.81 0.3294 235.05 1476.89 0.3878
148 0.00 415.38 740.39 1489.67 0.9393 531.74 629.65 0.3126 526.51 619.94 0.1397 535.08 619.29 0.0787 487.27 647.44 0.6763 569.07 648.56 0.5442 405.53 721.11 0.9896 621.56 728.43 0.9809 214.75 675.52 0.9867 698.29 636.61 0.9626 40.20 631.95 0.9661 693.78 512.13 0.9306 407.21 1000.46 0.9987 510.19 1008.70 0.9980 465.40 1213.99 0.9933 453.89 1266.21 0.9905 431.54 1368.86 0.9267 291.21 1449.28 0.9084
149 464.48 533.71 760.84 1356.16 0.8864 638.62 638.12 0.3824 635.60 624.34 0.1283 635.75 623.46 0.2483 594.94 627.37 0.4636 645.04 625.77 0.7273 555.88 719.09 0.9690 670.39 664.56 0.9829 497.27 826.73 0.8665 690.62 631.11 0.9443 557.30 912.65 0.7186 696.55 624.42 0.8310 539.98 951.00 0.9927 621.40 924.32 0.9947 502.73 1121.03 0.9874 621.62 1056.66 0.9912 490.76 1274.50 0.9623 620.86 1174.61 0.9716
150 459.74 463.01 825.45 1176.76 0.9161 693.91 573.43 0.2457 694.74 562.48 0.1419 698.78 564.62 0.0414 685.98 580.56 0.7035 739.60 579.43 0.2340 646.62 672.33 0.9947 779.95 630.81 0.9811 577.46 762.85 0.9931 777.94 575.38 0.9604 511.29 853.62 0.9776 756.35 482.19 0.9281 632.71 857.67 0.9997 718.29 848.34 0.9993 575.59 971.67 0.9990 678.08 1017.20 0.9984 555.65 1078.31 0.9941 642.69 1151.83 0.9917
151 390.55 499.62 910.79 1148.39 0.9188 705.48 541.80 0.3607 710.47 535.62 0.1990 714.84 536.53 0.0871 707.43 558.38 0.7092 754.33 557.74 0.3149 664.06 617.94 0.9922 779.83 618.87 0.9836 552.37 628.71 0.9891 827.34 584.46 0.9668 448.69 620.31 0.9743 889.85 516.24 0.9372 643.91 794.86 0.9992 705.45 801.69 0.9988 616.77 902.80 0.9983 677.64 960.82 0.9976 597.98 1008.24 0.9904 640.65 1105.47 0.9879
152 492.34 484.20 887.75 1034.16 0.9168 788.97 552.26 0.4101 785.37 539.03 0.1657 789.95 543.55 0.1912 755.21 534.87 0.5748 804.14 550.21 0.6207 716.14 562.71 0.9922 799.92 614.92 0.9913 604.43 539.41 0.9807 820.83 701.13 0.9716 543.20 509.98 0.9475 845.52 783.28 0.9234 670.23 751.28 0.9989 724.06 763.74 0.9986 643.84 864.42 0.9970 725.47 842.66 0.9963 626.65 986.28 0.9860 721.35 932.66 0.9846
153 623.95 488.57 888.45 943.35 0.9075 868.73 534.89 0.3519 864.74 524.00 0.1189 872.00 527.41 0.1762 829.67 525.57 0.3432 877.29 536.95 0.4830 786.75 562.96 0.9691 865.80 590.87 0.9773 710.53 612.60 0.9552 843.77 681.21 0.9624 654.91 647.14 0.9300 848.28 746.44 0.9364 742.88 702.59 0.9943 790.39 712.61 0.9947 725.63 781.34 0.9863 772.78 816.26 0.9870 697.83 859.16 0.9541 713.98 911.33 0.9532
154 743.48 484.50 931.15 911.22 0.8775 900.51 530.63 0.4049 897.66 519.77 0.1376 900.34 521.52 0.3135 863.48 521.29 0.3321 898.34 528.16 0.6800 829.52 562.52 0.9546 899.81 579.17 0.9784 786.68 619.71 0.8758 907.33 646.81 0.9538 779.53 670.20 0.7930 915.44 668.67 0.8983 811.31 688.19 0.9907 852.14 693.10 0.9935 825.03 777.04 0.9808 839.64 790.42 0.9872 788.12 848.69 0.9499 780.11 868.07 0.9605
155 791.60 490.75 987.43 875.91 0.8774 951.24 534.59 0.2478 950.62 525.42 0.0905 950.69 528.01 0.1851 918.75 524.23 0.5118 954.84 534.04 0.8024 880.62 558.84 0.9856 953.58 577.73 0.9921 835.80 600.54 0.9011 961.21 633.50 0.9552 845.30 616.11 0.7693 968.70 643.45 0.8496 854.39 673.46 0.9944 904.77 680.55 0.9960 831.89 748.05 0.9845 903.01 754.83 0.9877 811.22 821.71 0.9618 897.46 834.52 0.9678
156 837.75 485.65 1019.59 851.37 0.8780 984.18 522.08 0.2329 983.95 513.57 0.1530 985.83 515.35 0.1235 965.23 515.18 0.6772 999.21 522.02 0.5381 938.42 555.49 0.9804 1004.15 566.16 0.9803 904.29 608.48 0.9057 1003.77 617.49 0.8708 885.73 653.97 0.7732 975.67 654.05 0.6983 914.89 667.75 0.9925 957.83 670.77 0.9920 884.35 742.50 0.9867 926.85 746.88 0.9824 871.43 810.97 0.9723 911.79 819.44 0.9657
157 863.76 487.05 1030.69 845.74 0.8823 1011.27 523.57 0.2697 1008.89 514.88 0.1118 1009.00 516.99 0.2085 977.23 514.78 0.4625 1010.73 522.57 0.7507 944.89 550.08 0.9744 1011.90 565.13 0.9815 908.30 590.44 0.8327 1012.59 624.58 0.8949 924.54 606.82 0.6493 1008.19 652.52 0.7244 919.44 657.87 0.9867 964.46 662.12 0.9889 896.33 734.05 0.9691 937.49 738.18 0.9716 874.01 803.43 0.9344 914.57 812.95 0.9383
158 890.47 488.15 1035.30 845.57 0.8661 1013.36 523.44 0.2939 1011.52 515.46 0.1485 1011.18 517.24 0.2208 987.00 516.85 0.4737 1014.25 523.32 0.6784 960.29 551.28 0.9696 1015.88 564.35 0.9759 923.42 586.91 0.8390 1013.63 620.13 0.8773 931.39 596.79 0.6727 1008.60 644.97 0.7168 940.51 651.42 0.9850 975.89 655.02 0.9867 927.60 727.53 0.9705 945.52 731.14 0.9710 914.32 799.13 0.9417 921.16 807.06 0.9424
159 894.77 479.28 1044.41 813.74 0.8783 1004.57 513.42 0.1865 1005.41 505.65 0.1466 1005.00 506.80 0.0874 990.86 508.65 0.7094 1021.24 514.43 0.4693 967.61 542.26 0.9778 1031.35 556.52 0.9631 932.25 573.56 0.9074 1033.33 609.94 0.7695 923.37 569.15 0.7519 1015.02 619.36 0.5651 952.84 639.33 0.9890 996.50 643.57 0.9853 927.67 708.95 0.9807 980.89 713.79 0.9699 914.05 779.52 0.9640 972.61 786.86 0.9503
160 880.75 484.85 1054.51 809.97 0.8246 1003.63 512.26 0.3451 1007.66 505.61 0.3761 1007.84 506.45 0.1055 1014.92 509.52 0.7986 1038.48 512.47 0.2063 1005.01 542.73 0.9706 1046.83 546.97 0.9041 977.16 574.02 0.9096 1024.59 581.19 0.4858 965.92 566.16 0.7890 986.39 572.35 0.3816 981.75 638.33 0.9799 1014.43 637.71 0.9606 944.05 708.38 0.9736 996.64 710.21 0.9380 919.94 777.01 0.9553 987.63 779.03 0.9173
161 923.51 487.31 1057.37 811.11 0.7476 1016.57 512.91 0.3155 1019.58 507.07 0.2740 1019.02 507.42 0.1391 1028.05 510.35 0.4974 1038.03 510.85 0.1939 1027.77 539.91 0.9238 1040.06 539.16 0.8782 1016.72 571.52 0.8167 1031.88 569.34 0.6093 1008.27 560.79 0.7189 1018.40 559.36 0.5298 1005.98 627.45 0.9719 1015.70 625.13 0.9627 981.95 701.81 0.9732 992.65 701.31 0.9596 964.07 778.18 0.9570 974.93 777.47 0.9422
