54 0.00 186.48 166.11 1443.08 0.8287 19.42 427.60 0.0455 15.20 415.02 0.0130 14.18 418.16 0.0282 6.12 435.42 0.0220 19.19 439.02 0.0895 27.20 512.39 0.1436 34.07 511.73 0.2745 131.63 394.31 0.2600 113.27 391.24 0.5172 101.51 245.43 0.3369 91.08 245.34 0.5539 13.09 866.85 0.3497 10.21 866.15 0.4470 0.00 1072.57 0.0890 4.39 1090.41 0.1333 0.00 1226.69 0.0194 0.00 1251.24 0.0244
55 0.00 339.51 405.97 1165.95 0.8961 117.30 462.10 0.1459 103.50 452.36 0.0172 113.85 449.46 0.2331 32.25 466.61 0.0654 97.59 463.60 0.8510 0.00 544.52 0.6980 136.06 511.62 0.9647 18.06 595.99 0.3073 255.25 465.26 0.9559 98.64 566.25 0.2672 354.93 402.71 0.8700 53.86 755.75 0.9700 133.10 747.85 0.9919 104.56 925.37 0.9537 140.02 928.30 0.9886 59.89 1047.19 0.9043 38.05 1068.71 0.9588
56 2.02 376.69 426.13 1004.39 0.9130 252.91 459.53 0.5060 251.34 446.55 0.0959 252.86 447.41 0.5124 192.19 431.05 0.3189 238.11 442.20 0.9055 128.10 464.27 0.9745 226.26 506.10 0.9953 30.62 472.20 0.8473 252.07 608.93 0.9835 27.05 464.96 0.6965 318.36 698.45 0.9292 126.36 684.21 0.9928 199.99 696.27 0.9969 143.22 816.75 0.9842 296.12 801.07 0.9933 118.75 949.34 0.9516 345.47 925.61 0.9713
57 86.68 289.70 449.40 990.79 0.8879 409.11 514.89 0.5986 403.26 501.79 0.1796 407.73 507.78 0.4873 360.06 481.57 0.2502 388.87 501.16 0.7671 319.33 475.05 0.9857 346.04 557.27 0.9929 313.87 392.83 0.9550 287.92 638.41 0.9764 354.53 334.12 0.8989 217.12 687.54 0.9291 246.76 668.31 0.9982 285.65 692.70 0.9984 193.37 780.47 0.9960 324.72 776.19 0.9965 136.22 911.78 0.9838 346.82 875.32 0.9852
58 280.04 418.16 545.90 912.48 0.9062 512.68 489.20 0.5396 511.05 474.99 0.1045 513.30 478.52 0.5260 461.77 455.92 0.2170 495.62 471.20 0.8582 403.11 468.62 0.9637 476.57 524.39 0.9941 334.68 473.81 0.8859 481.51 627.69 0.9894 334.12 474.76 0.8396 513.80 700.83 0.9678 358.17 638.95 0.9943 399.49 656.35 0.9976 363.60 739.83 0.9864 390.93 763.95 0.9942 323.19 833.59 0.9564 343.30 869.52 0.9733
59 340.84 392.02 652.89 898.79 0.8242 560.06 461.23 0.6051 553.31 449.21 0.2478 555.37 451.29 0.3966 517.06 448.59 0.3889 544.27 453.43 0.7164 476.03 492.71 0.9861 559.49 485.19 0.9894 437.72 556.47 0.9691 605.86 465.99 0.9789 405.31 620.10 0.9399 628.43 418.95 0.9555 470.01 628.18 0.9982 509.30 631.00 0.9983 492.98 724.01 0.9958 474.52 756.85 0.9963 474.83 803.00 0.9842 387.33 845.67 0.9851
60 478.98 389.54 665.16 839.75 0.8340 618.37 457.69 0.2248 612.41 448.14 0.0616 615.36 450.04 0.1620 578.95 454.08 0.2232 616.90 457.74 0.6355 547.21 505.40 0.9310 629.70 487.62 0.9745 519.01 534.94 0.8314 647.95 459.53 0.9537 533.61 542.14 0.7287 620.90 410.41 0.8932 535.09 636.21 0.9909 595.69 628.95 0.9944 520.30 721.83 0.9835 609.23 708.81 0.9904 500.30 808.45 0.9566 612.16 789.40 0.9698
61 554.03 357.61 743.88 809.51 0.8862 686.50 452.69 0.3690 681.67 445.73 0.1237 686.70 445.93 0.2164 654.79 450.07 0.2677 683.20 448.54 0.5268 621.46 494.21 0.9584 697.88 471.87 0.9755 593.25 528.34 0.9362 716.21 436.29 0.9693 560.83 587.86 0.9034 704.28 383.69 0.9516 626.48 603.04 0.9944 672.10 596.26 0.9958 605.60 671.52 0.9852 653.59 690.46 0.9895 587.52 744.13 0.9475 623.51 778.57 0.9567
62 583.08 390.77 828.67 787.78 0.8807 727.69 453.86 0.4978 722.55 445.80 0.1630 726.07 447.39 0.3366 690.60 447.56 0.2961 715.40 451.18 0.6459 657.39 483.89 0.9715 724.30 472.96 0.9822 627.66 521.05 0.9440 772.14 455.18 0.9737 604.63 576.42 0.9069 810.89 413.77 0.9507 648.69 589.52 0.9942 683.02 586.23 0.9956 652.95 659.04 0.9845 684.47 674.71 0.9890 631.82 722.71 0.9485 645.77 748.51 0.9572
63 625.42 430.89 827.80 747.38 0.8696 767.72 474.19 0.8476 773.29 468.85 0.5835 764.98 465.62 0.8344 771.58 466.48 0.2544 751.61 457.37 0.7726 760.94 488.91 0.9778 717.27 478.46 0.9945 779.09 521.78 0.8836 670.27 514.34 0.9835 806.27 534.72 0.8621 658.29 556.02 0.9640 713.12 573.19 0.9942 685.87 568.22 0.9972 715.22 645.40 0.9867 684.96 641.17 0.9930 697.46 714.94 0.9714 657.67 712.31 0.9821
64 674.12 441.44 825.20 744.62 0.8576 809.15 479.97 0.8996 813.98 474.44 0.6312 805.13 471.44 0.9123 813.11 473.76 0.2126 787.67 465.05 0.8873 798.01 500.20 0.9759 754.12 488.04 0.9969 794.41 544.75 0.8093 713.53 527.24 0.9897 796.90 573.69 0.7801 699.41 573.82 0.9719 756.15 582.76 0.9901 727.98 577.59 0.9966 751.39 654.13 0.9718 721.54 649.83 0.9897 730.26 719.87 0.9378 697.74 718.04 0.9702
65 714.30 438.00 838.74 761.61 0.8522 814.10 476.17 0.9163 819.86 470.56 0.7674 809.42 468.17 0.8996 824.04 470.93 0.4091 795.10 463.34 0.8212 819.56 501.02 0.9853 767.59 489.93 0.9961 823.02 550.29 0.8924 736.26 531.73 0.9814 827.39 592.76 0.8529 731.08 579.11 0.9567 787.07 584.25 0.9922 755.16 579.66 0.9961 771.95 658.17 0.9779 749.57 654.68 0.9877 749.85 728.84 0.9501 735.09 726.79 0.9672
66 736.17 459.43 957.70 793.57 0.8460 838.32 498.18 0.9534 843.75 492.42 0.8594 831.84 491.15 0.9042 849.11 490.89 0.6314 816.27 488.85 0.7608 855.50 516.99 0.9887 795.37 517.90 0.9907 893.55 529.54 0.9575 760.44 550.35 0.9681 929.25 539.73 0.9296 757.51 586.04 0.9433 820.44 602.45 0.9907 785.37 600.22 0.9915 808.43 681.30 0.9724 784.76 676.44 0.9753 777.35 746.01 0.9176 761.52 739.55 0.9226
67 721.79 463.33 926.54 821.43 0.8888 893.86 502.77 0.9571 901.58 497.43 0.8301 888.11 494.31 0.9352 904.83 502.39 0.5197 867.79 493.08 0.8544 899.30 545.82 0.9814 834.65 519.38 0.9949 898.77 593.54 0.9207 780.19 509.75 0.9849 910.62 639.91 0.8839 747.91 493.23 0.9667 859.36 641.08 0.9894 815.88 629.52 0.9943 863.27 714.67 0.9684 799.28 696.53 0.9831 855.82 778.76 0.9144 786.24 758.82 0.9430
68 803.64 432.09 990.48 853.46 0.8601 946.51 523.06 0.9558 955.52 518.41 0.8436 940.48 515.44 0.9363 964.72 522.78 0.5719 929.34 513.15 0.8627 957.14 564.66 0.9776 915.33 530.76 0.9950 947.90 597.29 0.8955 901.75 487.59 0.9860 948.70 625.73 0.8611 936.86 454.70 0.9676 912.79 664.47 0.9897 881.54 651.28 0.9949 908.50 749.42 0.9732 876.44 740.63 0.9879 865.47 806.53 0.9294 837.04 805.03 0.9586
69 869.05 494.17 1032.58 927.26 0.8260 1000.60 558.94 0.9071 1008.27 554.56 0.7355 997.34 551.86 0.8247 1013.94 559.46 0.5389 989.09 550.26 0.7135 1004.03 601.83 0.9805 970.57 569.22 0.9907 1002.31 654.61 0.9394 942.55 534.31 0.9769 995.49 702.92 0.9133 951.75 497.98 0.9563 959.31 692.94 0.9927 938.94 682.48 0.9948 942.70 781.09 0.9823 941.41 787.04 0.9881 906.31 849.31 0.9491 919.14 869.35 0.9610
70 911.98 526.06 1115.74 970.08 0.8657 1096.36 599.46 0.9098 1102.14 593.37 0.6270 1092.41 588.67 0.9169 1102.45 593.44 0.1903 1075.85 578.25 0.8821 1079.23 626.55 0.9647 1044.50 595.12 0.9951 1067.21 640.31 0.7392 997.68 568.22 0.9857 1054.49 666.28 0.7491 1023.77 561.99 0.9707 1028.49 742.11 0.9900 996.81 729.31 0.9966 1048.98 830.92 0.9793 971.75 819.79 0.9926 1049.86 913.01 0.9540 920.86 902.60 0.9781
71 1001.86 483.74 1208.81 1010.52 0.8705 1180.42 634.36 0.9623 1189.50 628.58 0.8427 1173.75 624.37 0.9447 1195.38 627.39 0.5166 1156.97 615.09 0.8644 1179.33 673.32 0.9765 1138.75 628.95 0.9949 1167.02 732.34 0.8941 1112.49 573.91 0.9863 1176.39 796.21 0.8638 1136.30 521.80 0.9683 1126.95 784.13 0.9876 1098.86 767.73 0.9941 1110.69 880.35 0.9661 1090.04 874.42 0.9847 1047.10 949.47 0.9105 1035.79 952.93 0.9458
72 1006.08 621.53 1456.82 1114.10 0.9252 1279.59 676.07 0.9256 1285.27 668.76 0.5879 1272.12 667.75 0.9040 1284.68 663.98 0.2489 1243.98 661.72 0.8605 1281.83 692.11 0.9772 1206.77 703.92 0.9973 1353.05 685.65 0.9106 1122.11 738.43 0.9946 1406.49 662.47 0.8836 1051.95 758.47 0.9859 1231.88 827.33 0.9967 1194.33 832.34 0.9988 1195.91 921.12 0.9922 1202.18 953.96 0.9974 1107.53 971.47 0.9758 1160.20 1036.20 0.9876
73 1137.15 658.47 1412.57 1146.29 0.9120 1390.34 730.23 0.9342 1394.15 720.25 0.6515 1382.23 717.80 0.9362 1382.89 715.92 0.2331 1350.46 710.23 0.9009 1364.49 767.21 0.9404 1302.19 745.57 0.9957 1315.05 834.66 0.7788 1235.71 785.46 0.9902 1300.89 887.41 0.7574 1197.36 849.37 0.9748 1313.79 909.16 0.9861 1267.16 895.22 0.9960 1305.11 1011.74 0.9735 1214.17 980.50 0.9919 1294.36 1100.14 0.9491 1169.24 1065.52 0.9763
74 1236.71 709.54 1563.82 1223.11 0.9094 1537.69 781.41 0.8808 1542.83 772.14 0.4624 1531.99 769.59 0.9038 1528.12 768.39 0.1658 1498.21 761.85 0.9082 1486.88 814.94 0.9352 1449.12 806.22 0.9958 1433.50 881.20 0.7382 1353.22 864.15 0.9908 1384.03 941.51 0.6982 1311.92 940.02 0.9743 1412.04 962.42 0.9906 1388.70 958.45 0.9974 1386.23 1071.11 0.9805 1388.74 1086.37 0.9949 1295.72 1127.59 0.9550 1325.36 1163.03 0.9805
75 1327.76 768.81 1677.55 1402.34 0.9122 1651.98 846.72 0.8761 1660.02 835.90 0.4191 1644.40 836.31 0.8989 1650.46 827.67 0.1500 1606.34 825.89 0.9104 1611.42 868.97 0.9484 1567.62 889.84 0.9973 1645.42 952.94 0.7664 1542.41 999.95 0.9941 1636.16 1055.85 0.7301 1581.29 1102.08 0.9803 1538.58 1033.63 0.9958 1513.10 1049.08 0.9989 1486.41 1139.20 0.9923 1523.98 1213.39 0.9982 1376.53 1158.67 0.9834 1487.06 1276.58 0.9932
76 1454.55 822.84 1828.26 1426.22 0.9179 1794.27 919.06 0.9687 1801.16 907.43 0.7794 1785.98 904.11 0.9612 1793.09 894.94 0.2884 1743.78 886.88 0.9186 1772.03 940.74 0.9828 1677.00 938.93 0.9971 1781.60 1029.76 0.9236 1650.56 1055.69 0.9918 1792.32 1118.63 0.8925 1648.17 1167.78 0.9778 1663.40 1107.31 0.9947 1596.36 1099.69 0.9975 1654.15 1242.06 0.9837 1548.34 1227.45 0.9924 1630.17 1349.22 0.9436 1507.05 1333.82 0.9639
77 1498.48 885.58 1985.33 1477.43 0.8981 1908.00 995.15 0.9775 1927.93 987.50 0.8841 1902.57 973.91 0.9753 1940.21 984.59 0.4282 1874.07 949.56 0.9223 1911.17 1039.05 0.9621 1805.04 976.82 0.9970 1896.16 1101.69 0.8085 1673.88 968.16 0.9910 1888.59 1166.57 0.7720 1563.89 986.48 0.9752 1770.34 1194.97 0.9845 1699.01 1159.50 0.9950 1744.16 1337.36 0.9473 1631.86 1297.87 0.9838 1642.18 1415.57 0.8351 1537.56 1394.10 0.9200
78 1535.15 894.38 1986.07 1485.06 0.9249 1845.76 983.48 0.9784 1874.55 975.44 0.9614 1841.46 960.95 0.9143 1914.03 985.28 0.8675 1826.93 948.77 0.5564 1910.27 1075.11 0.9939 1773.58 1004.96 0.9852 1920.17 1209.87 0.9785 1692.93 1055.06 0.9268 1864.85 1317.49 0.9573 1644.07 1140.06 0.8882 1769.80 1260.73 0.9866 1681.66 1219.21 0.9781 1712.79 1404.04 0.9146 1613.33 1357.49 0.8675 1653.23 1464.63 0.6385 1587.95 1430.29 0.5609
79 1464.58 869.64 1923.58 1484.18 0.9262 1780.47 953.26 0.9785 1809.28 943.53 0.9560 1772.02 932.90 0.9368 1844.38 960.34 0.8273 1751.58 933.09 0.6701 1849.57 1060.60 0.9868 1690.91 1014.66 0.9841 1881.09 1182.21 0.9456 1604.62 1084.51 0.9148 1827.50 1267.29 0.9082 1518.79 1160.77 0.8597 1701.49 1294.17 0.9389 1604.73 1261.29 0.9266 1624.28 1469.68 0.5739 1549.09 1425.82 0.5185 1576.37 1500.00 0.1476 1564.15 1485.18 0.1291
80 1323.03 897.67 1870.57 1480.08 0.8835 1716.27 983.54 0.9830 1747.38 974.24 0.9620 1707.06 960.87 0.9575 1785.00 998.64 0.8108 1684.97 966.10 0.7311 1798.89 1114.11 0.9839 1617.51 1056.34 0.9879 1793.26 1256.37 0.9163 1504.42 1143.46 0.9394 1739.66 1365.44 0.8327 1377.49 1217.18 0.8706 1647.78 1378.68 0.8974 1525.69 1335.81 0.9084 1598.56 1500.00 0.2799 1419.05 1436.62 0.3050 1560.92 1500.00 0.0517 1407.97 1463.31 0.0561
81 1289.62 934.47 1776.26 1492.23 0.8894 1614.39 1028.76 0.9697 1651.72 1020.07 0.9678 1609.55 1002.04 0.8589 1699.41 1054.43 0.9080 1594.94 1010.00 0.3694 1701.74 1217.88 0.9897 1518.16 1108.37 0.9292 1675.48 1426.28 0.9474 1413.42 1211.62 0.5558 1596.71 1366.95 0.9039 1395.99 1261.12 0.5110 1489.04 1456.24 0.7269 1383.27 1391.37 0.4864 1345.39 1500.00 0.1872 1315.36 1433.90 0.0714 1316.49 1500.00 0.0355 1387.76 1418.50 0.0172
82 989.73 959.58 1631.74 1491.96 0.9073 1556.40 1106.36 0.3280 1545.69 1070.47 0.1367 1559.68 1091.92 0.1576 1456.87 1051.05 0.6737 1565.71 1106.55 0.6758 1342.77 1115.62 0.9823 1561.19 1267.08 0.9280 1191.89 1247.55 0.9391 1593.26 1500.00 0.5190 1078.00 1386.73 0.8071 1584.81 1458.66 0.3285 1229.05 1430.03 0.6917 1368.24 1482.73 0.4302 1163.36 1407.37 0.1713 1334.26 1466.34 0.0564 1140.36 1450.06 0.0318 1301.76 1451.62 0.0129
83 786.76 1057.51 1535.18 1500.00 0.9211 1199.55 1281.75 0.9713 1258.25 1262.74 0.9627 1201.37 1229.70 0.9274 1365.84 1276.87 0.7983 1192.16 1195.32 0.4613 1414.13 1389.03 0.8998 1111.54 1273.47 0.9435 1504.28 1500.00 0.4695 889.82 1321.83 0.7319 1480.61 1500.00 0.5273 886.51 1268.78 0.7160 1283.52 1500.00 0.1934 1105.63 1459.41 0.2655 1228.14 1474.58 0.0309 1057.53 1405.60 0.0503 1040.75 1349.19 0.0150 1077.24 1304.05 0.0214
84 777.90 1175.85 1147.70 1500.00 0.3815 811.57 1456.39 0.5129 857.04 1428.36 0.8372 814.02 1421.70 0.1913 987.28 1449.43 0.8082 859.67 1433.09 0.0285 1070.81 1500.00 0.0741 848.61 1500.00 0.0758 1056.49 1500.00 0.0174 797.32 1500.00 0.0156 975.64 1500.00 0.0268 840.86 1494.49 0.0280 1032.23 1500.00 0.0044 888.03 1500.00 0.0062 999.02 1500.00 0.0021 890.85 1500.00 0.0025 990.85 1477.09 0.0081 962.64 1427.30 0.0090
126 0.00 178.66 143.40 1297.12 0.5613 30.86 268.14 0.0083 31.57 252.81 0.0044 36.54 252.63 0.0035 22.37 259.47 0.0168 38.59 259.27 0.0094 22.66 343.89 0.0867 8.98 338.65 0.0239 15.89 430.72 0.2813 4.36 421.07 0.0590 50.55 350.41 0.3503 52.61 335.36 0.1224 9.42 673.58 0.2098 0.00 675.56 0.1100 14.99 894.14 0.1895 16.25 902.76 0.0952 47.88 1167.69 0.0635 39.16 1177.87 0.0361
127 18.60 446.89 335.14 1256.43 0.8912 310.07 560.63 0.7768 307.13 543.34 0.1808 306.05 541.01 0.8419 245.54 523.73 0.0891 255.34 526.81 0.9238 198.32 592.80 0.9077 181.14 612.34 0.9918 147.69 752.61 0.6640 106.20 790.30 0.9833 179.06 888.59 0.6313 137.90 947.24 0.9542 153.13 867.12 0.9758 139.99 876.87 0.9925 193.70 1015.88 0.9499 155.54 1037.21 0.9834 137.95 1162.75 0.8642 66.37 1197.38 0.9244
128 138.53 503.88 581.31 1197.43 0.9105 560.71 585.68 0.4977 555.70 573.03 0.0432 559.52 573.16 0.5703 498.73 569.09 0.0534 525.34 576.94 0.8954 461.33 629.01 0.9401 464.59 668.23 0.9979 463.78 728.92 0.7790 396.33 823.69 0.9969 498.17 820.12 0.7197 409.39 945.77 0.9851 405.31 853.21 0.9967 433.36 869.36 0.9993 354.97 985.97 0.9921 505.49 1026.25 0.9984 215.58 1088.75 0.9705 463.59 1154.54 0.9881
129 430.41 530.78 861.06 1196.03 0.9143 738.96 607.67 0.6265 735.31 588.49 0.1590 742.21 594.38 0.5291 674.75 582.80 0.3240 725.72 600.40 0.8318 604.98 642.21 0.9887 707.55 692.24 0.9950 548.12 731.72 0.9685 732.49 805.74 0.9901 529.88 807.49 0.9329 810.63 865.78 0.9676 585.70 833.00 0.9992 628.37 860.71 0.9994 654.61 945.35 0.9974 574.00 1025.07 0.9982 691.46 1041.36 0.9882 465.05 1156.10 0.9896
130 674.93 533.89 906.69 1121.38 0.9195 890.30 605.07 0.4086 884.33 591.40 0.0769 892.12 593.77 0.3910 825.13 586.81 0.1691 874.96 598.30 0.7754 788.96 642.01 0.9321 843.54 666.88 0.9860 739.23 744.16 0.7901 788.32 772.35 0.9714 732.05 845.09 0.7090 779.94 856.41 0.9246 762.77 831.42 0.9875 806.27 840.27 0.9943 742.85 931.01 0.9788 821.34 954.74 0.9902 696.79 1037.67 0.9500 776.58 1073.58 0.9676
131 733.80 555.13 1036.05 1073.92 0.9099 1022.30 619.80 0.3365 1018.45 607.69 0.0512 1024.38 610.50 0.3479 967.64 602.83 0.1323 1012.65 614.60 0.7830 924.34 645.43 0.9054 987.13 676.63 0.9906 878.95 722.55 0.7426 953.03 782.23 0.9855 882.49 810.59 0.6838 958.48 871.77 0.9545 880.75 811.23 0.9896 930.27 821.73 0.9967 846.07 908.69 0.9805 935.49 940.97 0.9937 775.13 991.13 0.9543 888.33 1046.41 0.9762
132 863.02 564.91 1176.68 1067.57 0.9162 1096.97 621.27 0.4520 1091.12 609.50 0.1430 1097.35 612.98 0.3067 1051.98 608.97 0.3251 1090.32 619.82 0.6550 1010.62 651.24 0.9766 1085.82 678.18 0.9849 944.71 708.10 0.9498 1107.83 756.88 0.9717 899.24 775.58 0.9042 1151.26 777.44 0.9398 984.56 792.84 0.9965 1023.66 801.80 0.9971 982.34 889.73 0.9901 1002.63 916.01 0.9922 932.19 977.32 0.9621 917.73 1009.50 0.9660
133 976.78 570.38 1197.52 996.67 0.8764 1172.71 633.58 0.6020 1167.38 620.30 0.1632 1168.81 623.44 0.6554 1122.90 607.02 0.1925 1150.32 620.02 0.8827 1080.95 643.37 0.9290 1131.75 661.63 0.9911 1033.56 715.12 0.6799 1118.55 743.53 0.9743 1050.40 744.53 0.5791 1140.65 764.92 0.9205 1043.55 781.86 0.9822 1086.88 787.86 0.9933 1050.68 857.34 0.9761 1152.74 854.19 0.9911 998.37 949.60 0.9597 1141.18 941.24 0.9782
134 990.62 617.88 1346.76 987.88 0.8357 1284.53 672.43 0.5163 1276.77 661.27 0.1170 1281.42 663.85 0.5154 1237.82 649.24 0.1828 1270.51 659.05 0.8521 1209.35 673.80 0.9602 1248.66 689.63 0.9937 1214.19 715.28 0.8260 1269.58 757.28 0.9848 1290.67 711.67 0.7075 1302.33 726.27 0.9417 1130.17 791.36 0.9910 1175.20 790.38 0.9960 1109.88 842.84 0.9798 1247.32 807.42 0.9916 1024.72 931.82 0.9475 1241.04 865.69 0.9700
135 1177.95 516.52 1443.45 895.80 0.8847 1420.85 569.14 0.8849 1425.18 561.99 0.5125 1419.01 559.67 0.8952 1409.01 558.48 0.2832 1399.27 551.79 0.9158 1369.52 595.54 0.9635 1360.38 582.24 0.9963 1361.87 654.75 0.8234 1315.31 629.92 0.9908 1383.59 710.08 0.7756 1322.73 687.41 0.9734 1279.06 686.47 0.9911 1277.59 680.55 0.9969 1272.84 778.59 0.9801 1299.30 786.90 0.9937 1204.75 834.15 0.9497 1251.23 859.86 0.9756
136 1211.37 478.17 1467.51 926.76 0.9043 1426.21 536.42 0.9706 1437.15 529.29 0.9006 1419.65 525.05 0.9417 1449.90 529.83 0.6814 1404.49 519.07 0.8337 1445.01 581.01 0.9920 1373.71 554.77 0.9962 1429.45 649.48 0.9627 1312.02 594.60 0.9858 1410.31 711.45 0.9288 1271.04 653.39 0.9664 1376.51 701.05 0.9967 1327.07 684.61 0.9976 1373.45 799.78 0.9896 1294.19 776.33 0.9930 1341.67 881.71 0.9648 1246.94 860.72 0.9731
137 1251.47 498.26 1502.82 956.88 0.9085 1414.08 549.94 0.9643 1426.76 541.96 0.9436 1409.19 538.69 0.8468 1452.77 542.90 0.8688 1408.24 535.68 0.4983 1469.14 599.05 0.9955 1393.16 581.15 0.9859 1474.19 685.37 0.9871 1354.85 637.38 0.9365 1446.91 756.03 0.9743 1329.58 685.64 0.9127 1412.18 728.63 0.9955 1363.33 713.90 0.9918 1377.07 821.11 0.9860 1313.59 801.48 0.9750 1353.92 911.29 0.9488 1285.84 889.28 0.9281
138 1186.65 565.28 1475.46 1036.78 0.8988 1336.81 617.15 0.9575 1349.89 608.43 0.9440 1333.75 606.55 0.7654 1378.60 614.15 0.9048 1340.07 608.44 0.3697 1408.59 673.35 0.9976 1332.17 649.34 0.9825 1458.76 731.42 0.9942 1282.25 658.74 0.9209 1403.50 696.80 0.9865 1256.43 644.82 0.9022 1363.41 818.47 0.9981 1310.77 804.57 0.9948 1340.20 904.64 0.9942 1263.71 910.07 0.9853 1336.23 974.28 0.9729 1238.13 995.70 0.9524
139 1026.06 618.60 1307.19 1115.71 0.9100 1202.06 662.78 0.9602 1218.06 657.98 0.9456 1198.12 652.15 0.7705 1249.20 669.05 0.9237 1200.50 654.96 0.4172 1263.72 733.93 0.9986 1197.51 716.44 0.9884 1283.84 813.77 0.9950 1175.05 784.18 0.9210 1275.18 886.70 0.9828 1158.09 836.57 0.8709 1225.56 877.97 0.9987 1194.34 864.10 0.9961 1142.25 974.80 0.9957 1175.30 956.51 0.9880 1092.22 1071.28 0.9785 1200.73 1050.07 0.9596
140 898.64 581.30 1175.51 1137.72 0.9118 1080.39 628.52 0.9541 1097.00 623.18 0.9551 1080.54 615.00 0.6934 1126.94 643.37 0.9384 1089.07 623.37 0.2830 1137.53 727.10 0.9981 1071.49 698.36 0.9724 1129.57 830.13 0.9961 1046.99 783.73 0.8459 1069.63 899.31 0.9893 1007.52 869.04 0.8343 1075.90 889.92 0.9976 1031.33 868.33 0.9903 1038.35 988.98 0.9923 968.57 952.75 0.9701 1048.75 1096.95 0.9665 970.01 1052.43 0.9237
141 701.27 560.09 1004.24 1134.91 0.9030 897.87 596.44 0.9129 914.01 588.55 0.9262 902.03 583.03 0.4897 949.19 616.51 0.9353 927.47 598.12 0.2398 938.49 709.90 0.9977 919.50 672.70 0.9656 904.15 819.26 0.9956 886.41 750.59 0.8014 814.10 816.83 0.9871 821.35 808.72 0.7882 886.00 873.77 0.9983 860.32 856.20 0.9924 885.86 986.62 0.9959 784.90 980.47 0.9829 961.82 1074.47 0.9809 796.79 1082.10 0.9549
142 469.83 516.90 832.77 1124.87 0.9051 712.24 577.10 0.4973 719.15 570.79 0.4177 719.24 567.21 0.0747 745.30 588.78 0.7697 754.38 576.86 0.1046 764.20 667.37 0.9969 742.94 648.33 0.9726 802.53 770.56 0.9958 682.42 716.84 0.9065 812.55 863.70 0.9845 596.02 713.36 0.8580 710.68 849.02 0.9993 723.41 838.10 0.9977 624.53 958.37 0.9978 743.24 956.21 0.9934 555.85 1076.36 0.9842 777.89 1074.21 0.9696
143 298.73 468.91 633.62 1124.25 0.9155 508.99 524.93 0.6678 513.51 513.35 0.6870 518.92 513.01 0.1490 538.33 528.70 0.9159 573.22 522.93 0.1941 543.81 615.11 0.9977 596.78 604.88 0.9657 475.71 719.73 0.9953 618.45 721.97 0.8229 373.99 794.21 0.9792 599.03 790.79 0.7507 517.54 807.78 0.9987 544.44 795.55 0.9950 483.29 936.21 0.9952 484.18 914.85 0.9832 517.70 1074.24 0.9720 479.68 1037.70 0.9407
144 165.96 420.76 467.71 1111.59 0.9080 276.29 483.91 0.8131 282.14 469.22 0.8484 288.74 468.55 0.2478 316.61 480.72 0.9519 357.18 470.89 0.2567 320.13 576.31 0.9973 400.43 553.09 0.9725 275.78 704.64 0.9940 434.73 670.41 0.8366 208.90 767.82 0.9806 400.55 765.01 0.7943 327.10 775.67 0.9977 366.74 763.68 0.9923 314.02 908.09 0.9942 269.91 893.98 0.9816 418.91 1025.98 0.9732 281.68 1002.93 0.9487
145 0.09 371.96 313.50 1025.04 0.8964 19.42 451.12 0.6615 23.26 437.84 0.6826 31.46 441.09 0.1369 58.26 436.61 0.8922 92.47 439.31 0.1029 113.54 512.81 0.9958 117.89 513.21 0.9336 188.78 636.05 0.9898 75.35 603.76 0.6959 230.32 753.29 0.9575 10.89 611.92 0.5875 122.23 740.46 0.9924 157.13 739.04 0.9707 24.77 859.39 0.9650 191.52 859.59 0.8827 15.76 977.92 0.7892 269.60 959.49 0.6273
