37 0.00 54.99 441.42 1457.53 0.5830 90.21 201.76 0.1562 96.08 173.68 0.1152 76.44 169.88 0.0386 102.95 185.98 0.1090 56.28 173.77 0.0293 166.16 376.58 0.7270 47.95 344.03 0.0965 367.52 569.28 0.8459 188.38 495.16 0.0927 385.08 522.57 0.7957 291.59 459.60 0.1833 145.62 894.09 0.7035 60.03 888.35 0.2995 247.78 1160.21 0.3035 127.03 1172.03 0.0891 283.80 1332.50 0.0587 115.88 1348.52 0.0211
38 0.00 0.78 490.90 1466.13 0.9241 288.95 88.69 0.9668 347.30 71.39 0.9860 264.49 42.76 0.7958 402.96 130.06 0.9587 207.65 61.63 0.1773 421.78 343.29 0.9948 70.50 254.20 0.6391 403.19 569.82 0.9838 0.00 440.74 0.0880 136.85 488.51 0.9537 93.00 494.27 0.1529 282.33 848.91 0.9841 56.92 810.37 0.8487 274.12 1249.92 0.8915 77.22 1218.02 0.4382 186.80 1500.00 0.3562 130.55 1500.00 0.1017
39 0.00 0.00 489.58 1472.80 0.9386 237.02 56.50 0.7972 253.88 29.35 0.7596 208.14 27.29 0.5089 260.93 55.44 0.4045 137.57 52.27 0.1385 348.68 276.31 0.9624 40.48 258.19 0.5239 430.98 587.48 0.9478 0.00 536.37 0.2081 220.10 690.25 0.9134 46.64 665.02 0.3424 235.06 851.45 0.9600 39.90 833.64 0.8098 196.01 1212.47 0.8395 34.15 1185.36 0.4990 154.01 1431.23 0.4027 44.09 1388.40 0.1740
40 0.00 21.04 432.83 1467.54 0.9327 141.15 67.15 0.0635 151.34 36.13 0.0866 121.93 33.15 0.0070 165.49 33.42 0.1706 84.28 30.38 0.0044 270.66 228.15 0.8580 0.00 227.74 0.0429 379.22 549.85 0.9468 0.00 554.60 0.0253 397.59 812.45 0.8865 54.76 790.74 0.0616 196.95 837.87 0.9581 23.25 832.20 0.6539 170.96 1220.91 0.8438 30.69 1192.86 0.3251 140.79 1465.07 0.3700 24.23 1399.71 0.1040
41 0.00 15.41 387.49 1464.57 0.9289 73.63 53.77 0.0337 86.08 19.77 0.0695 56.86 19.67 0.0023 121.32 11.35 0.2279 41.49 15.44 0.0013 238.82 205.68 0.8472 0.00 204.52 0.0180 330.08 544.48 0.9597 0.00 536.99 0.0128 319.55 800.67 0.9137 19.20 788.85 0.0403 165.68 821.19 0.9567 0.00 814.19 0.5651 165.03 1194.09 0.8642 29.05 1164.80 0.2931 144.65 1448.78 0.4107 23.30 1386.82 0.1033
42 0.00 26.90 441.22 1471.41 0.9178 137.97 69.31 0.0574 159.28 33.12 0.0833 114.16 31.25 0.0051 199.62 21.57 0.1602 74.72 22.17 0.0020 289.93 203.29 0.8132 0.00 213.72 0.0250 335.53 537.39 0.9621 0.00 567.63 0.0261 373.72 814.65 0.9232 40.45 839.68 0.0730 232.04 851.17 0.9529 14.68 860.44 0.6050 313.87 1318.72 0.6502 53.65 1309.12 0.1276 330.18 1500.00 0.0952 47.37 1500.00 0.0187
43 0.00 13.93 809.45 1468.29 0.8796 418.56 105.70 0.0004 417.62 80.10 0.0001 399.28 72.16 0.0002 397.09 16.01 0.0003 323.51 0.00 0.0021 462.31 61.19 0.0226 233.11 51.46 0.0234 590.47 263.17 0.3498 427.21 226.56 0.4032 697.28 380.73 0.4446 655.34 290.94 0.4836 479.98 771.88 0.9400 308.11 780.67 0.9339 472.77 1395.23 0.5011 318.13 1411.94 0.5038 435.41 1500.00 0.0637 286.54 1500.00 0.0581
44 506.22 24.41 1211.76 1484.04 0.7835 727.41 110.30 0.0001 698.02 80.19 0.0001 767.21 87.73 0.0000 700.83 0.00 0.0134 914.14 0.00 0.0007 763.09 0.00 0.1073 928.15 16.24 0.0477 679.23 215.87 0.4539 821.35 236.68 0.1746 614.06 161.98 0.2532 661.59 92.16 0.1260 747.25 791.83 0.9361 881.79 795.57 0.9074 685.97 1383.78 0.6225 1003.91 1388.53 0.5646 583.66 1500.00 0.0942 968.50 1500.00 0.0836
45 369.94 6.66 1754.25 1466.03 0.8361 1174.29 61.76 0.0029 1169.12 23.49 0.0066 1224.41 34.40 0.0001 1231.02 0.00 0.8077 1427.79 15.78 0.0036 1190.33 121.00 0.8780 1521.41 161.35 0.3973 728.14 130.19 0.9504 1427.91 306.99 0.2355 446.04 59.37 0.8270 1277.64 353.19 0.2301 1241.83 812.12 0.9859 1433.32 815.33 0.9571 1186.50 1374.48 0.7981 1364.93 1365.82 0.5651 1250.02 1500.00 0.0940 1302.19 1500.00 0.0529
46 643.48 8.60 2005.96 1469.27 0.8640 1409.70 154.73 0.2124 1401.49 129.90 0.0870 1406.37 133.50 0.0449 1320.69 151.73 0.9464 1457.58 163.35 0.9035 1204.32 307.31 0.9985 1577.32 318.55 0.9951 931.64 259.69 0.9920 1837.45 222.87 0.9612 728.83 196.47 0.9489 1915.54 108.15 0.8611 1264.15 817.46 0.9993 1481.46 825.37 0.9987 1299.64 1161.26 0.9914 1491.97 1167.86 0.9869 1341.42 1413.48 0.8197 1462.61 1412.69 0.7794
47 1207.93 250.97 1611.50 1481.26 0.9196 1459.82 374.47 0.1915 1452.31 348.79 0.0660 1468.40 348.98 0.0454 1389.15 338.95 0.7870 1516.86 343.42 0.6486 1347.39 450.45 0.9962 1549.92 452.88 0.9905 1282.95 624.03 0.9876 1563.03 643.96 0.9562 1247.31 800.00 0.9538 1547.06 837.22 0.8900 1346.22 815.45 0.9991 1484.10 807.61 0.9986 1352.49 1122.69 0.9967 1505.40 1079.37 0.9952 1392.38 1407.99 0.9613 1500.85 1325.32 0.9530
48 1279.52 341.05 1620.53 1367.29 0.9267 1402.58 430.88 0.3555 1402.98 410.51 0.2333 1411.98 414.13 0.0564 1407.95 405.81 0.8560 1482.57 408.96 0.3936 1384.00 497.72 0.9966 1547.04 504.32 0.9916 1351.53 649.05 0.9910 1585.87 668.40 0.9622 1311.61 785.27 0.9722 1546.14 806.40 0.9257 1401.60 794.72 0.9996 1514.51 801.54 0.9994 1359.57 1001.71 0.9993 1500.46 1044.64 0.9990 1364.99 1218.05 0.9948 1504.62 1282.68 0.9937
49 973.24 423.10 1808.89 1251.32 0.9246 1342.15 496.48 0.2601 1342.53 483.36 0.1565 1352.81 485.25 0.0429 1347.42 488.52 0.8135 1417.30 489.10 0.3317 1328.36 553.86 0.9957 1472.91 556.17 0.9869 1189.35 571.73 0.9918 1606.44 581.26 0.9627 1042.95 574.28 0.9701 1725.25 593.85 0.9152 1351.67 810.21 0.9995 1430.64 811.72 0.9991 1348.03 979.63 0.9986 1453.62 980.56 0.9979 1369.04 1144.31 0.9902 1468.36 1144.10 0.9881
50 1151.21 336.68 1547.30 1208.29 0.9102 1307.22 523.42 0.3214 1310.18 513.68 0.1608 1313.18 515.52 0.0731 1313.03 525.31 0.6928 1356.94 528.97 0.2959 1298.17 574.88 0.9929 1403.18 582.30 0.9842 1221.58 495.82 0.9900 1467.78 521.78 0.9723 1197.22 420.41 0.9732 1502.37 447.39 0.9455 1330.54 798.05 0.9996 1385.61 798.44 0.9994 1332.18 971.19 0.9987 1358.04 964.27 0.9984 1356.77 1128.85 0.9916 1355.82 1121.95 0.9906
51 1211.11 440.83 1417.96 1127.83 0.8842 1298.90 540.72 0.1367 1303.54 534.94 0.0872 1310.42 535.37 0.0375 1297.76 550.75 0.5406 1348.61 552.54 0.1239 1276.22 588.55 0.9557 1377.71 594.35 0.8548 1254.13 514.35 0.9358 1359.42 518.23 0.7493 1304.19 471.45 0.8583 1372.24 485.69 0.6379 1295.08 773.12 0.9962 1362.44 776.18 0.9931 1273.46 914.90 0.9963 1345.50 938.22 0.9938 1265.49 1053.65 0.9894 1335.64 1097.11 0.9855
52 1201.16 520.00 1348.40 1074.86 0.8370 1253.01 588.18 0.1630 1256.09 577.14 0.1505 1260.01 579.02 0.0573 1257.96 579.11 0.5817 1298.39 583.31 0.1585 1243.76 619.14 0.9249 1321.02 618.36 0.7714 1209.39 593.18 0.8485 1292.96 587.99 0.5030 1241.50 541.03 0.6828 1260.81 535.41 0.3817 1243.49 787.99 0.9868 1297.41 786.29 0.9750 1241.86 912.21 0.9886 1297.04 904.92 0.9802 1263.99 1025.98 0.9797 1315.44 1015.22 0.9720
53 1131.32 568.71 1357.24 1069.07 0.8925 1233.61 619.32 0.1371 1235.59 608.61 0.1406 1237.79 609.80 0.0425 1234.22 612.45 0.8583 1282.75 612.88 0.4464 1210.13 658.39 0.9905 1306.14 656.27 0.9853 1154.52 641.62 0.9708 1340.82 630.56 0.9101 1162.80 610.86 0.8999 1309.74 583.36 0.7770 1222.71 802.32 0.9971 1280.45 801.99 0.9964 1234.01 909.01 0.9929 1266.43 910.05 0.9890 1251.98 1013.77 0.9722 1265.93 1013.47 0.9617
54 1121.51 512.83 1307.39 1029.83 0.8596 1198.57 630.78 0.4048 1198.37 622.06 0.2318 1201.47 622.70 0.1250 1206.21 625.94 0.5726 1235.75 621.21 0.3251 1200.98 676.75 0.9832 1275.44 636.29 0.9822 1181.00 740.15 0.9727 1278.08 588.68 0.9690 1151.79 785.04 0.9465 1254.55 534.96 0.9457 1227.08 785.11 0.9980 1278.68 775.33 0.9980 1186.50 870.76 0.9961 1269.64 890.06 0.9964 1162.42 960.33 0.9847 1258.26 997.35 0.9864
55 1098.45 549.44 1276.21 1022.43 0.8414 1143.03 671.70 0.5304 1143.25 664.34 0.3401 1144.08 664.65 0.2163 1147.47 665.42 0.6137 1171.33 660.49 0.3991 1147.09 707.34 0.9838 1207.01 671.81 0.9796 1139.53 770.33 0.9690 1242.84 634.60 0.9569 1117.12 814.80 0.9383 1239.70 591.07 0.9252 1177.68 813.45 0.9955 1219.34 805.58 0.9950 1158.62 873.00 0.9898 1230.98 879.90 0.9897 1160.31 955.71 0.9671 1252.74 970.38 0.9687
56 984.39 627.73 1306.50 987.92 0.8829 1146.17 655.85 0.3951 1145.36 648.91 0.2349 1148.18 648.15 0.1417 1138.09 650.49 0.6460 1168.48 649.32 0.3843 1130.85 684.66 0.9901 1185.62 681.63 0.9783 1064.24 702.50 0.9814 1231.75 710.68 0.9462 1019.38 711.58 0.9518 1278.80 737.70 0.9016 1155.19 795.85 0.9978 1190.95 792.58 0.9967 1150.98 873.02 0.9944 1219.35 847.82 0.9922 1154.83 951.42 0.9797 1249.56 910.99 0.9760
57 1105.00 587.97 1223.11 967.54 0.8129 1209.77 680.85 0.3651 1211.03 675.45 0.1832 1212.01 676.10 0.2743 1200.56 671.72 0.3749 1215.05 678.62 0.5978 1178.47 688.24 0.9709 1209.51 707.61 0.9875 1116.55 677.57 0.8901 1190.15 737.44 0.9585 1090.75 651.69 0.8219 1159.48 759.64 0.9085 1150.57 782.48 0.9932 1169.01 788.20 0.9956 1147.20 857.11 0.9855 1165.54 861.60 0.9895 1153.95 928.18 0.9663 1164.81 936.06 0.9737
58 1062.40 644.21 1283.25 958.35 0.8716 1227.89 677.19 0.2624 1223.43 670.20 0.0855 1226.69 671.04 0.2732 1195.77 664.68 0.3971 1215.20 671.85 0.8607 1168.47 683.52 0.9865 1220.02 702.25 0.9966 1110.16 698.94 0.9231 1234.61 757.28 0.9891 1093.07 694.89 0.8373 1258.21 793.65 0.9558 1153.49 774.96 0.9963 1183.64 779.98 0.9983 1148.97 854.69 0.9850 1177.90 857.72 0.9922 1149.08 927.20 0.9574 1168.33 935.02 0.9735
59 1130.95 618.08 1270.47 959.27 0.8192 1190.57 673.13 0.1432 1187.76 667.05 0.0957 1188.97 667.86 0.0841 1176.67 672.94 0.5504 1201.80 670.32 0.5087 1161.92 707.41 0.9807 1213.46 691.95 0.9862 1144.01 750.17 0.9472 1257.75 685.16 0.9556 1133.49 779.43 0.8802 1247.88 653.01 0.8830 1177.41 786.00 0.9951 1207.65 781.28 0.9960 1181.23 852.98 0.9839 1194.60 850.65 0.9846 1185.90 919.40 0.9557 1186.03 918.01 0.9566
60 1135.08 647.13 1232.57 937.80 0.8055 1188.77 675.26 0.2447 1189.34 668.60 0.2381 1189.50 669.01 0.0955 1186.22 672.06 0.7015 1208.98 672.59 0.2829 1174.37 703.85 0.9731 1220.01 704.45 0.9320 1153.47 745.53 0.9198 1221.59 746.50 0.6496 1147.91 782.54 0.8019 1213.89 777.05 0.5035 1180.01 785.77 0.9881 1210.15 786.15 0.9796 1181.05 849.40 0.9834 1203.51 850.64 0.9679 1188.97 911.08 0.9734 1207.07 911.67 0.9568
61 1147.60 646.23 1238.26 926.88 0.8197 1195.16 676.50 0.2501 1195.25 670.01 0.2195 1194.93 670.51 0.1118 1191.73 673.28 0.6589 1211.22 673.47 0.3414 1181.76 704.42 0.9708 1222.87 701.98 0.9461 1166.68 748.26 0.9059 1231.01 735.78 0.7324 1158.56 786.28 0.7843 1222.06 756.61 0.5799 1187.10 782.89 0.9877 1214.95 782.13 0.9823 1180.38 842.53 0.9811 1207.17 842.89 0.9693 1184.02 899.28 0.9700 1210.28 899.11 0.9569
62 1138.25 650.35 1241.30 920.18 0.7187 1195.09 693.82 0.1871 1193.37 687.90 0.0991 1193.69 689.20 0.1258 1179.44 688.75 0.4352 1198.34 689.27 0.5438 1163.77 713.08 0.9675 1202.49 705.53 0.9806 1145.09 748.66 0.8810 1227.31 701.93 0.9295 1136.71 776.51 0.7799 1223.41 677.78 0.8301 1174.63 781.95 0.9919 1199.68 780.92 0.9936 1169.33 838.70 0.9834 1198.83 838.46 0.9852 1170.45 891.65 0.9655 1203.53 892.20 0.9680
63 1130.83 677.88 1296.79 914.33 0.6624 1213.60 700.19 0.7485 1214.85 695.77 0.4698 1210.75 695.36 0.7308 1210.57 696.79 0.2429 1200.19 695.40 0.7128 1210.06 714.09 0.9665 1179.32 718.68 0.9879 1240.03 720.76 0.8669 1150.24 750.33 0.9687 1271.14 709.90 0.8445 1148.95 783.78 0.9408 1193.21 785.54 0.9888 1176.29 787.49 0.9935 1198.94 840.51 0.9720 1186.90 842.01 0.9830 1193.89 891.74 0.9405 1184.54 895.71 0.9587
64 1160.18 679.40 1241.16 912.98 0.3780 1230.32 705.82 0.8074 1231.91 700.68 0.4884 1227.02 700.32 0.8339 1226.24 700.49 0.1996 1214.08 698.78 0.8424 1216.99 723.68 0.9367 1196.84 721.80 0.9884 1210.76 758.37 0.5839 1174.55 755.25 0.9575 1215.94 787.32 0.5445 1174.79 790.03 0.9038 1207.08 787.09 0.9621 1195.07 787.50 0.9851 1210.74 839.91 0.9289 1200.16 840.18 0.9708 1200.36 888.06 0.8975 1188.67 890.29 0.9459
65 1163.01 677.63 1252.88 910.98 0.5291 1231.32 701.07 0.8957 1234.10 696.62 0.7244 1227.15 695.89 0.8858 1235.20 698.69 0.3907 1215.22 695.64 0.8332 1233.59 724.06 0.9779 1197.86 719.64 0.9937 1236.31 758.05 0.8316 1178.10 751.99 0.9699 1246.13 787.41 0.7775 1176.16 784.44 0.9324 1220.51 786.18 0.9827 1198.83 784.86 0.9912 1218.87 839.45 0.9536 1198.16 838.19 0.9747 1211.74 886.61 0.9088 1192.24 886.60 0.9410
66 1192.21 678.22 1353.32 911.16 0.6133 1261.08 702.08 0.9107 1264.73 697.20 0.7957 1255.85 696.90 0.8830 1268.79 698.59 0.5158 1245.98 697.40 0.7887 1271.46 720.16 0.9866 1234.03 721.88 0.9938 1303.83 731.59 0.9175 1210.29 750.07 0.9690 1327.04 724.11 0.8904 1208.16 773.16 0.9417 1250.75 785.05 0.9906 1230.25 785.34 0.9938 1251.66 837.64 0.9744 1247.95 838.00 0.9818 1232.08 885.85 0.9436 1238.37 887.70 0.9561
67 1218.55 665.44 1360.43 914.17 0.6985 1308.43 692.28 0.8966 1312.04 687.98 0.7919 1303.88 686.96 0.8635 1315.67 692.65 0.5137 1292.80 688.67 0.7363 1317.84 722.67 0.9815 1275.88 711.72 0.9916 1330.33 754.67 0.9047 1243.35 722.49 0.9640 1341.91 769.38 0.8691 1243.80 710.90 0.9344 1303.30 790.57 0.9868 1276.06 786.99 0.9915 1317.13 842.26 0.9554 1279.19 839.62 0.9681 1316.69 890.54 0.9074 1266.08 888.24 0.9263
68 1306.41 617.10 1386.85 921.07 0.5459 1369.47 676.18 0.7537 1370.56 669.69 0.4674 1364.13 670.98 0.7551 1367.26 674.50 0.2203 1353.86 677.18 0.7404 1364.31 701.70 0.9017 1350.19 703.28 0.9700 1359.48 683.18 0.5827 1334.73 682.20 0.9201 1361.50 637.69 0.5927 1349.03 626.05 0.8790 1355.07 774.49 0.9543 1347.61 775.57 0.9770 1356.61 834.71 0.9445 1362.12 835.45 0.9717 1331.36 889.94 0.9275 1343.26 892.29 0.9559
69 1352.58 661.54 1461.71 926.91 0.4887 1433.20 688.57 0.7863 1433.96 682.20 0.4246 1427.42 682.62 0.8096 1423.75 684.99 0.2127 1413.97 685.88 0.8723 1416.41 717.00 0.9471 1409.68 717.75 0.9906 1423.63 757.92 0.5439 1405.04 758.86 0.9533 1436.76 788.29 0.4910 1416.15 790.93 0.8860 1413.11 790.69 0.9707 1414.38 791.63 0.9889 1401.37 845.25 0.9504 1431.57 845.21 0.9808 1372.87 895.08 0.9348 1422.95 897.13 0.9678
70 1430.82 631.90 1565.10 930.64 0.7106 1504.21 677.88 0.9012 1505.54 672.65 0.6719 1498.86 672.86 0.9024 1504.01 677.94 0.2604 1481.85 677.22 0.8578 1495.33 700.78 0.9698 1468.78 701.75 0.9915 1509.52 695.72 0.8155 1453.63 700.49 0.9716 1516.66 646.19 0.7968 1474.60 642.01 0.9467 1489.70 780.34 0.9862 1467.79 782.67 0.9930 1512.22 845.13 0.9722 1465.05 848.36 0.9856 1527.32 900.34 0.9489 1445.20 906.71 0.9684
71 1513.92 580.40 1597.02 939.31 0.5938 1575.45 671.77 0.8722 1579.19 664.55 0.6517 1569.01 664.63 0.8617 1578.28 668.09 0.3225 1558.16 666.92 0.8276 1569.89 702.66 0.9626 1555.84 693.91 0.9916 1572.21 735.31 0.6958 1532.67 700.77 0.9599 1579.52 758.67 0.6666 1548.12 684.91 0.9213 1566.32 779.95 0.9788 1559.28 777.60 0.9910 1560.87 842.11 0.9650 1569.01 839.87 0.9843 1541.83 901.73 0.9460 1554.00 900.34 0.9699
72 1534.53 638.14 1749.84 949.03 0.8784 1658.24 674.17 0.9265 1659.15 667.09 0.7915 1650.34 668.54 0.8973 1658.12 669.49 0.4917 1633.70 673.22 0.8282 1658.87 696.99 0.9915 1621.40 707.27 0.9967 1693.59 685.89 0.9479 1577.88 723.55 0.9828 1713.80 655.54 0.9361 1561.32 740.63 0.9675 1647.42 784.43 0.9959 1631.59 789.24 0.9974 1633.76 846.18 0.9879 1662.89 851.04 0.9913 1600.54 903.78 0.9677 1663.43 912.61 0.9751
73 1636.42 633.87 1803.45 952.67 0.8411 1742.72 667.19 0.8660 1743.33 661.76 0.5010 1738.01 661.15 0.9039 1740.61 665.85 0.1278 1718.82 662.44 0.9028 1733.66 699.23 0.9638 1692.89 694.07 0.9966 1731.15 743.92 0.7740 1658.41 733.70 0.9932 1750.38 787.79 0.7669 1655.60 780.82 0.9819 1732.15 789.56 0.9926 1703.45 789.82 0.9980 1750.78 855.47 0.9838 1697.12 856.41 0.9952 1765.32 917.94 0.9731 1682.39 921.76 0.9889
74 1733.07 624.42 1863.88 957.18 0.8424 1846.20 659.13 0.5029 1845.67 651.85 0.1729 1843.66 652.24 0.5352 1820.32 653.35 0.1233 1829.16 654.35 0.7545 1803.04 689.13 0.9168 1807.20 692.63 0.9823 1765.23 737.49 0.5917 1770.33 740.11 0.9479 1757.89 781.47 0.5169 1754.62 788.49 0.8736 1810.20 789.81 0.9721 1812.99 792.74 0.9882 1822.30 858.32 0.9412 1823.85 859.90 0.9739 1803.24 919.03 0.9020 1805.03 923.66 0.9460
75 1815.00 625.00 2009.73 979.25 0.8806 1938.90 657.47 0.5258 1934.70 649.75 0.1163 1931.95 649.49 0.6172 1902.16 653.02 0.1576 1911.36 653.58 0.9367 1890.88 690.83 0.9629 1908.91 693.38 0.9947 1917.55 741.19 0.6174 1925.21 748.41 0.9796 1960.75 767.58 0.5156 1968.75 782.27 0.9252 1891.28 795.84 0.9901 1913.36 798.05 0.9966 1888.89 874.09 0.9758 1968.36 874.31 0.9918 1840.43 938.79 0.9571 1963.80 941.27 0.9808
76 1945.54 609.81 2048.00 985.33 0.8384 2033.02 645.98 0.4549 2028.02 637.89 0.1028 2027.99 638.32 0.6186 1996.16 638.41 0.1112 2009.01 639.80 0.9255 1977.02 678.58 0.8816 2009.28 680.35 0.9858 1973.34 732.45 0.2405 2023.77 734.20 0.9385 1997.03 765.44 0.1789 2044.94 773.37 0.7933 1980.27 787.98 0.9472 2002.28 789.26 0.9834 1983.50 872.13 0.9206 2001.01 871.79 0.9753 1980.06 951.49 0.8987 1989.55 953.82 0.9558
77 1885.82 543.88 2047.91 990.29 0.5868 2040.11 626.81 0.0316 2042.41 617.53 0.0226 2039.68 618.89 0.0252 2048.00 609.95 0.0369 2046.99 614.37 0.0480 2048.00 641.82 0.0642 2043.77 642.99 0.2093 2008.81 681.49 0.1027 2005.45 673.19 0.4465 1937.89 717.98 0.1572 1931.50 724.01 0.4485 2048.00 769.48 0.1604 2044.97 768.32 0.2971 2046.42 852.89 0.0979 2048.00 850.91 0.1827 2028.97 945.96 0.0662 2031.92 943.21 0.1118
79 1957.02 584.79 2048.00 979.65 0.7088 2042.80 629.75 0.2225 2045.92 621.62 0.1171 2040.59 621.76 0.2349 2041.53 627.37 0.0971 2039.99 627.92 0.3540 2033.14 677.01 0.3306 2028.24 677.47 0.6743 2003.23 738.35 0.1480 2001.70 733.95 0.6115 1983.74 780.89 0.1617 1979.29 780.70 0.4993 2038.94 786.99 0.3210 2036.79 788.52 0.5184 2041.15 862.19 0.2157 2042.48 862.84 0.3770 2043.64 934.32 0.1923 2043.87 935.67 0.3037
80 1929.81 581.48 2048.00 1017.85 0.7114 2041.18 625.50 0.4919 2046.71 616.98 0.3099 2038.45 617.13 0.4703 2045.34 622.39 0.1755 2035.18 623.19 0.4486 2032.51 673.33 0.4465 2021.58 675.45 0.7716 1988.49 732.44 0.1624 1984.64 730.23 0.6167 1962.61 755.46 0.1796 1962.41 754.95 0.5152 2042.00 794.31 0.3677 2035.29 797.17 0.5640 2043.04 888.41 0.2627 2044.64 890.19 0.4223 2048.00 965.50 0.2260 2048.00 966.95 0.3378
81 1953.37 571.65 2048.00 1054.70 0.7610 2032.22 615.73 0.5281 2040.97 605.46 0.3184 2027.23 604.77 0.5776 2048.00 613.00 0.1235 2020.20 611.36 0.5212 2038.66 671.16 0.3481 2010.45 668.89 0.7383 2010.02 697.51 0.0850 1991.22 695.05 0.5811 2007.87 663.44 0.1165 2006.93 661.78 0.5068 2031.70 809.78 0.3903 2013.85 809.32 0.6328 2014.04 898.52 0.4821 2008.16 896.69 0.7078 2005.60 997.34 0.5408 1999.64 994.75 0.7082
82 1882.78 560.43 2047.70 1068.83 0.8988 2024.03 603.79 0.8297 2030.51 594.36 0.4800 2013.84 593.73 0.9111 2035.64 604.19 0.0874 1989.14 601.26 0.8868 2047.60 671.57 0.7948 1957.01 664.91 0.9876 2048.00 749.19 0.2610 1921.94 731.64 0.9789 2040.48 793.73 0.2972 1903.02 788.54 0.9432 2036.71 817.32 0.8975 1980.03 815.66 0.9794 2036.01 911.38 0.8022 1982.05 908.27 0.9556 2045.24 1013.60 0.7355 2001.75 1011.26 0.9044
83 1872.49 538.26 2048.00 1080.66 0.8697 1997.57 596.39 0.9297 2010.64 582.65 0.8450 1985.62 585.53 0.9401 2034.88 590.84 0.3614 1972.15 597.45 0.8058 2047.41 654.45 0.7934 1960.50 657.94 0.9740 2025.34 657.09 0.2409 1900.27 652.01 0.9087 1988.97 612.21 0.3035 1900.55 609.62 0.8550 2043.48 805.18 0.7692 1985.27 806.11 0.9240 2033.71 908.23 0.6736 1973.87 906.67 0.8673 2026.88 1018.80 0.6269 1984.72 1016.16 0.7979
84 1875.38 517.58 2047.46 1124.64 0.8859 1992.93 577.00 0.9162 2006.23 565.70 0.8003 1980.57 567.04 0.9260 2029.63 572.36 0.4153 1966.33 575.51 0.7728 2048.00 642.85 0.7611 1946.40 646.23 0.9621 2048.00 722.49 0.3072 1914.56 726.00 0.8790 2021.27 792.18 0.2872 1914.87 803.79 0.7696 2039.10 819.09 0.8087 1965.33 818.58 0.9240 2039.75 939.14 0.7579 1941.66 936.39 0.9032 2029.67 1062.12 0.6987 1930.45 1069.64 0.8286
85 1806.15 504.53 2047.96 1159.34 0.9131 1940.38 563.29 0.9710 1958.68 550.18 0.9086 1926.33 550.93 0.9699 1987.81 556.71 0.5586 1907.72 558.29 0.8646 2024.99 629.47 0.9004 1879.50 639.62 0.9889 2048.00 700.73 0.5220 1850.44 729.67 0.9541 2047.48 763.78 0.5027 1829.83 809.75 0.9017 2007.27 831.56 0.9031 1911.55 833.29 0.9663 2033.03 978.47 0.8375 1919.32 973.11 0.9440 2034.34 1089.07 0.7279 1943.70 1096.47 0.8573
86 1779.28 476.78 2048.00 1226.74 0.9212 1912.32 552.06 0.9755 1928.59 537.10 0.9300 1896.28 541.52 0.9627 1959.26 544.05 0.7074 1884.05 553.45 0.8497 2012.88 629.69 0.9736 1856.92 628.19 0.9940 2048.00 693.50 0.7979 1802.55 621.40 0.9686 2048.00 736.25 0.7329 1817.62 528.48 0.9256 1981.80 841.61 0.9856 1888.49 841.35 0.9930 1968.99 985.66 0.9785 1904.52 981.92 0.9907 1941.81 1124.62 0.9501 1938.50 1116.99 0.9724
87 1690.03 441.25 2047.97 1234.23 0.9355 1879.47 513.49 0.9809 1897.69 496.99 0.9349 1861.39 500.81 0.9765 1933.33 502.14 0.6741 1846.05 513.63 0.8822 1991.93 583.13 0.9688 1826.49 613.27 0.9955 2048.00 616.80 0.7431 1774.00 715.24 0.9775 2048.00 630.85 0.6548 1726.42 810.24 0.9348 1964.00 831.50 0.9904 1856.79 834.55 0.9965 1969.71 997.60 0.9861 1824.51 986.21 0.9954 1950.25 1156.68 0.9695 1813.10 1153.50 0.9855
88 1478.97 208.03 2008.37 1268.34 0.8875 1800.42 458.60 0.9874 1826.26 445.03 0.9580 1782.73 444.90 0.9677 1863.52 457.28 0.7972 1763.32 458.92 0.8015 1895.50 520.59 0.9939 1725.34 549.08 0.9969 1962.32 385.70 0.9709 1622.62 491.30 0.9869 1961.14 230.38 0.9468 1542.33 409.02 0.9729 1871.45 821.97 0.9986 1759.82 832.08 0.9990 1906.97 1007.56 0.9956 1754.64 1020.91 0.9971 1919.04 1164.71 0.9768 1782.32 1201.14 0.9825
89 1608.06 175.45 1925.11 1436.52 0.8816 1748.84 425.73 0.9784 1773.43 412.06 0.9513 1726.22 411.85 0.9296 1811.81 425.91 0.8331 1703.34 427.13 0.6692 1858.68 495.94 0.9947 1676.53 502.60 0.9907 1878.75 354.54 0.9778 1663.45 371.44 0.9570 1819.72 230.60 0.9528 1723.06 246.21 0.9246 1823.62 839.63 0.9982 1705.97 834.43 0.9976 1803.13 1083.03 0.9951 1709.11 1041.52 0.9942 1782.39 1275.60 0.9724 1765.58 1207.17 0.9710
90 1340.57 74.90 1955.20 1457.69 0.8796 1702.72 343.93 0.9848 1727.80 324.67 0.9561 1681.32 328.87 0.9449 1780.36 342.72 0.7728 1672.35 357.80 0.6263 1852.02 433.09 0.9882 1646.08 461.71 0.9942 1918.46 316.11 0.9581 1518.84 377.11 0.9820 1920.39 163.86 0.9379 1409.98 211.44 0.9666 1812.03 819.16 0.9980 1672.59 820.93 0.9986 1815.04 1105.33 0.9929 1637.05 1100.90 0.9956 1770.10 1339.32 0.9464 1591.17 1341.26 0.9625
91 1230.48 161.57 1858.16 1489.20 0.9087 1587.15 266.75 0.9906 1620.86 242.61 0.9758 1562.94 245.87 0.9623 1675.16 262.63 0.8789 1534.52 270.90 0.6808 1737.98 405.73 0.9961 1486.34 435.58 0.9953 1783.33 543.54 0.9848 1398.12 573.46 0.9797 1716.75 694.67 0.9732 1324.62 680.43 0.9681 1704.96 821.94 0.9984 1536.49 835.03 0.9983 1741.31 1144.91 0.9914 1523.71 1168.53 0.9914 1776.72 1371.17 0.8955 1554.22 1409.74 0.8978
92 1313.86 0.00 1916.73 1473.17 0.9154 1455.29 115.81 0.9856 1496.66 80.28 0.9801 1420.77 88.03 0.9065 1581.76 101.85 0.9326 1399.67 122.23 0.3913 1694.60 289.49 0.9972 1384.04 351.55 0.9751 1813.01 476.34 0.9835 1405.69 637.38 0.8149 1875.67 651.60 0.9604 1451.00 855.44 0.7582 1646.57 841.88 0.9948 1464.04 860.09 0.9867 1577.74 1271.92 0.9262 1508.79 1259.93 0.8428 1540.21 1500.00 0.3663 1610.92 1474.59 0.2560
93 1116.64 16.92 2048.00 1468.76 0.8167 1285.00 27.26 0.0246 1305.13 0.00 0.0157 1265.50 0.00 0.0019 1397.14 0.00 0.0760 1282.98 0.00 0.0015 1649.91 74.98 0.7294 1233.92 139.38 0.2119 1870.98 355.87 0.9516 1270.78 451.55 0.5929 1984.37 738.75 0.9139 1249.05 644.46 0.6025 1593.37 885.56 0.9919 1305.56 888.25 0.9796 1579.08 1473.11 0.6426 1183.56 1419.66 0.4493 1586.01 1500.00 0.0367 1151.23 1500.00 0.0227
94 776.14 24.78 1673.29 1454.96 0.8564 1189.35 113.10 0.0008 1176.11 98.11 0.0000 1207.99 72.29 0.0004 1076.44 0.00 0.0001 1165.75 0.00 0.0086 1068.94 22.96 0.0233 1052.60 0.00 0.0673 1223.36 322.97 0.3220 1213.31 283.70 0.6808 1465.92 530.75 0.4701 1481.78 539.90 0.7100 1157.25 1134.27 0.6888 1112.82 1132.71 0.7610 1146.91 1229.86 0.0778 1085.39 1209.59 0.1005 1224.67 1446.18 0.0183 1186.51 1388.73 0.0190
95 4.80 16.15 1236.94 1457.93 0.8153 478.76 121.48 0.0002 526.40 73.70 0.0001 435.36 88.63 0.0000 662.08 35.72 0.0014 379.60 72.73 0.0001 946.78 58.54 0.0410 202.45 80.28 0.0043 1115.07 139.90 0.6646 132.37 136.17 0.1174 527.19 150.54 0.8354 460.38 151.06 0.3839 725.94 753.65 0.9381 224.67 740.16 0.8452 691.66 1415.43 0.1802 285.78 1421.45 0.0832 503.62 1500.00 0.0046 379.37 1500.00 0.0024
96 0.00 25.10 749.39 1461.66 0.7150 676.21 25.04 0.0020 706.12 0.00 0.0001 651.91 0.00 0.0050 619.31 0.00 0.0007 514.63 0.00 0.1171 424.55 91.99 0.0220 286.34 80.77 0.1189 164.00 190.82 0.0705 113.04 202.50 0.3685 356.64 69.62 0.1279 497.25 47.35 0.3543 244.90 701.53 0.6816 143.15 713.63 0.7795 190.77 1286.39 0.2292 138.61 1297.74 0.2789 53.45 1500.00 0.0227 87.36 1500.00 0.0211
97 0.00 17.99 504.19 1477.59 0.9211 69.54 89.31 0.0005 66.78 50.32 0.0005 66.12 52.40 0.0000 73.52 0.00 0.0112 75.22 0.00 0.0002 148.44 27.68 0.1665 72.58 42.29 0.0011 346.78 340.95 0.8351 336.13 376.08 0.0067 405.40 781.03 0.8085 402.66 751.68 0.0281 22.03 836.86 0.7296 0.00 833.61 0.1763 0.00 1323.32 0.1816 0.00 1325.20 0.0202 0.55 1452.79 0.0162 0.00 1427.27 0.0031
98 0.00 27.65 160.77 1472.93 0.8001 60.13 68.44 0.0257 61.25 42.90 0.0100 65.52 45.87 0.0244 53.63 38.60 0.0308 95.08 37.45 0.1359 72.43 191.65 0.0765 87.35 186.16 0.2590 69.02 473.81 0.0689 102.20 471.07 0.3034 47.61 663.54 0.0752 33.80 643.86 0.2627 22.43 763.99 0.2677 32.29 758.57 0.4140 5.95 1159.69 0.0929 8.24 1157.44 0.1706 14.67 1400.78 0.0257 3.97 1405.03 0.0372
108 0.00 535.15 82.61 998.61 0.4427 63.96 599.03 0.6691 70.31 583.49 0.3486 55.74 581.24 0.7205 41.97 579.41 0.1031 26.77 575.95 0.6343 11.68 644.96 0.4043 15.08 646.63 0.7441 5.62 759.01 0.0732 18.76 762.89 0.4379 27.37 815.28 0.0805 34.80 821.76 0.2985 13.83 830.44 0.1014 18.46 833.30 0.2038 15.26 902.89 0.0386 21.21 902.71 0.0827 12.37 1000.01 0.0354 13.05 1001.73 0.0638
109 0.00 562.21 283.06 1012.19 0.9152 182.12 610.43 0.9244 185.68 604.08 0.6812 174.34 600.42 0.9165 168.08 608.28 0.3360 146.25 598.98 0.8988 148.44 663.52 0.9599 113.84 646.59 0.9918 175.80 717.38 0.7662 50.98 692.11 0.9640 237.82 717.70 0.6921 19.98 731.60 0.9178 118.91 808.42 0.9560 115.78 803.60 0.9778 68.72 887.02 0.9033 167.01 882.21 0.9522 7.90 978.13 0.7678 182.00 975.30 0.8456
110 171.78 571.72 443.29 1010.79 0.8392 302.22 616.95 0.8792 301.83 608.89 0.5611 295.45 607.76 0.8594 284.43 611.17 0.2741 266.06 610.70 0.8166 282.38 649.50 0.9583 237.83 661.49 0.9878 340.04 672.32 0.8615 217.58 721.65 0.9735 404.60 657.52 0.8196 209.47 797.32 0.9422 280.20 782.15 0.9885 247.38 790.50 0.9938 312.47 867.69 0.9736 237.97 885.39 0.9859 308.18 954.04 0.9306 194.31 985.30 0.9513
111 324.71 561.56 449.85 997.04 0.8015 427.11 611.53 0.8510 427.56 601.73 0.3207 416.43 603.52 0.9314 413.82 607.22 0.0511 390.65 611.25 0.9633 398.79 655.47 0.8831 379.57 658.73 0.9957 391.58 706.31 0.2613 343.69 706.71 0.9904 408.42 719.39 0.3163 343.09 724.88 0.9701 392.94 774.50 0.9594 384.61 777.68 0.9936 402.32 863.88 0.9224 424.76 866.96 0.9880 351.48 943.79 0.8794 384.46 951.11 0.9689
112 381.49 596.17 586.86 996.49 0.8610 527.87 631.00 0.6915 528.48 624.66 0.2741 521.26 624.33 0.7342 511.76 631.65 0.1763 503.21 631.54 0.8356 494.04 673.27 0.8728 491.93 671.00 0.9879 479.10 708.17 0.5468 478.02 702.48 0.9700 480.20 686.04 0.4808 475.78 688.69 0.9198 489.73 785.14 0.9775 495.93 785.92 0.9930 480.16 872.42 0.9783 542.18 875.56 0.9937 420.40 950.24 0.9708 539.55 965.81 0.9870
113 502.79 540.29 664.81 983.47 0.8472 615.12 636.43 0.6947 611.71 629.19 0.2520 611.40 630.54 0.6098 591.96 634.73 0.1691 591.57 639.19 0.7094 591.29 660.33 0.9520 565.13 687.15 0.9877 619.87 631.78 0.9058 535.52 734.69 0.9831 631.51 579.12 0.8843 516.58 800.91 0.9680 598.82 781.18 0.9917 579.23 793.45 0.9956 620.05 862.59 0.9787 582.86 880.12 0.9890 616.67 937.62 0.9333 553.88 962.83 0.9556
114 605.22 619.93 754.43 971.83 0.7949 675.41 655.28 0.7719 674.07 647.14 0.2965 669.57 647.54 0.8496 650.66 647.17 0.1147 651.72 648.61 0.9328 639.03 682.09 0.9369 643.20 687.10 0.9926 661.96 727.96 0.5267 660.95 739.54 0.9793 711.57 757.80 0.5106 710.13 764.44 0.9424 635.88 786.61 0.9734 641.10 790.57 0.9919 661.66 863.65 0.9474 676.42 866.03 0.9851 637.25 934.09 0.9189 656.19 939.65 0.9680
115 561.37 613.70 830.00 974.28 0.8809 744.77 668.45 0.9448 749.07 662.00 0.7356 738.41 661.62 0.9306 744.77 659.13 0.3925 714.94 657.48 0.8974 740.61 681.50 0.9806 685.02 697.34 0.9966 777.33 651.81 0.9029 636.45 720.23 0.9889 801.34 624.02 0.8659 591.55 748.84 0.9735 716.34 797.11 0.9921 692.45 802.79 0.9964 697.37 871.43 0.9820 731.45 872.09 0.9924 660.30 946.60 0.9491 754.91 948.44 0.9712
116 656.38 620.88 840.58 971.71 0.8324 818.03 662.08 0.9423 821.05 655.12 0.7451 810.03 655.10 0.9567 821.27 655.51 0.2074 790.19 653.98 0.9234 818.99 691.57 0.9586 768.52 684.94 0.9968 815.57 741.87 0.6660 725.60 718.52 0.9910 817.18 783.26 0.6748 691.16 748.50 0.9770 804.26 786.31 0.9817 774.63 784.75 0.9954 801.23 861.87 0.9614 784.36 860.88 0.9893 787.89 935.48 0.9328 774.30 936.49 0.9737
117 719.51 630.52 962.66 979.20 0.8647 901.87 673.59 0.9195 902.86 664.55 0.6557 894.14 665.32 0.9044 897.60 660.96 0.3335 875.48 663.36 0.8666 899.92 697.98 0.9630 856.57 692.78 0.9954 884.53 744.73 0.8547 806.74 718.94 0.9896 888.43 774.18 0.8104 752.97 735.05 0.9737 896.28 807.81 0.9905 862.54 804.55 0.9966 921.12 881.41 0.9788 840.57 869.54 0.9925 914.69 943.83 0.9554 795.13 931.52 0.9777
118 778.70 626.05 983.35 983.74 0.8670 957.20 663.97 0.9060 961.10 656.74 0.7110 950.33 656.30 0.9097 962.77 656.28 0.2602 931.93 654.59 0.8345 960.76 689.69 0.9645 908.60 686.03 0.9948 967.71 728.44 0.7611 852.43 718.79 0.9813 970.28 748.94 0.7439 807.22 751.67 0.9577 942.64 784.48 0.9843 913.64 784.04 0.9942 944.18 862.46 0.9637 933.88 862.33 0.9850 928.29 942.29 0.9324 930.71 944.09 0.9644
119 874.37 605.05 1075.44 1002.58 0.8875 984.65 644.19 0.9708 989.76 636.42 0.9003 975.60 636.17 0.9644 994.49 639.34 0.5036 954.66 637.51 0.8977 996.05 679.97 0.9939 931.83 680.12 0.9984 1016.60 729.27 0.9433 904.44 737.22 0.9897 1049.46 775.60 0.9165 891.74 792.07 0.9739 983.57 790.50 0.9956 944.62 792.11 0.9978 993.83 878.27 0.9812 963.46 880.27 0.9896 986.18 960.74 0.9478 961.59 965.12 0.9663
120 944.87 589.22 1104.13 1025.98 0.8509 1034.75 625.43 0.9335 1039.47 617.68 0.7536 1026.26 617.40 0.9369 1043.44 626.37 0.2863 1004.60 623.37 0.8884 1042.02 678.28 0.9803 979.58 673.51 0.9962 1046.26 744.90 0.8582 968.63 735.26 0.9867 1059.92 790.73 0.8363 1022.52 764.90 0.9695 1039.27 803.44 0.9926 994.10 803.80 0.9970 1051.85 896.75 0.9829 982.52 897.33 0.9927 1059.95 983.50 0.9619 969.96 985.98 0.9796
121 969.00 573.58 1159.67 1038.51 0.8894 1063.89 617.48 0.5307 1065.14 609.76 0.3938 1065.95 609.05 0.2952 1066.02 615.66 0.4962 1089.03 613.76 0.3829 1071.48 663.86 0.9814 1087.58 660.67 0.9867 1084.39 731.18 0.9500 1048.66 730.12 0.9546 1102.82 785.90 0.9079 1023.09 796.64 0.9099 1064.44 789.58 0.9956 1079.31 787.27 0.9963 1088.23 887.76 0.9894 1093.53 885.85 0.9901 1060.26 988.12 0.9693 1062.57 985.53 0.9716
122 1050.29 560.58 1201.92 1050.98 0.8182 1157.39 598.94 0.2789 1151.84 589.03 0.0457 1150.68 589.32 0.3786 1114.58 592.81 0.0764 1138.89 594.05 0.8928 1098.24 644.26 0.8980 1137.75 645.90 0.9878 1104.55 725.17 0.4113 1141.70 726.97 0.9683 1136.22 784.16 0.3141 1159.76 790.52 0.8819 1104.43 788.59 0.9806 1135.94 790.46 0.9941 1118.24 902.19 0.9613 1166.04 902.51 0.9887 1079.80 1007.89 0.9238 1139.68 1011.08 0.9690
123 965.18 522.11 1338.40 1052.07 0.9180 1161.99 587.16 0.5132 1157.24 580.93 0.1536 1159.97 582.79 0.3243 1122.68 596.79 0.3105 1153.19 600.24 0.6644 1093.11 644.43 0.9755 1174.84 635.40 0.9843 1035.53 647.22 0.9481 1246.37 601.80 0.9763 984.90 632.33 0.9113 1303.16 558.77 0.9545 1114.80 795.05 0.9942 1154.60 791.58 0.9958 1113.97 900.53 0.9845 1157.82 905.40 0.9898 1111.88 1002.97 0.9393 1138.31 1014.66 0.9534
124 1052.99 462.88 1258.66 1055.86 0.9047 1176.33 576.29 0.2300 1170.90 573.34 0.0699 1176.55 573.31 0.1187 1140.78 589.20 0.2583 1179.91 591.87 0.4372 1109.08 630.68 0.9482 1195.34 628.35 0.9663 1072.81 581.04 0.9344 1233.44 570.03 0.9630 1084.48 534.52 0.9164 1236.70 511.19 0.9461 1122.87 786.31 0.9957 1179.51 785.51 0.9965 1117.76 885.53 0.9866 1195.91 881.35 0.9896 1113.77 1005.46 0.9413 1195.96 1003.20 0.9496
125 1111.05 549.03 1286.14 1049.47 0.8761 1197.38 593.92 0.1402 1193.21 589.15 0.0358 1194.19 588.65 0.0947 1169.22 607.79 0.1699 1204.31 605.40 0.5443 1149.34 649.12 0.8797 1231.76 641.09 0.9693 1153.93 619.70 0.7783 1271.32 606.01 0.9612 1173.05 572.74 0.6935 1229.07 564.80 0.9142 1172.04 788.63 0.9918 1227.74 786.53 0.9960 1174.51 898.53 0.9878 1228.77 899.31 0.9946 1139.16 1001.62 0.9688 1218.23 1014.50 0.9819
126 1179.11 504.40 1361.03 1044.41 0.8862 1287.34 607.86 0.1768 1283.26 600.96 0.0423 1287.21 602.06 0.0961 1253.27 614.12 0.1818 1291.36 616.79 0.4430 1226.50 647.18 0.9290 1301.50 646.71 0.9674 1197.01 616.90 0.9113 1336.36 605.58 0.9682 1193.61 556.61 0.8631 1335.33 547.91 0.9357 1236.39 790.10 0.9944 1273.72 791.21 0.9962 1260.35 893.80 0.9882 1251.82 902.78 0.9925 1264.81 983.74 0.9623 1220.05 1004.19 0.9716
127 1195.11 592.97 1484.12 1026.05 0.9003 1350.27 629.69 0.5719 1346.42 619.99 0.1915 1347.26 620.36 0.4412 1313.87 623.10 0.3310 1339.24 625.96 0.7713 1281.45 668.42 0.9742 1343.26 670.54 0.9917 1239.88 723.53 0.9275 1391.09 714.78 0.9831 1217.20 755.40 0.8910 1445.22 747.48 0.9621 1287.99 794.11 0.9953 1322.02 797.90 0.9971 1314.42 881.79 0.9903 1347.44 887.62 0.9944 1306.60 976.48 0.9714 1327.08 985.55 0.9799
128 1294.80 602.90 1461.36 1014.30 0.8759 1430.23 646.87 0.2647 1424.15 638.14 0.0651 1425.45 638.53 0.2625 1385.83 640.29 0.2280 1413.17 642.05 0.8388 1358.65 681.60 0.9645 1409.18 684.96 0.9884 1339.38 745.61 0.7623 1408.06 752.34 0.9527 1357.44 800.32 0.6093 1415.33 812.71 0.8517 1356.13 800.84 0.9936 1395.55 803.10 0.9964 1350.14 887.89 0.9889 1421.84 889.43 0.9933 1324.10 969.82 0.9806 1422.03 974.90 0.9866
129 1357.55 616.18 1578.53 994.88 0.8925 1468.86 651.23 0.1935 1463.06 643.55 0.0842 1468.19 643.97 0.1646 1436.67 644.68 0.5557 1467.47 646.53 0.7924 1411.62 686.80 0.9890 1480.05 687.52 0.9959 1384.50 744.10 0.9414 1520.17 735.25 0.9830 1374.32 793.76 0.8503 1553.19 769.36 0.9274 1416.65 794.45 0.9968 1455.76 795.43 0.9980 1430.22 875.20 0.9889 1450.90 876.27 0.9921 1428.82 949.36 0.9677 1427.03 952.97 0.9746
130 1417.82 621.10 1528.09 980.28 0.8274 1506.24 655.53 0.2592 1500.84 647.58 0.0862 1502.73 647.74 0.2396 1469.88 650.04 0.3088 1497.83 650.52 0.7987 1445.16 687.12 0.9703 1498.79 688.39 0.9862 1427.90 738.35 0.7946 1496.99 745.07 0.9280 1445.56 781.22 0.6170 1502.40 795.91 0.7906 1446.70 788.18 0.9920 1484.12 789.27 0.9946 1462.19 865.96 0.9865 1494.19 866.48 0.9902 1464.48 943.39 0.9756 1498.28 946.51 0.9804
131 1457.89 628.03 1567.82 966.46 0.8651 1544.78 664.44 0.2163 1540.13 656.88 0.0714 1541.63 657.07 0.1995 1510.58 660.11 0.3152 1538.57 661.23 0.7917 1487.82 696.06 0.9702 1541.41 699.39 0.9874 1471.19 741.94 0.8095 1544.78 754.22 0.9434 1489.09 777.45 0.6386 1554.69 801.32 0.8233 1491.44 796.41 0.9915 1529.82 797.91 0.9947 1490.66 866.06 0.9816 1535.46 866.70 0.9875 1482.80 932.76 0.9643 1536.76 935.93 0.9729
132 1461.48 633.42 1631.85 953.95 0.8661 1548.55 666.51 0.1387 1544.03 659.80 0.0758 1548.33 659.75 0.0972 1525.96 662.47 0.5745 1555.28 662.04 0.6673 1506.54 699.25 0.9847 1569.36 695.46 0.9916 1485.57 751.59 0.9297 1600.40 733.78 0.9616 1476.58 794.90 0.8118 1615.73 758.46 0.8623 1516.88 786.40 0.9950 1555.17 785.82 0.9962 1521.57 851.81 0.9833 1550.43 851.88 0.9854 1525.26 914.55 0.9584 1540.83 915.51 0.9618
133 1491.23 649.83 1636.48 933.99 0.7569 1571.79 678.18 0.3466 1567.59 671.52 0.1440 1567.89 671.46 0.2830 1541.64 674.09 0.4385 1564.79 673.25 0.7934 1518.13 704.82 0.9777 1571.61 701.43 0.9860 1497.34 751.44 0.8524 1582.69 741.17 0.9188 1507.58 791.12 0.7079 1589.07 772.37 0.7906 1527.23 780.42 0.9897 1566.31 779.92 0.9919 1537.86 832.50 0.9786 1595.98 831.54 0.9824 1529.41 897.85 0.9667 1606.09 898.50 0.9711
134 1526.47 663.58 1670.02 939.81 0.7757 1628.08 688.91 0.3621 1625.56 683.05 0.0982 1626.30 683.87 0.4463 1600.79 680.71 0.1355 1616.61 684.07 0.8241 1585.17 703.20 0.9132 1610.71 707.88 0.9858 1593.66 734.97 0.5089 1635.16 735.07 0.9615 1617.54 734.25 0.4352 1650.83 730.41 0.8850 1567.89 780.11 0.9713 1584.72 782.48 0.9893 1568.52 835.46 0.9459 1586.58 837.05 0.9799 1547.88 897.29 0.9156 1562.18 902.11 0.9585
135 1591.16 585.74 1727.64 843.55 0.7269 1695.99 611.89 0.5969 1696.20 605.91 0.2070 1694.25 605.71 0.6560 1683.30 603.71 0.1171 1682.66 604.27 0.8172 1667.56 626.29 0.9181 1662.60 628.33 0.9858 1673.15 663.24 0.6337 1657.14 668.48 0.9720 1699.28 694.77 0.6223 1693.50 701.25 0.9345 1630.74 703.96 0.9708 1630.32 705.22 0.9887 1646.37 762.68 0.9373 1662.57 763.81 0.9763 1614.13 812.94 0.8976 1642.11 817.72 0.9502
136 1605.26 551.82 1759.58 838.48 0.8119 1701.68 575.47 0.9462 1705.53 570.67 0.8451 1697.18 569.71 0.9334 1709.07 575.34 0.4883 1683.74 572.13 0.8445 1708.29 608.11 0.9904 1660.79 603.84 0.9973 1716.29 646.43 0.9441 1626.60 638.55 0.9895 1730.15 681.89 0.9247 1616.88 677.28 0.9768 1694.21 689.51 0.9952 1661.44 688.85 0.9975 1720.76 753.33 0.9854 1663.45 753.20 0.9915 1726.57 811.76 0.9678 1644.87 813.09 0.9783
137 1657.15 555.26 1773.75 846.45 0.7676 1704.33 583.11 0.9380 1710.40 576.90 0.9125 1699.53 577.22 0.8611 1721.73 578.27 0.7942 1694.24 579.64 0.5882 1741.43 611.12 0.9940 1685.08 613.42 0.9942 1761.65 652.46 0.9747 1676.51 654.20 0.9632 1758.15 693.84 0.9575 1676.16 692.12 0.9395 1732.96 693.74 0.9951 1696.57 694.07 0.9952 1738.57 756.29 0.9870 1691.49 755.67 0.9851 1738.31 815.44 0.9681 1689.70 814.11 0.9649
138 1611.76 595.36 1789.88 893.16 0.8510 1686.38 619.44 0.9152 1690.85 613.76 0.8817 1682.94 615.17 0.7993 1703.53 615.51 0.7457 1681.17 619.66 0.4583 1727.79 643.31 0.9922 1673.80 651.51 0.9926 1761.40 663.35 0.9776 1647.10 676.66 0.9689 1767.49 668.48 0.9646 1635.72 686.44 0.9525 1735.57 730.84 0.9950 1701.17 734.70 0.9953 1741.73 795.72 0.9846 1694.38 798.89 0.9825 1750.56 855.34 0.9535 1696.18 858.42 0.9482
139 1611.96 640.58 1733.68 954.12 0.8198 1643.08 669.96 0.9433 1650.03 663.02 0.9378 1637.67 663.88 0.8343 1664.52 665.49 0.8509 1633.09 668.17 0.4353 1686.31 700.20 0.9925 1631.70 704.55 0.9866 1713.75 743.20 0.9764 1627.44 748.14 0.9103 1719.16 780.09 0.9610 1629.84 775.58 0.8881 1690.11 782.39 0.9914 1657.48 784.01 0.9882 1672.93 848.00 0.9803 1656.46 848.51 0.9677 1684.80 912.08 0.9563 1683.75 911.03 0.9375
140 1556.11 621.09 1676.57 966.80 0.8443 1593.60 648.45 0.9186 1600.55 641.66 0.9252 1590.53 641.95 0.7342 1617.12 645.85 0.8712 1589.29 647.89 0.2882 1643.23 687.92 0.9933 1584.36 691.58 0.9821 1664.28 739.48 0.9850 1580.05 744.42 0.8876 1653.80 787.12 0.9724 1571.73 790.15 0.8676 1632.87 789.88 0.9942 1595.27 789.94 0.9899 1630.21 862.54 0.9863 1589.18 861.92 0.9714 1638.24 931.02 0.9659 1598.41 928.64 0.9416
141 1472.28 624.08 1636.36 975.15 0.8655 1508.54 653.20 0.9236 1516.76 646.65 0.9432 1506.50 645.78 0.6728 1536.33 652.34 0.9213 1506.17 652.22 0.1823 1555.71 693.77 0.9953 1511.47 696.65 0.9725 1583.83 737.29 0.9911 1521.33 747.72 0.7726 1549.82 740.08 0.9823 1520.08 762.91 0.7773 1548.23 801.19 0.9962 1513.53 800.79 0.9895 1573.77 876.07 0.9935 1498.87 874.90 0.9780 1619.98 944.06 0.9851 1506.70 940.26 0.9632
142 1357.94 623.64 1547.02 985.81 0.8822 1430.16 654.45 0.8323 1435.04 646.82 0.8847 1429.39 648.27 0.4305 1453.67 648.44 0.8907 1437.38 652.22 0.1143 1483.63 687.97 0.9944 1441.00 689.04 0.9753 1516.87 739.55 0.9920 1421.09 727.46 0.8421 1526.43 792.54 0.9828 1389.09 745.79 0.8335 1484.99 793.59 0.9970 1461.11 792.93 0.9932 1461.69 869.52 0.9928 1454.19 869.94 0.9788 1470.86 946.07 0.9800 1471.64 944.72 0.9556
143 1315.00 616.60 1422.60 986.59 0.8187 1338.98 650.54 0.8201 1345.14 643.48 0.8695 1340.29 642.72 0.3946 1366.39 643.67 0.8961 1353.97 642.63 0.1126 1387.26 682.20 0.9900 1363.48 679.25 0.9428 1393.28 742.70 0.9820 1362.92 736.38 0.6300 1366.15 787.25 0.9631 1347.90 782.80 0.6400 1382.08 791.58 0.9934 1365.86 788.02 0.9819 1376.20 872.89 0.9915 1345.36 869.35 0.9710 1404.49 954.38 0.9819 1359.05 946.88 0.9550
144 1191.41 624.17 1380.64 990.86 0.8907 1228.46 660.99 0.8326 1234.73 653.30 0.8818 1227.47 653.34 0.4198 1255.65 651.61 0.9059 1233.93 652.95 0.1029 1278.30 689.42 0.9921 1245.14 689.55 0.9537 1285.73 750.56 0.9836 1253.53 746.84 0.6557 1247.97 789.98 0.9629 1239.22 786.19 0.6435 1280.32 800.52 0.9942 1251.72 798.78 0.9848 1305.78 881.26 0.9908 1219.95 878.81 0.9704 1364.68 953.73 0.9793 1226.57 947.20 0.9499
145 1051.50 620.00 1279.02 995.48 0.8846 1135.59 655.37 0.9375 1143.95 647.93 0.9097 1129.43 650.15 0.7265 1166.69 648.74 0.8767 1132.57 653.99 0.4249 1190.94 689.81 0.9971 1142.15 699.65 0.9850 1235.39 739.98 0.9910 1111.76 747.17 0.9214 1256.38 791.47 0.9771 1078.14 766.06 0.8895 1194.05 798.43 0.9974 1176.33 802.59 0.9940 1138.06 868.44 0.9933 1185.16 880.23 0.9854 1124.08 948.74 0.9752 1221.90 958.19 0.9602
146 983.33 608.93 1120.85 998.64 0.8433 1031.94 645.63 0.9026 1038.37 637.03 0.9319 1028.90 637.83 0.5708 1060.49 634.68 0.9161 1032.15 638.85 0.1232 1091.30 674.84 0.9917 1046.41 677.84 0.9516 1105.02 736.50 0.9843 1057.13 736.18 0.6576 1055.82 779.43 0.9702 1040.29 775.62 0.6838 1081.43 795.88 0.9931 1048.82 793.72 0.9811 1081.62 880.61 0.9902 1024.47 877.86 0.9670 1100.25 962.88 0.9780 1020.82 956.93 0.9463
147 875.40 600.60 1066.28 1006.48 0.8765 934.32 639.85 0.9566 942.72 632.12 0.9503 930.23 633.03 0.8603 962.80 633.15 0.8734 929.56 636.62 0.4353 985.14 675.01 0.9965 926.86 680.78 0.9950 1017.11 722.26 0.9888 918.59 731.88 0.9665 1045.25 770.05 0.9788 898.42 776.94 0.9475 976.16 796.10 0.9976 936.92 797.29 0.9972 984.06 881.69 0.9922 913.12 881.70 0.9888 1022.04 960.93 0.9756 919.43 959.56 0.9678
148 796.17 499.08 1109.69 1029.47 0.9124 906.39 629.72 0.8965 913.94 621.60 0.7680 897.01 620.15 0.7778 924.73 622.28 0.5592 880.48 619.72 0.5650 944.50 665.87 0.9767 866.09 644.09 0.9740 1015.95 661.25 0.9486 825.24 598.17 0.9466 1072.42 647.70 0.9391 819.76 536.27 0.9395 924.18 807.47 0.9876 878.55 798.67 0.9874 901.86 903.20 0.9474 874.64 901.09 0.9473 894.87 990.55 0.7881 875.18 990.84 0.7825
149 783.90 544.89 947.34 1044.65 0.8718 891.03 613.69 0.9488 899.13 606.64 0.8314 881.62 606.38 0.9296 909.20 610.80 0.5055 864.39 608.02 0.8250 919.04 654.67 0.9703 846.98 636.55 0.9912 934.22 656.83 0.8647 809.92 600.66 0.9729 922.53 613.53 0.8168 814.28 556.09 0.9444 899.69 794.37 0.9904 851.09 787.44 0.9948 891.12 900.86 0.9822 840.50 898.22 0.9909 875.54 995.09 0.9569 824.89 1000.80 0.9725
150 773.99 524.91 931.59 1068.17 0.8850 881.24 601.11 0.9305 888.76 593.06 0.7185 872.21 592.23 0.9115 894.30 593.79 0.3466 845.99 588.05 0.8348 896.56 643.25 0.9643 818.75 616.43 0.9932 908.24 697.94 0.8598 787.63 581.59 0.9842 911.75 770.53 0.8207 802.89 539.90 0.9659 886.83 790.87 0.9921 833.77 786.09 0.9965 891.54 897.30 0.9838 834.17 907.53 0.9933 874.96 994.69 0.9587 827.24 1016.24 0.9769
151 728.02 376.58 1063.34 1129.95 0.8826 889.88 592.69 0.9710 895.15 581.76 0.8092 877.81 580.21 0.9561 895.72 577.08 0.3341 838.19 570.76 0.8902 911.56 628.05 0.9863 801.17 598.02 0.9966 975.04 660.34 0.9347 770.02 538.65 0.9914 1027.77 671.22 0.9067 748.41 435.98 0.9804 898.66 808.78 0.9966 825.00 799.17 0.9984 905.57 939.79 0.9917 821.56 921.83 0.9961 915.93 1064.42 0.9702 835.88 1038.38 0.9820
152 592.23 471.06 1169.26 1165.86 0.9272 850.87 546.26 0.9832 864.64 531.62 0.9552 837.70 534.21 0.9453 891.37 524.45 0.8295 824.53 531.69 0.7487 927.79 574.64 0.9971 805.07 604.07 0.9962 1022.48 582.05 0.9871 724.47 672.37 0.9813 1100.03 566.07 0.9733 648.57 722.60 0.9643 914.17 791.02 0.9990 839.33 803.25 0.9988 912.59 941.50 0.9963 823.54 961.01 0.9960 907.95 1086.69 0.9796 808.03 1114.54 0.9791
153 690.11 398.00 1088.60 1225.58 0.9209 742.50 468.17 0.9691 758.87 450.08 0.9600 726.13 456.88 0.8502 790.39 453.07 0.8986 712.50 468.24 0.4211 835.30 544.61 0.9980 710.67 571.29 0.9713 938.66 639.65 0.9915 704.30 687.87 0.8073 1028.21 724.37 0.9734 716.45 782.30 0.7615 835.28 799.88 0.9991 756.46 816.24 0.9967 845.49 973.48 0.9987 770.71 1003.01 0.9960 908.99 1119.47 0.9955 816.82 1148.07 0.9906
154 350.45 323.41 840.73 1417.56 0.9083 639.64 389.53 0.9780 663.34 377.42 0.9675 628.57 372.06 0.8280 710.50 401.30 0.9527 624.58 393.06 0.4614 767.42 529.69 0.9993 594.11 534.14 0.9959 795.05 663.18 0.9966 534.12 678.95 0.9572 786.50 807.92 0.9877 421.63 724.96 0.9182 715.90 836.54 0.9995 624.19 819.53 0.9987 639.45 1077.93 0.9985 637.52 978.45 0.9962 636.84 1278.29 0.9884 768.25 1110.74 0.9815
155 59.25 202.58 718.12 1460.63 0.9151 440.99 269.17 0.9892 472.76 252.00 0.9812 431.11 247.64 0.8961 540.08 291.09 0.9345 431.04 283.92 0.3555 615.35 447.19 0.9979 399.70 455.87 0.9937 672.14 627.56 0.9952 308.54 610.53 0.9751 605.04 776.66 0.9904 161.31 659.84 0.9652 577.48 841.34 0.9992 419.29 835.18 0.9986 607.66 1118.19 0.9933 301.52 1133.06 0.9893 592.42 1330.27 0.8960 218.41 1376.18 0.8676
156 0.00 20.00 545.60 1479.49 0.9168 273.75 127.74 0.8918 294.10 105.13 0.8036 246.78 102.31 0.7710 298.27 145.33 0.3858 173.27 137.31 0.3906 343.03 341.33 0.9445 83.88 341.65 0.7613 456.73 593.67 0.8900 145.38 574.08 0.4508 494.76 806.13 0.8180 304.72 741.43 0.4502 309.10 821.68 0.9720 121.51 831.26 0.9283 361.35 1174.02 0.9041 73.36 1207.52 0.7897 425.75 1417.82 0.5541 55.31 1455.38 0.3852
157 0.00 4.62 419.39 1465.93 0.9258 151.87 82.57 0.1766 145.40 55.66 0.1299 141.91 59.44 0.0406 124.39 65.60 0.1537 118.41 70.89 0.0416 222.60 259.30 0.9078 60.81 252.34 0.2491 370.60 552.44 0.9423 112.29 535.14 0.1439 212.58 543.27 0.8842 113.04 554.79 0.2318 164.34 802.80 0.9442 67.43 791.80 0.7291 144.94 1185.76 0.8148 74.56 1158.53 0.4299 221.98 1468.13 0.3058 142.77 1413.47 0.1158
158 0.00 13.32 251.91 1423.83 0.4545 74.16 43.16 0.0070 78.44 23.17 0.0049 73.80 18.25 0.0018 68.78 11.65 0.0251 64.39 1.92 0.0045 63.74 99.23 0.1338 41.81 79.47 0.0112 114.05 213.99 0.4630 102.67 172.12 0.0283 168.75 239.95 0.5142 156.87 207.84 0.0771 32.38 533.07 0.4119 13.30 529.70 0.1569 46.75 940.92 0.2390 64.94 953.39 0.0797 57.81 1274.31 0.0361 46.83 1293.55 0.0150
159 0.00 8.59 370.06 1447.36 0.4776 103.35 90.11 0.0156 112.82 68.33 0.0074 100.12 62.22 0.0039 104.03 53.89 0.0212 77.04 39.87 0.0064 100.47 141.96 0.2003 39.68 123.30 0.0190 187.64 232.13 0.5826 138.88 211.19 0.0539 292.70 233.91 0.6359 265.38 225.99 0.1359 58.51 651.96 0.5615 8.72 649.96 0.2625 80.12 1062.39 0.2253 57.91 1069.25 0.0780 118.30 1352.83 0.0278 74.28 1359.15 0.0116
