36 1931.74 479.48 2047.99 1108.98 0.8819 1989.01 545.48 0.9618 1994.91 531.24 0.9786 1985.30 534.80 0.1903 2028.70 525.16 0.8802 2007.27 535.33 0.0005 2042.48 591.25 0.8273 2040.74 592.81 0.2056 2015.74 681.48 0.8922 2023.16 675.05 0.0865 1956.01 696.13 0.9487 1975.90 685.01 0.4098 2041.47 781.33 0.5389 2037.01 778.24 0.2086 2017.25 914.27 0.7350 2008.64 902.54 0.3296 2045.39 1048.84 0.4255 2043.10 1031.30 0.1880
37 1859.60 481.84 2048.00 1106.81 0.9241 1943.49 544.44 0.0158 1942.47 533.73 0.0352 1946.44 533.61 0.0086 1933.90 534.43 0.8914 2000.62 528.78 0.6055 1910.80 592.88 0.9984 2043.97 584.98 0.7868 1884.02 692.55 0.9662 2048.00 676.42 0.0448 1923.13 697.79 0.4727 2017.28 705.26 0.0123 1937.11 784.66 0.9969 2028.31 783.43 0.9518 1910.04 903.67 0.9964 1986.21 918.17 0.9303 1953.33 1047.54 0.9946 1975.17 1064.51 0.9449
38 1832.24 487.86 2048.00 1128.11 0.9345 1963.79 538.84 0.0297 1953.30 527.63 0.0222 1962.53 527.79 0.0196 1899.55 533.56 0.7040 1964.60 525.35 0.6782 1872.07 602.07 0.9949 2012.71 578.91 0.8984 1870.68 688.89 0.8249 2048.00 651.05 0.1654 1915.81 693.18 0.2000 2022.51 683.56 0.0378 1909.66 789.70 0.9957 2010.21 782.27 0.9755 1914.93 924.27 0.9950 2022.68 923.73 0.9710 1933.00 1069.20 0.9902 2030.19 1072.50 0.9605
39 1851.92 487.23 2047.98 1125.89 0.9324 2032.30 549.79 0.0761 2025.19 535.50 0.0617 2032.66 538.14 0.0615 1969.98 526.06 0.6327 2022.79 527.58 0.7278 1909.31 590.16 0.9956 2039.76 584.95 0.3835 1875.54 702.04 0.9481 2048.00 686.17 0.0184 1920.24 725.36 0.4859 2032.49 733.82 0.0095 1934.63 789.47 0.9807 2030.32 792.39 0.6443 1932.46 923.92 0.9635 2046.45 924.10 0.4074 1933.65 1070.02 0.9254 2045.84 1073.49 0.4114
40 1856.58 489.38 2048.00 1124.48 0.9284 2016.51 556.63 0.0236 2014.82 545.16 0.0627 2021.93 547.74 0.0123 1999.37 537.67 0.7681 2048.00 542.37 0.2937 1938.58 588.98 0.9919 2048.00 594.88 0.0588 1892.09 692.31 0.9852 2048.00 691.94 0.0042 1891.78 780.71 0.8364 2034.52 774.57 0.0061 1957.11 786.62 0.9671 2045.30 794.72 0.3108 1946.90 918.94 0.9553 2048.00 922.84 0.1720 1936.68 1066.41 0.9269 2041.89 1068.72 0.2566
41 1857.58 491.59 2048.00 1121.17 0.9251 2026.74 559.35 0.0414 2025.51 547.10 0.0884 2031.22 549.37 0.0217 2007.16 540.64 0.6917 2048.00 543.79 0.2425 1952.03 595.27 0.9819 2048.00 599.77 0.0636 1917.43 702.94 0.9634 2046.64 702.79 0.0069 1933.21 776.93 0.7501 2020.74 771.30 0.0106 1965.38 785.50 0.9451 2046.73 792.46 0.2947 1947.61 916.87 0.9421 2048.00 920.46 0.2067 1933.90 1064.24 0.9123 2040.61 1066.68 0.2935
42 1858.42 502.27 2048.00 1116.96 0.9317 1988.67 564.62 0.0239 1985.54 554.68 0.0709 1992.20 556.37 0.0113 1980.11 555.42 0.8504 2042.15 555.99 0.3848 1940.17 608.38 0.9962 2048.00 607.27 0.1111 1904.52 705.17 0.9888 2048.00 697.76 0.0047 1881.09 780.10 0.8281 2030.79 765.29 0.0055 1959.57 795.39 0.9813 2045.43 800.89 0.4467 1944.02 909.19 0.9682 2048.00 929.52 0.2399 1938.02 1031.10 0.9513 2045.70 1060.08 0.3511
43 1671.88 500.92 2048.00 1070.83 0.9383 1901.05 552.96 0.2092 1902.30 542.90 0.3021 1906.98 542.70 0.0343 1912.33 546.98 0.9233 1959.55 546.95 0.2356 1891.89 596.78 0.9969 1992.24 599.18 0.9504 1805.62 583.25 0.9924 2035.77 597.73 0.3279 1721.76 572.51 0.9520 2038.62 574.19 0.1582 1914.94 776.45 0.9962 1975.43 775.32 0.9826 1912.79 897.76 0.9911 1974.07 884.38 0.9360 1956.22 1021.74 0.9630 2010.68 1000.19 0.8544
44 1755.94 466.34 1980.86 1056.36 0.9168 1818.41 561.07 0.8523 1827.46 550.96 0.9220 1817.92 552.41 0.1139 1853.34 557.58 0.9576 1836.46 559.80 0.0071 1873.77 605.90 0.9957 1858.74 604.68 0.8676 1844.81 574.95 0.9869 1828.50 570.74 0.2435 1827.87 515.01 0.9609 1825.76 514.95 0.2783 1859.65 772.89 0.9984 1842.86 769.53 0.9901 1867.33 894.28 0.9992 1821.04 888.27 0.9933 1944.62 1015.21 0.9976 1820.10 998.49 0.9891
45 1635.19 482.72 1895.59 1028.36 0.9287 1729.93 570.04 0.9742 1739.50 562.36 0.9789 1730.83 562.08 0.3358 1765.74 572.01 0.9699 1743.83 571.49 0.0067 1782.02 613.82 0.9961 1747.30 617.60 0.9917 1819.99 571.53 0.9929 1723.75 580.21 0.9525 1848.06 524.41 0.9939 1697.65 527.57 0.9662 1768.75 765.62 0.9992 1761.34 767.97 0.9990 1714.35 868.90 0.9994 1789.59 880.75 0.9991 1703.11 985.21 0.9960 1824.40 988.86 0.9952
46 1565.40 551.76 1756.35 1011.33 0.9235 1611.91 584.32 0.9814 1621.66 575.47 0.9918 1612.43 575.55 0.5252 1647.84 581.36 0.9880 1621.87 582.30 0.0128 1665.44 620.26 0.9979 1628.61 635.96 0.9234 1694.59 621.61 0.9684 1637.73 681.45 0.2111 1732.03 603.29 0.9115 1638.53 723.93 0.2253 1643.48 766.66 0.9970 1621.14 769.06 0.9803 1635.34 867.88 0.9986 1630.32 872.87 0.9890 1623.50 982.16 0.9971 1700.46 929.05 0.9878
47 1396.22 571.86 1643.30 1009.77 0.9304 1469.87 609.55 0.9805 1476.64 600.92 0.9934 1467.13 602.35 0.3892 1503.68 600.19 0.9924 1478.02 605.02 0.0063 1536.16 642.71 0.9991 1499.07 648.39 0.9096 1562.96 711.32 0.9939 1517.34 723.24 0.1635 1553.59 782.51 0.9747 1507.02 783.58 0.2012 1528.67 788.87 0.9988 1493.76 787.15 0.9864 1550.72 880.26 0.9994 1464.62 871.79 0.9924 1616.93 976.45 0.9989 1450.18 960.85 0.9929
48 1299.49 565.64 1472.52 995.24 0.9221 1358.06 609.57 0.9809 1364.81 600.22 0.9919 1355.37 600.82 0.4427 1392.03 597.09 0.9900 1369.37 599.70 0.0106 1420.94 640.81 0.9984 1387.05 645.74 0.9275 1447.93 705.71 0.9908 1398.34 713.80 0.2369 1450.14 772.13 0.9751 1392.02 764.90 0.3264 1409.09 776.26 0.9975 1396.03 777.04 0.9828 1368.75 860.77 0.9990 1414.73 870.04 0.9917 1353.74 956.55 0.9979 1448.43 961.92 0.9898
49 1230.24 546.51 1367.99 993.17 0.9032 1253.14 612.22 0.9314 1257.63 601.69 0.9669 1251.15 603.46 0.2536 1280.00 596.95 0.9783 1264.00 603.12 0.0127 1305.14 632.52 0.9969 1283.77 646.52 0.8973 1340.03 598.24 0.9645 1304.38 655.14 0.1952 1346.24 578.06 0.8948 1308.40 678.33 0.1976 1292.08 776.78 0.9961 1276.30 777.05 0.9759 1270.33 868.73 0.9974 1273.35 861.00 0.9813 1289.19 959.21 0.9951 1311.43 925.20 0.9809
50 1061.77 460.71 1291.99 994.15 0.9302 1139.39 615.37 0.9387 1144.80 606.27 0.9735 1136.56 606.73 0.2079 1167.81 603.69 0.9687 1144.85 606.17 0.0042 1188.05 634.58 0.9963 1168.46 642.91 0.7429 1190.60 580.70 0.9926 1172.43 654.41 0.1484 1179.27 508.86 0.9860 1155.83 688.28 0.2515 1176.96 775.74 0.9978 1152.26 773.78 0.9781 1193.55 868.71 0.9991 1126.05 859.39 0.9878 1263.03 950.92 0.9983 1113.87 951.11 0.9888
51 939.96 503.27 1131.28 987.61 0.9181 1031.13 614.44 0.9479 1035.87 603.98 0.9734 1026.67 606.14 0.2952 1057.64 599.61 0.9638 1037.35 605.70 0.0092 1079.99 632.18 0.9951 1065.81 639.45 0.8339 1075.50 598.62 0.9919 1055.75 622.00 0.2337 1046.25 555.80 0.9900 1039.78 594.89 0.4634 1065.38 761.38 0.9971 1065.09 761.09 0.9818 1025.36 852.68 0.9991 1082.53 858.28 0.9924 999.13 951.54 0.9982 1107.89 948.35 0.9912
52 893.19 539.28 1002.02 990.17 0.9011 919.13 607.10 0.8921 926.15 597.75 0.9240 917.34 598.04 0.2634 946.54 597.22 0.8950 924.55 599.97 0.0138 963.95 624.10 0.9888 939.58 643.94 0.8524 961.35 588.69 0.9777 942.17 680.06 0.3698 951.45 577.08 0.9704 926.41 748.54 0.4689 952.77 757.86 0.9949 933.72 759.28 0.9805 940.92 852.71 0.9983 913.28 854.18 0.9919 946.64 955.51 0.9964 970.70 924.27 0.9890
53 743.09 574.62 948.13 987.51 0.9292 802.60 613.62 0.8731 809.38 604.55 0.9145 799.11 606.10 0.2428 831.39 600.57 0.9128 808.84 605.06 0.0166 851.31 638.46 0.9929 829.32 641.44 0.8677 856.63 655.50 0.9831 824.83 694.33 0.3425 828.75 618.51 0.9648 799.51 737.29 0.3810 839.71 772.64 0.9965 817.08 769.31 0.9847 844.71 863.08 0.9982 797.83 856.08 0.9908 918.07 938.23 0.9959 795.26 946.45 0.9863
54 580.91 483.53 825.77 978.13 0.9411 700.29 619.47 0.9586 703.18 610.30 0.9658 699.57 609.81 0.1173 728.51 602.25 0.9744 722.60 600.77 0.0018 753.81 643.80 0.9958 744.30 618.09 0.9906 785.94 692.48 0.9948 725.61 564.44 0.9630 807.29 755.15 0.9947 699.23 514.90 0.9814 742.41 765.27 0.9991 750.62 758.42 0.9989 688.84 847.01 0.9992 772.69 852.56 0.9989 641.50 942.36 0.9946 796.35 943.51 0.9940
55 498.06 567.64 746.32 983.22 0.9379 557.65 622.72 0.8831 559.83 613.31 0.9447 556.45 613.09 0.1189 577.93 603.69 0.9873 581.76 601.72 0.0135 613.32 643.56 0.9988 611.89 629.55 0.9329 640.45 707.42 0.9903 615.11 661.54 0.1906 643.19 764.59 0.9550 598.30 710.84 0.2033 607.60 772.63 0.9989 621.33 763.56 0.9910 558.43 855.36 0.9995 645.33 849.16 0.9945 549.92 952.96 0.9989 714.29 901.68 0.9939
56 362.66 561.22 632.60 981.68 0.9303 479.09 607.83 0.4687 478.68 599.89 0.5077 480.12 599.68 0.0617 488.08 591.11 0.9560 513.28 593.70 0.1638 500.30 618.22 0.9984 554.79 626.70 0.9978 451.91 629.52 0.9950 597.09 677.87 0.9826 397.26 606.46 0.9798 613.64 733.66 0.9379 523.74 756.91 0.9991 547.50 753.35 0.9989 526.01 850.03 0.9972 513.20 835.45 0.9958 554.13 948.77 0.9829 492.20 909.61 0.9802
57 318.43 491.74 561.63 984.62 0.9295 435.20 619.72 0.0455 436.35 614.29 0.0412 440.74 613.88 0.0085 443.32 610.84 0.8137 468.79 618.55 0.2240 431.56 627.68 0.9976 472.16 653.40 0.9981 376.37 570.38 0.9935 501.70 708.53 0.9974 337.89 523.21 0.9600 472.64 763.04 0.9847 439.72 764.05 0.9998 444.96 768.29 0.9998 464.56 859.20 0.9987 416.51 846.54 0.9989 532.90 937.93 0.9922 400.50 942.76 0.9943
58 197.09 568.14 486.59 969.73 0.9425 356.89 601.22 0.1490 358.43 594.33 0.1401 360.46 595.52 0.0252 362.85 593.11 0.8884 396.29 598.46 0.3142 346.73 620.21 0.9983 419.15 638.14 0.9971 296.26 653.21 0.9972 445.13 694.26 0.9798 236.99 668.03 0.9893 464.32 729.28 0.9294 355.36 746.44 0.9993 403.46 753.43 0.9991 323.12 831.03 0.9981 393.37 843.63 0.9966 329.76 926.44 0.9874 400.46 937.79 0.9810
59 205.12 503.22 384.78 956.92 0.9154 259.63 595.24 0.0818 263.10 588.23 0.0749 263.58 589.53 0.0188 267.55 592.43 0.8985 300.09 593.08 0.3956 265.50 639.86 0.9989 318.81 624.38 0.9981 262.50 708.86 0.9943 329.71 588.63 0.9835 241.82 726.07 0.9609 314.86 543.54 0.9115 265.02 758.55 0.9997 306.06 754.49 0.9996 247.03 837.28 0.9985 303.33 839.29 0.9981 250.72 926.97 0.9916 364.22 899.16 0.9901
60 78.95 559.25 274.17 954.82 0.9216 175.22 603.02 0.2134 179.52 596.67 0.2249 179.27 597.40 0.0403 187.93 601.56 0.9189 218.52 601.29 0.2603 173.09 649.58 0.9982 237.10 628.50 0.9964 140.58 708.66 0.9904 241.13 599.81 0.9623 105.82 730.95 0.9441 208.27 568.06 0.8404 185.05 760.08 0.9991 217.93 752.83 0.9988 202.22 835.42 0.9959 188.35 834.29 0.9952 251.77 908.82 0.9837 158.82 913.38 0.9815
61 11.10 506.82 172.41 943.11 0.9051 77.93 605.26 0.2642 81.39 598.30 0.2550 80.08 596.84 0.0364 91.56 597.21 0.8993 117.54 589.94 0.1964 98.95 638.96 0.9984 150.66 614.13 0.9965 100.28 698.99 0.9947 146.34 576.10 0.9647 86.42 761.15 0.9760 112.45 533.34 0.9256 104.84 751.90 0.9992 149.58 744.97 0.9990 52.47 810.80 0.9972 135.57 832.12 0.9958 54.59 898.71 0.9842 144.01 916.65 0.9780
62 0.00 533.29 100.37 939.00 0.8771 12.87 602.72 0.1675 13.12 595.59 0.1051 11.84 595.29 0.1144 7.23 598.16 0.1709 18.59 597.14 0.1596 26.65 628.42 0.1881 38.17 627.14 0.9054 75.16 601.98 0.0647 77.26 598.48 0.9196 83.42 561.87 0.1482 84.84 560.08 0.8614 22.67 745.74 0.4398 29.41 743.66 0.8595 12.95 821.12 0.2878 20.15 820.41 0.8004 57.75 885.39 0.2517 58.63 882.36 0.6730
63 0.26 544.64 166.35 953.74 0.7129 0.00 598.15 0.0464 0.00 589.99 0.0233 0.00 590.18 0.0217 0.00 594.04 0.0254 0.00 593.24 0.0263 1.55 633.33 0.2500 0.00 630.04 0.0346 56.28 656.30 0.5551 52.84 657.32 0.0610 128.93 670.51 0.7201 128.51 670.76 0.2142 3.11 746.95 0.0875 0.00 746.99 0.0305 9.18 806.42 0.0681 8.75 802.80 0.0224 21.06 891.56 0.0424 19.81 888.37 0.0178
65 0.00 612.71 46.24 950.94 0.4512 3.38 679.86 0.0234 2.99 673.67 0.0133 3.40 673.41 0.0149 0.09 678.60 0.0130 2.28 677.21 0.0155 0.00 710.19 0.0268 1.91 709.77 0.0270 5.83 738.64 0.0921 9.36 739.71 0.1360 15.12 745.60 0.2840 17.40 746.02 0.3881 1.21 780.78 0.0416 1.84 781.50 0.0424 3.34 839.67 0.0533 3.22 840.27 0.0570 5.84 899.01 0.0521 5.88 900.07 0.0551
66 0.08 587.87 195.99 931.04 0.9054 90.96 632.46 0.9638 94.91 624.52 0.2788 87.91 623.23 0.9661 73.87 620.21 0.0029 64.61 618.02 0.9301 55.67 646.09 0.9628 27.87 658.88 0.9148 104.96 657.81 0.9166 27.79 728.01 0.7102 159.70 652.80 0.9457 63.99 782.72 0.7886 24.20 755.71 0.9058 9.69 763.15 0.8443 55.73 808.57 0.8702 62.65 807.41 0.7789 51.79 892.29 0.6769 68.36 898.14 0.5272
67 44.73 583.14 247.55 914.85 0.9032 177.39 625.12 0.8824 178.42 618.45 0.1277 173.64 617.90 0.9172 157.58 616.93 0.0081 153.97 616.81 0.9594 138.43 639.85 0.9668 132.67 655.17 0.9962 151.82 620.47 0.5497 136.11 706.99 0.9818 179.34 591.84 0.5100 154.06 751.15 0.9367 140.05 748.13 0.9948 126.78 753.97 0.9981 165.83 817.43 0.9960 111.61 821.24 0.9987 201.87 879.78 0.9930 65.53 888.24 0.9967
68 195.50 564.98 288.74 909.10 0.8903 269.49 626.52 0.8962 274.72 620.32 0.3587 265.43 619.16 0.9331 265.14 621.18 0.0322 250.41 617.12 0.9263 239.38 656.53 0.8502 236.69 641.38 0.9918 244.28 702.28 0.2848 227.90 631.44 0.9641 254.91 738.77 0.3562 251.19 599.49 0.9353 229.00 739.69 0.9570 229.82 737.45 0.9905 241.73 809.64 0.9735 270.53 802.10 0.9950 215.85 879.41 0.9706 233.45 866.57 0.9914
69 235.84 599.18 397.29 902.91 0.9108 365.19 637.55 0.8578 364.85 630.61 0.2039 359.87 631.69 0.9240 348.48 627.95 0.0244 345.19 630.66 0.9683 331.86 658.58 0.8750 337.28 661.33 0.9959 326.66 703.95 0.1843 337.62 710.50 0.9589 345.38 738.54 0.2021 341.23 746.21 0.8540 329.43 746.43 0.9701 336.94 748.25 0.9951 325.22 814.07 0.9837 359.73 808.83 0.9977 257.50 859.59 0.9872 358.29 877.89 0.9969
70 319.42 558.09 495.34 896.69 0.9102 444.02 648.40 0.8880 447.87 643.70 0.2782 441.53 641.34 0.9069 436.54 643.17 0.0376 429.16 638.24 0.9395 415.59 662.36 0.9854 412.12 665.07 0.9958 397.18 633.61 0.8905 389.74 670.22 0.9852 392.13 607.89 0.8665 365.80 691.78 0.9663 417.17 751.49 0.9966 408.43 752.29 0.9981 431.33 811.88 0.9952 394.73 816.21 0.9973 458.82 868.24 0.9881 362.66 871.98 0.9915
71 449.34 574.77 537.36 891.76 0.8921 504.74 642.44 0.6078 506.56 636.71 0.0782 501.26 636.14 0.6875 491.77 637.67 0.0203 486.89 636.28 0.8820 468.45 664.16 0.8471 479.64 659.60 0.9904 494.75 647.56 0.2863 500.36 630.98 0.9780 515.47 600.92 0.3618 520.49 590.72 0.9527 470.45 742.85 0.9774 481.66 742.90 0.9946 479.84 802.48 0.9857 515.55 794.44 0.9973 464.33 867.42 0.9840 493.37 852.01 0.9954
72 477.63 621.40 617.83 891.18 0.9150 589.67 650.58 0.7451 589.10 645.06 0.1145 587.24 645.21 0.8402 571.93 643.07 0.0253 578.09 643.46 0.9554 562.18 669.93 0.8982 559.42 667.94 0.9972 558.17 703.27 0.2241 547.15 700.73 0.9894 571.84 732.15 0.2299 550.77 731.90 0.9587 558.65 749.82 0.9823 561.30 750.20 0.9972 554.18 809.60 0.9844 584.84 802.08 0.9981 495.75 849.25 0.9835 582.76 866.65 0.9964
73 560.76 632.35 677.03 888.87 0.8806 654.53 660.27 0.7181 656.57 654.59 0.1006 653.14 654.24 0.7298 635.53 650.14 0.0480 644.22 651.12 0.9474 614.85 669.06 0.9952 626.99 676.22 0.9977 583.93 676.56 0.9498 602.67 707.18 0.9920 570.91 701.95 0.8938 587.35 741.75 0.9771 613.15 752.68 0.9983 615.57 755.45 0.9987 629.06 806.37 0.9960 607.48 810.88 0.9972 648.14 856.16 0.9860 581.50 864.94 0.9881
74 627.89 633.17 718.19 882.12 0.8311 702.15 656.96 0.5263 704.75 651.71 0.0724 700.56 651.62 0.5281 681.03 650.46 0.0857 693.23 651.28 0.9257 656.30 676.95 0.9934 685.65 679.66 0.9969 644.32 713.78 0.9323 676.18 719.25 0.9893 640.24 745.59 0.8445 679.70 755.14 0.9670 659.08 754.92 0.9967 679.72 755.89 0.9975 672.14 805.58 0.9906 707.66 797.02 0.9937 666.12 858.47 0.9687 673.51 838.98 0.9761
75 672.87 640.99 787.59 880.24 0.8949 753.22 661.55 0.5574 749.67 656.62 0.0986 750.12 656.96 0.6524 730.07 658.40 0.0820 741.29 658.49 0.9423 718.23 686.16 0.9582 743.67 685.67 0.9972 715.61 720.51 0.3921 760.77 724.11 0.9819 739.65 750.61 0.2455 771.21 754.01 0.9035 721.50 757.07 0.9872 739.99 757.95 0.9966 726.44 807.61 0.9810 758.03 806.13 0.9958 689.46 845.02 0.9727 757.89 858.32 0.9909
76 744.82 641.39 827.34 879.25 0.8167 798.48 665.78 0.6457 798.42 661.00 0.1012 796.40 660.95 0.7523 780.78 658.98 0.0342 786.70 658.90 0.9314 768.22 680.21 0.8884 782.33 680.95 0.9949 773.23 713.20 0.2512 796.65 714.13 0.9773 789.98 742.95 0.2176 812.69 744.56 0.9094 770.89 748.16 0.9722 777.35 749.12 0.9945 784.71 799.38 0.9675 776.49 800.77 0.9948 788.90 849.06 0.9638 759.45 853.40 0.9904
77 726.42 648.07 841.75 873.60 0.8949 834.05 672.42 0.9544 836.83 668.13 0.5065 831.47 666.68 0.9788 830.37 666.84 0.0391 820.13 663.05 0.9776 817.53 687.05 0.8850 802.55 681.99 0.9974 796.70 714.75 0.2060 774.37 701.48 0.9883 777.39 737.35 0.2693 745.06 723.78 0.9665 806.23 753.49 0.9352 796.58 752.06 0.9903 814.68 801.21 0.9278 810.94 799.22 0.9912 794.48 848.21 0.9296 793.60 850.62 0.9849
78 777.31 645.40 861.75 874.19 0.8532 839.14 665.59 0.9860 842.39 661.49 0.8705 834.77 660.80 0.9881 844.61 664.08 0.1858 823.85 661.69 0.9649 846.04 691.38 0.9950 809.06 687.16 0.9973 850.27 726.00 0.9465 791.81 720.13 0.9855 853.44 757.12 0.9435 783.71 752.53 0.9823 835.76 752.30 0.9935 813.55 750.53 0.9949 830.12 803.94 0.9911 822.70 799.40 0.9932 815.19 849.59 0.9777 810.51 846.86 0.9807
79 808.46 638.75 880.63 874.30 0.8454 855.86 655.34 0.9721 858.13 650.91 0.8309 850.37 651.36 0.9837 861.00 655.56 0.1876 839.60 656.36 0.9604 863.86 683.91 0.9593 830.40 685.03 0.9965 863.70 715.36 0.4564 815.83 715.87 0.9740 865.48 749.11 0.4595 824.58 744.48 0.9385 863.26 752.63 0.9675 839.76 753.97 0.9906 864.87 804.10 0.9598 830.05 807.19 0.9897 852.94 850.36 0.9515 821.66 851.81 0.9818
80 826.53 637.43 923.61 892.18 0.7499 893.75 652.95 0.9722 895.55 648.08 0.8316 887.13 649.46 0.9865 897.70 652.51 0.1867 876.07 655.76 0.9712 902.50 681.78 0.9319 869.49 685.75 0.9974 906.70 716.57 0.2801 861.83 724.37 0.9748 914.61 753.19 0.3294 873.60 756.94 0.9302 906.29 749.99 0.9551 883.48 751.94 0.9920 908.41 811.37 0.9615 889.35 808.63 0.9942 883.21 860.48 0.9682 860.59 857.28 0.9923
81 859.30 637.46 998.81 904.62 0.9130 933.57 654.89 0.9785 935.82 650.95 0.8147 927.17 650.41 0.9805 936.64 657.22 0.1817 914.55 656.25 0.9619 948.98 690.57 0.9965 901.36 685.21 0.9972 970.57 715.05 0.9721 876.27 707.42 0.9829 988.59 696.00 0.9681 867.86 736.88 0.9776 938.31 762.90 0.9964 913.67 761.11 0.9967 924.65 817.11 0.9940 929.46 815.77 0.9943 896.29 863.36 0.9811 946.05 879.57 0.9804
82 921.62 624.65 1021.24 909.41 0.8622 972.93 652.54 0.4022 976.27 647.91 0.2073 968.58 647.33 0.2901 979.51 649.61 0.2440 959.70 648.25 0.4891 982.36 679.59 0.9848 941.49 679.58 0.9846 989.25 720.94 0.9732 931.14 721.95 0.9681 1002.99 756.30 0.9611 954.06 732.84 0.9536 982.53 759.62 0.9964 953.17 762.05 0.9962 1001.34 817.72 0.9948 957.86 822.92 0.9947 981.96 872.60 0.9846 950.52 884.66 0.9841
83 953.09 627.31 1070.76 918.04 0.8933 1038.54 653.26 0.9534 1040.69 647.81 0.6158 1032.99 647.93 0.9764 1036.06 650.22 0.0636 1015.91 649.70 0.9632 1035.02 679.21 0.9111 1003.65 680.28 0.9973 1039.84 716.87 0.2938 1016.21 702.06 0.9898 1045.55 744.31 0.3647 1036.11 669.76 0.9752 1039.23 766.50 0.9774 1012.30 768.02 0.9962 1048.36 829.53 0.9844 1007.55 829.67 0.9978 1041.16 895.81 0.9849 965.00 871.96 0.9965
84 989.98 623.12 1152.42 927.62 0.9222 1087.86 651.97 0.9861 1091.09 646.76 0.8165 1081.90 645.60 0.9885 1090.57 648.82 0.0999 1065.67 646.24 0.9725 1096.55 679.94 0.9969 1043.96 679.08 0.9972 1131.40 688.69 0.9819 1008.30 710.08 0.9843 1142.46 656.54 0.9838 997.34 749.23 0.9826 1081.50 766.89 0.9970 1054.88 766.57 0.9971 1068.77 832.51 0.9952 1074.64 829.74 0.9949 1038.13 887.48 0.9823 1091.27 903.06 0.9796
85 1067.36 616.32 1197.72 933.41 0.9171 1135.55 646.58 0.9857 1138.18 640.65 0.7693 1129.09 640.08 0.9885 1136.58 641.94 0.0595 1110.05 639.75 0.9714 1137.53 678.79 0.9953 1090.57 676.18 0.9972 1153.02 717.97 0.9693 1078.88 721.76 0.9911 1184.80 738.43 0.9724 1101.30 750.88 0.9907 1135.14 768.05 0.9960 1104.42 769.41 0.9968 1147.37 834.54 0.9939 1107.83 835.99 0.9954 1119.85 892.26 0.9790 1100.68 908.79 0.9813
86 1097.21 614.02 1250.24 944.06 0.9148 1204.03 648.02 0.9773 1208.26 642.44 0.7009 1198.09 641.19 0.9892 1204.58 645.82 0.0481 1179.48 642.05 0.9776 1196.08 677.86 0.9252 1163.72 674.63 0.9976 1199.97 700.59 0.3032 1199.81 679.25 0.9852 1205.59 683.25 0.3895 1225.94 648.83 0.9632 1201.05 777.58 0.9820 1170.88 778.21 0.9970 1214.90 845.46 0.9905 1152.07 847.50 0.9986 1211.24 920.32 0.9914 1111.75 894.53 0.9979
87 1188.59 609.46 1390.96 955.23 0.9271 1270.10 642.02 0.9865 1273.34 636.04 0.7642 1264.06 635.01 0.9883 1270.27 638.21 0.0541 1244.48 635.59 0.9684 1273.20 672.39 0.9960 1221.99 672.59 0.9968 1315.99 693.75 0.9830 1206.06 715.01 0.9894 1363.75 694.28 0.9875 1196.33 757.66 0.9906 1262.57 771.65 0.9979 1239.29 772.44 0.9980 1241.99 843.78 0.9974 1264.12 842.75 0.9975 1212.48 915.42 0.9882 1280.44 921.09 0.9870
88 1268.82 496.39 1378.25 967.05 0.8898 1341.36 625.10 0.9528 1344.16 618.54 0.5073 1334.06 617.78 0.9534 1342.35 620.52 0.0195 1312.73 618.36 0.8795 1339.95 647.16 0.9783 1293.17 648.80 0.9865 1358.65 598.23 0.9566 1279.11 599.15 0.9813 1354.87 540.38 0.9748 1290.73 538.32 0.9879 1338.33 761.40 0.9962 1304.56 766.10 0.9968 1362.70 842.04 0.9972 1299.66 852.41 0.9977 1318.45 909.59 0.9910 1298.04 935.61 0.9915
89 1304.34 523.76 1488.48 978.70 0.9216 1423.16 620.26 0.9201 1428.00 612.19 0.3917 1416.22 611.29 0.9458 1428.10 615.32 0.0177 1396.40 612.45 0.8723 1422.49 651.59 0.8476 1383.73 653.94 0.9914 1433.76 607.18 0.4205 1393.46 613.92 0.9951 1428.61 552.35 0.6798 1407.64 557.82 0.9954 1428.72 774.64 0.9903 1395.54 776.62 0.9977 1438.69 860.83 0.9957 1386.26 861.14 0.9992 1436.48 949.47 0.9937 1321.84 924.13 0.9982
90 1416.06 518.81 1614.48 991.31 0.9051 1502.68 611.65 0.9547 1502.82 604.50 0.2758 1496.32 604.40 0.9528 1494.12 608.20 0.0063 1471.20 607.60 0.9330 1496.20 644.35 0.9870 1452.03 645.02 0.9925 1544.22 622.58 0.9733 1458.00 619.14 0.9915 1581.68 573.74 0.9870 1484.06 556.74 0.9952 1495.14 769.70 0.9984 1477.03 773.67 0.9987 1470.66 858.55 0.9988 1514.97 860.74 0.9990 1435.98 948.19 0.9941 1543.04 954.87 0.9943
91 1527.10 563.37 1658.49 1003.25 0.9189 1598.99 598.67 0.9594 1597.26 591.38 0.2588 1592.05 590.62 0.9647 1584.59 597.65 0.0064 1566.58 595.12 0.9602 1589.56 648.16 0.9843 1554.29 644.88 0.9957 1610.45 712.86 0.8335 1578.93 710.93 0.9906 1639.04 763.74 0.8525 1615.01 766.05 0.9882 1594.40 770.57 0.9939 1565.99 773.30 0.9967 1631.27 857.69 0.9945 1580.05 864.03 0.9978 1573.48 929.49 0.9832 1571.23 970.33 0.9905
92 1522.09 561.41 1809.51 1016.81 0.9376 1741.45 602.65 0.9725 1744.56 593.97 0.1716 1735.13 592.39 0.9895 1714.07 596.91 0.0025 1706.98 592.79 0.9944 1697.14 642.49 0.9427 1670.71 638.35 0.9994 1653.15 694.98 0.1979 1611.90 676.66 0.9959 1634.39 750.62 0.2232 1559.42 728.59 0.9822 1703.80 784.32 0.9935 1675.25 783.60 0.9993 1732.87 876.06 0.9967 1676.30 874.83 0.9997 1739.05 988.18 0.9961 1579.47 949.72 0.9992
93 1678.57 552.44 1952.30 1025.76 0.9292 1850.20 602.70 0.9879 1853.13 592.65 0.3846 1842.61 591.88 0.9956 1831.78 590.52 0.0047 1809.46 588.34 0.9959 1816.50 642.59 0.9559 1763.43 635.62 0.9993 1798.00 710.98 0.2059 1703.92 698.49 0.9931 1802.02 766.88 0.2651 1692.67 768.83 0.9756 1798.21 777.97 0.9898 1775.26 778.26 0.9986 1780.01 882.26 0.9951 1835.35 872.21 0.9994 1743.54 979.67 0.9934 1870.61 986.91 0.9986
94 1811.44 502.68 2047.95 1050.75 0.9344 1929.01 591.38 0.9954 1937.19 581.08 0.9364 1917.68 580.16 0.9973 1945.82 578.69 0.1155 1890.26 577.27 0.9832 1958.59 618.46 0.9949 1856.55 634.58 0.9987 2024.54 600.04 0.7576 1822.26 704.10 0.9871 2037.82 550.31 0.7327 1864.27 714.17 0.9731 1949.94 773.65 0.9963 1890.58 781.28 0.9980 1965.25 883.38 0.9962 1923.22 874.57 0.9985 1870.80 959.98 0.9913 1915.69 1003.47 0.9955
95 1929.93 466.50 2047.92 1056.94 0.8923 1998.55 581.21 0.9549 2008.38 569.51 0.9534 1989.12 569.92 0.9148 2029.24 567.35 0.6454 1976.03 570.68 0.3240 2039.25 609.62 0.7020 1962.09 629.07 0.9681 2048.00 571.81 0.1807 1961.24 656.02 0.8017 2038.84 499.68 0.2806 2010.10 583.41 0.6718 2034.25 786.29 0.7953 1979.68 791.88 0.9409 2019.35 910.62 0.6390 1971.38 905.51 0.8875 2006.28 1019.77 0.4903 1968.00 1027.88 0.7661
96 1991.04 525.97 2047.91 1073.60 0.7447 2046.20 568.97 0.0343 2047.31 560.45 0.0249 2046.41 561.03 0.0206 2041.97 567.39 0.0945 2045.67 568.01 0.0782 2020.97 618.69 0.4984 2028.48 618.77 0.2154 2009.44 672.09 0.2361 2013.81 668.75 0.0794 2030.81 705.41 0.1314 2029.09 701.70 0.0649 2037.43 765.32 0.3480 2041.78 769.32 0.2017 2042.95 887.66 0.2074 2043.39 887.65 0.1055 2044.47 1010.67 0.1152 2046.17 1010.64 0.0668
97 1968.04 493.44 2048.00 1104.23 0.8153 2043.70 549.47 0.0188 2046.42 539.99 0.0147 2045.23 540.90 0.0074 2040.62 546.94 0.1351 2047.15 548.94 0.0583 2016.01 608.49 0.7951 2020.49 611.84 0.2141 1988.18 707.88 0.8693 1989.26 703.25 0.0927 1985.15 783.24 0.7082 1982.34 777.10 0.0878 2034.58 781.70 0.3813 2038.57 787.74 0.1280 2043.44 885.55 0.1376 2046.43 886.28 0.0285 2043.82 998.91 0.0448 2045.02 996.61 0.0126
98 1974.86 479.05 2048.00 1083.52 0.8075 2048.00 530.83 0.0447 2048.00 521.54 0.0145 2048.00 521.55 0.0646 2047.74 528.05 0.0225 2047.62 530.10 0.1961 2031.31 585.92 0.0154 2025.52 591.08 0.8787 2002.82 652.60 0.0050 1991.34 657.64 0.9670 2017.22 619.99 0.0231 1999.16 627.37 0.9230 2046.52 752.35 0.0478 2041.66 757.58 0.5708 2045.92 863.22 0.0168 2041.52 865.30 0.3858 2046.25 976.77 0.0142 2048.00 980.13 0.1933
99 1963.76 439.62 2048.00 1190.91 0.8547 2044.57 507.59 0.0584 2046.59 496.66 0.0563 2044.99 498.09 0.0135 2044.03 504.82 0.1277 2048.00 507.91 0.0145 2028.67 576.25 0.7000 2028.78 578.82 0.0701 2005.82 685.75 0.9070 2003.63 683.97 0.0449 1985.41 775.62 0.9039 1986.26 771.58 0.1350 2039.79 780.76 0.4652 2038.68 784.69 0.1222 2040.58 945.61 0.4738 2038.53 945.04 0.0948 2039.81 1116.57 0.2178 2039.43 1115.63 0.0513
100 1940.99 373.48 2047.99 1261.31 0.8739 2042.12 440.41 0.0444 2048.00 426.39 0.0132 2042.55 426.06 0.0375 2037.19 438.58 0.0499 2041.10 440.59 0.2472 2000.39 541.33 0.1841 2001.79 547.72 0.8399 1977.18 664.24 0.0294 1975.44 663.93 0.4216 2005.39 714.94 0.0213 2012.57 703.31 0.1095 2011.81 799.34 0.2342 2013.19 807.61 0.6311 2032.20 987.27 0.1939 2028.23 986.98 0.5832 2040.78 1151.25 0.1612 2039.34 1151.43 0.4272
101 1850.81 316.47 2048.00 1308.14 0.8796 2034.52 408.60 0.1796 2040.37 391.78 0.1700 2031.06 393.82 0.0879 2026.23 407.10 0.2386 2035.70 410.42 0.1429 1971.24 521.50 0.9464 2030.60 521.61 0.0490 1916.95 632.26 0.9448 1948.37 625.48 0.0079 1877.05 695.43 0.8497 1893.35 688.97 0.0272 1980.73 794.22 0.7664 2024.46 798.50 0.1111 2009.99 997.99 0.8073 2035.16 990.69 0.0965 2045.15 1186.65 0.6005 2042.92 1176.25 0.0807
102 1705.74 132.73 2047.98 1356.53 0.9179 2001.43 363.14 0.6291 2009.68 338.71 0.4788 1993.66 341.29 0.3705 2024.15 332.00 0.2240 1995.13 340.86 0.1118 1996.62 434.70 0.4124 1993.86 439.99 0.6261 1829.17 368.64 0.4506 1842.50 374.52 0.6365 1758.13 233.84 0.6830 1756.39 235.69 0.8017 1985.40 791.23 0.7982 1975.74 788.71 0.8513 1936.07 1008.47 0.8436 1932.13 994.74 0.8681 1924.24 1254.82 0.6108 1929.14 1237.35 0.6519
103 1770.01 6.88 2048.00 1482.78 0.9305 1955.83 267.33 0.9141 1983.60 236.69 0.8571 1928.47 245.93 0.8711 2038.69 236.27 0.5307 1910.76 254.38 0.4445 2011.21 377.68 0.2715 1922.99 376.34 0.9544 1938.35 235.26 0.0439 1818.49 196.40 0.8981 2003.20 55.59 0.0734 1960.83 45.11 0.8614 1984.73 818.45 0.6644 1928.74 822.68 0.9315 1959.92 1117.09 0.5970 1946.86 1132.82 0.8954 1976.66 1408.98 0.3055 1973.89 1413.27 0.5924
104 1761.87 3.79 2047.75 1485.75 0.9126 1998.89 108.68 0.2406 2011.32 87.42 0.1487 1982.75 86.44 0.1531 2009.40 112.00 0.1284 1961.97 113.00 0.1256 1961.41 261.37 0.2591 1936.16 258.32 0.4856 1836.77 188.53 0.1448 1835.86 184.25 0.3036 1852.55 40.57 0.1487 1860.79 35.57 0.2684 1956.12 742.34 0.6567 1929.62 744.03 0.7393 1963.63 1134.81 0.6385 1959.48 1121.69 0.6951 1987.58 1435.29 0.2990 1972.74 1415.97 0.3467
105 1743.00 45.70 2047.84 1482.97 0.8632 1767.80 332.90 0.5747 1795.67 232.40 0.7679 1783.87 254.88 0.1045 1977.49 247.17 0.5760 1940.04 281.61 0.0047 1991.29 671.90 0.2169 1964.41 645.40 0.0499 1927.19 879.29 0.2115 1908.79 864.55 0.0362 1856.99 1159.01 0.4305 1853.84 1154.50 0.1223 1978.18 1104.72 0.1077 1953.76 1088.96 0.0608 1948.70 1397.97 0.0364 1903.70 1352.75 0.0215 1952.24 1364.04 0.0122 1923.87 1343.76 0.0097
106 1410.36 3.86 2047.73 1479.43 0.8102 1522.33 429.58 0.1580 1544.95 355.82 0.2492 1552.53 360.44 0.0232 1657.93 379.20 0.5113 1753.40 361.57 0.0199 1597.30 765.69 0.5669 1835.28 706.18 0.0879 1527.20 1013.20 0.2813 1691.66 940.88 0.0161 1458.77 1227.72 0.3021 1566.51 1132.58 0.0360 1639.17 914.60 0.3397 1834.14 886.53 0.1555 1545.07 1354.66 0.2094 1768.82 1328.65 0.0918 1592.67 1289.23 0.0679 1792.19 1284.19 0.0382
107 663.45 5.41 1873.23 1487.93 0.8824 1013.69 556.25 0.0283 954.31 517.49 0.0136 1108.81 526.68 0.0158 871.88 557.12 0.2313 1374.68 541.17 0.2346 836.68 899.27 0.1602 1496.29 790.17 0.5888 952.90 749.72 0.0391 1728.89 412.55 0.5283 1257.12 887.51 0.1124 1818.06 725.86 0.6148 1018.07 849.87 0.3389 1469.19 798.17 0.6114 914.24 1333.36 0.1786 1370.21 1297.79 0.3983 1032.08 1274.46 0.0492 1419.35 1280.31 0.0956
108 0.00 3.62 983.26 1487.20 0.9354 597.97 126.68 0.0058 580.38 134.22 0.0014 636.63 131.93 0.0044 436.88 132.91 0.0012 636.07 132.34 0.0038 410.99 5.68 0.0020 644.89 22.29 0.0212 828.17 64.54 0.0367 877.58 103.74 0.7070 890.72 734.58 0.2898 895.53 753.29 0.9114 202.00 405.88 0.1905 350.69 398.91 0.4507 286.50 944.51 0.1809 456.09 901.94 0.4587 201.28 1347.18 0.0476 285.43 1366.01 0.1102
109 0.27 5.46 577.67 1483.93 0.9528 307.82 16.98 0.0059 286.68 0.41 0.0010 327.73 2.96 0.0054 144.91 0.00 0.0095 335.53 0.00 0.0602 115.94 91.58 0.0124 355.02 117.19 0.8308 289.92 414.70 0.0069 458.44 446.64 0.9694 516.71 789.32 0.0137 520.09 801.94 0.9323 47.54 762.83 0.3465 201.05 771.14 0.9018 60.63 1285.37 0.0842 117.17 1321.44 0.5628 69.05 1451.82 0.0147 78.30 1495.81 0.0733
110 0.51 5.43 331.03 1484.69 0.9415 141.85 133.11 0.0878 126.47 103.53 0.0221 147.93 106.28 0.1637 4.53 105.46 0.1481 144.13 109.27 0.7591 0.00 244.51 0.0721 216.31 265.35 0.9810 51.74 312.94 0.0015 304.31 347.65 0.9048 124.67 217.51 0.0011 201.50 196.96 0.6404 3.49 791.66 0.1979 145.28 802.18 0.8391 24.37 1161.63 0.1250 90.66 1212.81 0.6941 39.85 1421.60 0.0503 80.42 1447.94 0.2299
111 0.42 31.06 218.31 1402.80 0.8775 69.96 227.01 0.1401 61.52 206.32 0.0488 66.17 209.52 0.1023 15.61 216.70 0.1130 51.91 219.23 0.2449 53.51 318.27 0.3299 80.84 315.76 0.8313 165.23 199.68 0.1376 174.04 171.75 0.7684 22.65 122.07 0.1514 36.08 102.17 0.6947 41.66 744.35 0.4993 55.33 739.86 0.7504 37.31 990.18 0.3594 37.51 1014.11 0.5877 38.17 1272.96 0.1368 44.70 1261.59 0.2225
112 0.14 178.39 203.10 1310.07 0.9170 60.77 356.89 0.0238 56.38 338.83 0.0115 65.11 337.52 0.0447 0.00 349.53 0.0857 66.93 345.86 0.3188 11.81 440.18 0.0236 95.68 430.98 0.9450 126.83 370.68 0.0055 162.70 292.78 0.9834 89.59 318.75 0.0199 98.80 234.41 0.9425 8.79 757.46 0.4056 70.80 755.33 0.9604 2.26 980.16 0.1336 34.88 994.49 0.8908 10.91 1196.67 0.0697 14.91 1210.61 0.6076
113 0.00 233.17 153.40 1287.97 0.8961 39.18 406.88 0.0311 34.23 391.87 0.0137 41.50 389.97 0.0598 0.00 404.15 0.0625 44.95 399.25 0.3630 0.00 488.44 0.0240 78.72 481.35 0.9429 75.16 432.05 0.0057 129.81 388.08 0.9804 69.25 306.21 0.0233 91.04 290.52 0.9386 4.18 775.80 0.3385 63.51 774.83 0.9468 1.13 974.94 0.1826 34.95 992.65 0.9180 9.66 1173.06 0.1432 14.94 1195.91 0.7722
114 0.24 358.13 138.63 1195.87 0.8985 32.16 447.19 0.0958 32.11 431.91 0.0105 30.58 432.02 0.2680 0.00 428.14 0.0085 21.91 428.98 0.7394 0.00 506.65 0.0104 39.06 513.42 0.9781 34.08 654.36 0.0010 74.01 659.80 0.9894 82.89 766.42 0.0059 110.07 772.21 0.9454 0.00 770.83 0.0633 21.45 772.56 0.8647 0.86 929.30 0.0557 29.47 934.93 0.9054 11.97 1110.41 0.0950 13.91 1114.26 0.8368
115 0.22 392.30 221.56 1144.31 0.9027 163.58 526.85 0.7596 171.80 509.84 0.0877 165.75 509.96 0.8617 85.48 480.85 0.0333 141.21 492.09 0.9613 13.00 509.32 0.9381 98.28 547.07 0.9968 7.73 496.20 0.2761 47.11 598.86 0.9965 0.00 455.73 0.3286 39.12 664.35 0.9889 8.82 767.01 0.9020 81.54 787.02 0.9719 31.01 912.95 0.5908 131.63 923.45 0.8840 47.39 1057.63 0.2133 130.42 1080.65 0.4670
116 0.00 455.24 307.73 1114.70 0.9312 277.32 542.74 0.8367 282.41 529.47 0.1471 282.69 526.87 0.8738 230.64 506.27 0.0684 262.81 507.41 0.9850 153.77 533.67 0.9974 229.53 555.65 0.9993 67.39 527.58 0.9296 205.17 603.62 0.9959 24.53 514.97 0.8371 236.42 659.19 0.9843 136.83 748.46 0.9990 186.38 759.44 0.9994 121.93 897.64 0.9978 187.59 911.61 0.9986 90.73 1033.94 0.9879 140.88 1070.91 0.9910
117 98.56 501.71 384.24 1072.83 0.9373 365.59 576.05 0.9175 369.95 565.09 0.1421 365.12 561.93 0.9326 323.33 551.02 0.0160 340.68 546.31 0.9867 261.11 579.72 0.9978 310.85 585.31 0.9990 176.31 591.85 0.9738 290.21 620.61 0.9938 129.64 600.92 0.9537 310.14 655.89 0.9853 258.58 762.42 0.9994 278.89 767.31 0.9995 298.69 886.73 0.9994 297.73 898.51 0.9995 265.60 1006.97 0.9972 189.37 1003.49 0.9973
118 240.27 528.38 596.63 1037.96 0.9405 478.73 591.63 0.9584 485.51 580.73 0.1611 478.45 577.60 0.9760 450.74 567.31 0.0054 451.52 562.87 0.9881 402.24 599.74 0.9735 405.16 610.99 0.9982 349.72 608.36 0.4962 365.40 654.38 0.9908 324.49 611.51 0.5495 326.84 685.07 0.9781 380.80 769.37 0.9964 401.42 775.47 0.9989 339.82 882.26 0.9985 467.95 881.84 0.9996 276.10 996.18 0.9968 520.86 994.95 0.9985
119 475.23 513.65 638.06 1038.74 0.8864 618.99 571.40 0.8836 621.98 560.79 0.0814 616.17 559.37 0.9415 586.32 553.80 0.0036 592.11 551.12 0.9783 556.66 603.48 0.8759 556.25 601.84 0.9976 564.41 694.96 0.1527 558.27 690.81 0.9920 603.67 760.89 0.1882 600.46 764.82 0.9687 553.68 767.23 0.9721 555.78 770.71 0.9960 560.25 881.99 0.9766 581.19 884.08 0.9975 515.33 982.85 0.9637 547.83 998.70 0.9927
120 545.84 527.92 791.29 1026.53 0.9261 727.19 564.11 0.6022 726.25 555.13 0.0431 723.13 554.73 0.7339 683.40 563.35 0.0217 706.30 563.73 0.9682 668.96 620.20 0.9479 695.84 624.71 0.9987 674.89 698.16 0.2734 712.22 699.34 0.9925 711.13 747.93 0.1892 753.39 750.25 0.9465 689.04 773.20 0.9951 695.55 777.24 0.9992 730.67 874.82 0.9968 685.89 882.14 0.9996 742.71 981.42 0.9960 584.88 968.22 0.9991
121 719.90 535.28 932.95 1018.08 0.9201 825.46 574.56 0.0849 821.86 566.03 0.0192 824.88 566.71 0.1121 777.74 572.90 0.3583 819.60 574.81 0.9000 761.63 625.86 0.9737 813.33 625.75 0.9991 749.85 694.36 0.3697 804.57 694.27 0.9968 781.62 760.32 0.1563 817.49 768.16 0.9649 759.08 773.24 0.9974 805.17 774.33 0.9995 760.76 875.84 0.9958 849.52 869.19 0.9994 740.91 981.23 0.9926 883.48 967.62 0.9984
122 692.60 536.34 1018.78 1004.82 0.9403 886.20 580.38 0.0291 883.37 572.96 0.0229 886.49 574.45 0.0169 865.08 577.48 0.8670 906.31 580.79 0.8604 834.76 625.81 0.9998 921.79 631.03 0.9996 785.98 682.23 0.9994 957.60 688.67 0.9975 728.55 729.40 0.9954 995.16 733.36 0.9814 842.73 767.68 0.9999 899.09 771.23 0.9999 837.18 865.75 0.9996 897.75 869.42 0.9993 837.32 962.53 0.9964 902.67 972.29 0.9949
123 704.18 512.44 1015.56 1006.36 0.9299 866.06 564.66 0.3239 872.69 560.69 0.3283 873.02 562.43 0.0383 874.48 578.03 0.9645 910.55 581.89 0.2509 846.81 614.60 0.9995 921.65 622.13 0.9994 788.60 583.89 0.9983 959.68 602.07 0.9968 731.96 539.80 0.9936 986.94 567.55 0.9883 853.93 764.37 0.9999 899.79 767.92 0.9999 850.98 871.12 0.9996 896.03 871.49 0.9996 865.57 978.39 0.9970 906.31 973.26 0.9969
124 779.00 444.50 929.90 1006.08 0.9094 846.42 567.65 0.1620 850.10 562.51 0.1585 851.86 562.77 0.0207 857.14 574.59 0.8997 892.39 574.35 0.1781 844.32 607.05 0.9987 906.42 607.73 0.9974 800.32 542.88 0.9977 914.84 554.39 0.9913 801.30 477.12 0.9926 903.59 498.62 0.9783 849.68 759.00 0.9997 885.53 757.69 0.9997 844.08 871.23 0.9986 874.66 864.59 0.9983 859.89 978.13 0.9884 881.73 960.82 0.9873
125 774.57 526.10 909.40 994.64 0.9057 833.97 587.14 0.0303 833.53 580.92 0.0245 836.28 580.92 0.0123 832.98 589.45 0.5467 873.56 588.71 0.3434 821.82 620.33 0.9930 893.71 624.25 0.9818 789.42 561.18 0.9936 892.71 584.55 0.9434 823.98 543.38 0.9797 886.38 556.77 0.8774 836.35 766.77 0.9992 882.10 768.73 0.9988 804.81 854.48 0.9983 860.33 865.55 0.9973 833.72 935.44 0.9932 868.76 968.39 0.9898
126 696.64 537.50 880.45 991.15 0.9141 784.08 602.45 0.1800 786.71 596.80 0.1804 786.86 596.41 0.0273 797.15 603.81 0.9114 826.70 602.44 0.2406 787.14 636.24 0.9985 848.30 635.68 0.9972 745.57 601.58 0.9942 857.75 602.42 0.9796 716.48 573.95 0.9730 849.99 561.94 0.9331 804.48 771.23 0.9996 846.34 771.72 0.9995 776.54 859.43 0.9987 848.88 865.32 0.9984 763.74 942.78 0.9928 863.04 957.80 0.9920
127 638.71 583.42 837.02 965.70 0.9244 725.34 613.13 0.0957 725.95 606.37 0.0950 726.62 607.32 0.0193 729.40 608.40 0.9329 758.68 608.98 0.5049 721.73 647.41 0.9996 784.67 648.84 0.9992 698.57 703.22 0.9982 811.22 696.08 0.9911 664.85 754.52 0.9840 825.99 731.85 0.9365 736.88 764.92 0.9998 775.75 764.47 0.9997 738.52 851.27 0.9981 765.34 845.99 0.9972 758.70 937.18 0.9865 764.11 920.82 0.9830
128 651.27 594.60 768.54 942.87 0.9110 697.85 620.74 0.1208 699.99 614.91 0.1139 699.70 615.93 0.0280 702.64 617.51 0.9263 729.34 621.11 0.5095 683.11 655.53 0.9995 746.67 663.44 0.9993 671.67 706.80 0.9965 752.92 721.45 0.9956 662.56 748.75 0.9750 754.44 773.47 0.9701 690.11 763.91 0.9998 730.80 767.97 0.9997 684.02 837.59 0.9985 712.30 842.01 0.9984 718.10 892.79 0.9910 710.17 907.05 0.9908
129 584.38 603.11 725.60 938.71 0.9090 653.17 630.06 0.0792 653.15 624.29 0.0684 654.01 625.58 0.0216 653.01 627.29 0.8806 679.40 629.52 0.5520 644.72 663.35 0.9992 695.91 668.13 0.9987 636.77 715.40 0.9950 716.55 717.99 0.9828 623.09 764.03 0.9583 695.79 752.66 0.8763 647.45 766.26 0.9996 686.56 768.56 0.9995 623.95 833.68 0.9981 689.36 838.50 0.9973 617.62 903.89 0.9900 699.65 912.69 0.9873
130 527.69 603.07 661.18 925.29 0.9085 608.72 629.99 0.0548 609.21 624.20 0.0447 609.88 625.49 0.0220 605.74 625.32 0.8641 631.18 629.53 0.6949 589.28 659.47 0.9994 643.80 667.32 0.9994 567.94 703.03 0.9973 650.05 717.01 0.9974 543.94 735.36 0.9791 638.07 759.73 0.9793 591.40 757.47 0.9997 625.88 760.70 0.9997 599.34 830.50 0.9970 615.26 829.21 0.9969 621.39 896.48 0.9770 615.65 895.07 0.9771
131 506.03 606.95 627.35 909.73 0.9093 565.59 632.00 0.1061 566.46 626.97 0.0976 566.26 627.48 0.0313 566.98 630.39 0.8851 590.90 631.91 0.5465 551.24 664.40 0.9991 606.63 669.19 0.9988 536.44 710.89 0.9954 613.41 719.39 0.9893 518.58 746.85 0.9671 614.75 758.51 0.9299 556.96 756.13 0.9996 591.71 759.58 0.9995 545.71 810.24 0.9978 576.20 822.13 0.9972 576.37 857.99 0.9886 576.59 883.16 0.9864
132 461.54 617.15 583.67 907.18 0.9201 519.55 643.12 0.0630 518.18 637.48 0.0544 520.68 637.94 0.0266 515.56 639.06 0.7362 542.46 637.71 0.5047 512.36 671.40 0.9969 557.83 669.42 0.9905 513.50 713.41 0.9831 571.48 710.47 0.8822 516.73 746.57 0.8875 554.01 735.31 0.5979 519.63 759.55 0.9988 555.74 758.60 0.9979 497.79 818.80 0.9967 558.57 821.94 0.9934 485.15 875.54 0.9901 569.76 881.06 0.9829
133 440.74 619.48 549.24 896.09 0.9072 504.66 644.46 0.0554 501.53 639.25 0.0318 503.70 640.14 0.0372 483.30 639.52 0.6291 508.71 638.97 0.7726 468.97 666.00 0.9982 523.05 665.57 0.9959 454.27 710.65 0.9920 537.01 707.78 0.9350 451.28 750.01 0.9342 520.96 718.02 0.6661 481.74 748.48 0.9990 516.48 744.74 0.9985 481.27 811.41 0.9957 514.16 791.01 0.9916 485.27 876.11 0.9832 508.26 824.20 0.9729
134 457.77 627.30 569.08 897.04 0.8756 516.37 651.12 0.0651 514.46 646.07 0.0199 516.06 647.35 0.0773 491.45 642.80 0.2951 513.94 646.48 0.8300 473.05 656.34 0.9413 519.05 662.96 0.9948 467.05 675.28 0.3390 551.50 682.40 0.9259 491.48 677.72 0.1016 559.19 683.66 0.4714 475.56 732.73 0.9772 502.49 728.41 0.9932 472.41 799.34 0.9459 498.33 763.62 0.9828 482.25 875.88 0.9328 500.52 772.32 0.9753
135 459.04 565.74 569.36 798.17 0.8805 545.65 589.18 0.4969 545.21 584.24 0.0753 544.70 584.40 0.6065 523.87 579.65 0.0695 535.72 580.08 0.9357 500.48 596.60 0.9464 528.66 598.56 0.9972 498.71 627.63 0.3386 534.72 628.53 0.9864 526.75 651.41 0.2212 554.07 654.22 0.9231 487.42 666.65 0.9866 507.42 669.49 0.9969 490.64 717.00 0.9806 513.24 723.12 0.9964 472.69 759.22 0.9747 496.79 776.38 0.9925
136 481.68 549.15 579.74 794.00 0.8924 558.21 575.29 0.9791 561.82 570.51 0.7208 554.52 569.25 0.9850 560.52 570.10 0.0586 540.66 565.75 0.9638 549.14 598.24 0.9829 522.08 589.84 0.9962 547.66 634.60 0.8320 499.65 619.95 0.9878 556.67 665.39 0.8716 495.27 655.40 0.9856 534.68 664.91 0.9899 522.04 662.74 0.9949 523.74 718.91 0.9894 543.88 716.22 0.9950 504.21 771.69 0.9770 542.34 770.36 0.9859
137 513.43 560.20 594.64 804.98 0.8789 571.41 587.60 0.9781 576.22 583.43 0.9149 567.72 581.94 0.9722 581.69 582.71 0.4209 558.46 578.39 0.8790 585.36 606.80 0.9931 539.20 599.59 0.9962 587.05 643.51 0.9538 521.38 633.32 0.9852 586.30 679.32 0.9561 524.56 668.94 0.9831 571.60 675.04 0.9938 542.75 673.01 0.9952 576.25 724.93 0.9910 552.73 722.75 0.9934 561.63 774.10 0.9766 544.72 777.32 0.9809
138 498.46 600.93 636.96 873.84 0.9156 578.83 625.91 0.9848 582.53 621.12 0.9525 572.37 620.72 0.9760 588.01 622.08 0.6173 562.57 621.71 0.8722 597.87 645.19 0.9967 547.97 644.44 0.9969 627.83 653.70 0.9739 511.23 651.75 0.9805 618.51 643.94 0.9698 513.46 640.48 0.9783 591.98 719.41 0.9959 561.29 723.77 0.9962 603.54 768.16 0.9922 567.33 787.60 0.9933 583.16 785.97 0.9792 573.63 853.34 0.9799
139 550.85 622.15 649.17 892.29 0.9027 597.77 645.07 0.9765 602.38 639.78 0.9401 591.71 640.15 0.9798 610.01 643.57 0.5867 582.61 644.56 0.9108 619.88 675.07 0.9816 571.91 678.13 0.9974 624.75 710.43 0.6847 562.02 719.11 0.9852 619.04 735.20 0.6700 594.48 732.45 0.9694 617.36 751.41 0.9859 584.35 753.69 0.9947 623.27 809.85 0.9812 579.90 810.78 0.9941 628.34 864.79 0.9714 575.92 865.75 0.9880
140 558.76 609.63 712.56 902.86 0.9178 618.25 630.93 0.9844 623.07 625.44 0.9689 612.61 626.37 0.9621 631.94 630.83 0.8230 606.01 633.43 0.7686 651.14 668.46 0.9978 595.12 672.11 0.9984 671.27 703.76 0.9833 578.12 717.17 0.9920 694.71 727.89 0.9797 569.09 757.40 0.9885 642.49 754.22 0.9978 608.07 755.56 0.9981 640.29 818.06 0.9953 610.85 816.27 0.9963 630.11 874.66 0.9813 605.81 879.30 0.9845
141 566.67 608.89 698.15 923.18 0.9179 612.55 626.78 0.9852 617.03 621.14 0.9780 605.57 623.64 0.9437 628.31 627.30 0.9132 601.09 633.95 0.6172 653.31 668.06 0.9986 591.00 675.14 0.9985 670.72 705.22 0.9854 579.84 722.83 0.9883 684.70 733.12 0.9775 574.57 769.34 0.9819 647.06 759.52 0.9983 606.84 764.54 0.9983 656.13 828.72 0.9970 618.70 832.49 0.9974 643.02 864.35 0.9904 630.01 898.09 0.9916
142 570.84 600.13 681.65 940.22 0.9166 607.93 627.80 0.9918 613.97 620.59 0.9936 604.98 622.32 0.8507 632.57 621.77 0.9825 604.63 627.05 0.0884 658.20 664.52 0.9987 597.26 668.07 0.9981 670.29 714.37 0.9903 578.24 707.75 0.9816 669.93 760.38 0.9864 585.38 715.16 0.9794 647.11 762.76 0.9984 606.54 763.99 0.9982 648.82 836.35 0.9978 611.23 833.95 0.9976 650.37 908.85 0.9917 618.99 896.14 0.9920
143 547.67 586.31 697.35 947.03 0.9165 601.44 620.81 0.9942 606.78 612.03 0.9957 596.98 614.56 0.8731 627.30 609.12 0.9863 597.52 617.73 0.0757 659.82 652.38 0.9989 594.54 662.17 0.9984 681.27 698.67 0.9921 582.72 715.47 0.9861 685.42 736.64 0.9889 573.04 766.07 0.9818 648.29 763.28 0.9985 603.14 766.30 0.9984 650.59 843.43 0.9972 592.19 840.07 0.9971 645.85 915.02 0.9872 583.63 918.33 0.9881
144 513.98 573.63 660.40 970.84 0.9248 574.84 615.89 0.9943 581.56 606.88 0.9954 567.39 609.24 0.9538 597.63 603.30 0.9766 561.34 610.96 0.3231 627.98 648.32 0.9990 553.86 655.65 0.9987 645.13 708.05 0.9932 540.55 715.77 0.9892 649.61 762.73 0.9919 525.90 773.44 0.9880 610.95 768.24 0.9990 562.05 772.96 0.9989 613.70 845.58 0.9984 558.59 853.26 0.9984 633.94 890.87 0.9938 561.00 937.61 0.9941
145 472.35 562.80 650.98 1004.29 0.9308 579.57 607.43 0.9930 586.92 597.86 0.9915 571.05 599.99 0.9757 601.61 597.06 0.9425 560.28 603.22 0.6780 626.08 649.56 0.9987 541.74 649.52 0.9990 632.23 712.01 0.9848 511.84 699.04 0.9915 634.08 766.88 0.9784 488.23 738.66 0.9872 604.43 777.12 0.9983 550.80 774.32 0.9984 598.35 871.92 0.9970 548.84 859.40 0.9973 583.89 963.14 0.9887 560.44 936.77 0.9905
146 512.97 533.87 710.21 1023.18 0.9235 591.71 581.58 0.9936 599.18 571.73 0.9782 581.40 573.30 0.9944 610.28 572.41 0.6661 566.36 576.43 0.9684 639.03 628.04 0.9992 546.00 632.39 0.9994 668.51 684.66 0.9903 535.19 706.85 0.9952 690.34 717.45 0.9881 530.31 774.97 0.9929 619.65 772.23 0.9993 561.54 772.49 0.9994 608.29 880.95 0.9989 555.52 870.07 0.9990 585.66 967.31 0.9957 542.43 979.19 0.9960
147 353.47 505.09 769.40 1059.79 0.7092 648.90 562.29 0.9907 654.28 552.33 0.6547 639.95 550.06 0.9938 643.84 552.16 0.0206 609.02 545.76 0.9930 657.35 613.39 0.9992 552.99 602.36 0.9995 692.23 668.67 0.9872 472.00 631.43 0.9916 739.62 702.16 0.9706 385.30 642.34 0.9795 633.21 773.96 0.9996 567.52 773.93 0.9996 645.71 877.29 0.9993 570.75 891.35 0.9993 619.67 960.65 0.9957 557.20 1015.62 0.9950
148 536.83 390.71 804.75 1066.91 0.9345 746.31 555.32 0.9544 748.72 544.78 0.1184 740.60 543.02 0.9783 721.27 546.22 0.0016 708.25 540.08 0.9848 709.60 598.75 0.9267 664.20 583.95 0.9985 709.97 590.56 0.2890 658.65 524.93 0.9965 715.24 578.21 0.3309 683.52 470.10 0.9900 710.10 768.59 0.9961 666.81 767.14 0.9994 722.32 894.23 0.9969 633.56 892.05 0.9996 723.19 1021.15 0.9929 556.51 1007.19 0.9983
149 695.22 457.74 971.14 1072.10 0.9290 870.71 565.60 0.9583 878.90 554.90 0.2425 868.58 551.98 0.9753 854.49 544.55 0.0078 847.11 537.60 0.9772 797.24 592.77 0.9496 810.81 572.76 0.9966 732.03 640.26 0.4621 802.11 545.01 0.9920 745.73 657.11 0.5795 835.41 509.92 0.9888 785.74 757.23 0.9932 801.41 756.93 0.9981 771.25 891.97 0.9964 853.21 891.25 0.9992 724.27 1025.65 0.9908 889.46 1029.28 0.9966
150 804.95 432.49 1055.67 1077.26 0.9323 1017.62 554.67 0.2345 1013.29 544.97 0.0190 1011.67 544.84 0.2535 965.33 545.28 0.0293 988.57 543.36 0.8388 928.04 598.32 0.9862 963.47 567.87 0.9917 877.16 662.12 0.9855 1008.02 499.26 0.9937 833.88 725.79 0.9802 1001.39 440.85 0.9880 936.01 757.33 0.9990 941.43 755.20 0.9991 968.06 882.18 0.9989 972.17 887.91 0.9992 907.79 970.02 0.9960 934.77 1024.08 0.9962
151 933.10 394.82 1296.32 1078.89 0.9380 1166.54 562.04 0.3979 1169.78 552.41 0.0234 1162.60 551.54 0.4215 1127.73 552.00 0.0166 1136.04 549.50 0.8854 1074.20 594.80 0.9898 1120.08 586.39 0.9934 1018.16 618.25 0.9840 1180.85 530.13 0.9948 975.99 633.54 0.9799 1256.16 458.84 0.9913 1090.21 766.57 0.9995 1101.09 770.92 0.9996 1141.40 886.01 0.9995 1103.61 896.02 0.9996 1134.39 1015.53 0.9979 1002.89 1003.25 0.9981
152 1119.88 515.21 1438.45 1061.75 0.9349 1332.61 576.70 0.8603 1334.57 565.80 0.1248 1331.99 563.56 0.9144 1293.59 557.30 0.0196 1308.80 556.18 0.9782 1251.38 594.53 0.9597 1265.31 611.53 0.9980 1217.54 603.45 0.4336 1234.51 675.78 0.9908 1217.74 593.14 0.4460 1222.04 742.30 0.9635 1236.87 769.17 0.9932 1259.87 777.36 0.9983 1204.76 892.95 0.9954 1312.98 896.37 0.9990 1148.70 1005.56 0.9901 1357.46 1019.39 0.9964
153 1342.90 487.54 1506.48 1075.81 0.9090 1492.83 550.14 0.5764 1493.52 539.20 0.0372 1490.20 538.47 0.7171 1460.46 537.23 0.0101 1471.96 535.94 0.9411 1448.58 596.87 0.8639 1419.90 594.59 0.9968 1439.08 700.91 0.1998 1387.42 686.90 0.9916 1453.13 790.85 0.1661 1396.92 771.73 0.9559 1442.36 772.47 0.9849 1415.64 776.43 0.9979 1483.34 885.50 0.9872 1413.08 896.95 0.9986 1429.89 993.51 0.9802 1372.33 1024.66 0.9959
154 1445.45 487.05 1786.87 1090.11 0.9407 1648.89 528.06 0.9294 1649.10 516.94 0.0603 1642.24 515.50 0.9688 1606.93 526.54 0.0016 1614.15 523.51 0.9899 1601.39 596.11 0.9089 1595.34 599.64 0.9990 1621.96 692.04 0.1635 1633.88 690.30 0.9969 1662.10 720.27 0.2553 1736.69 731.16 0.9885 1624.03 779.36 0.9922 1605.56 781.37 0.9991 1667.50 904.60 0.9961 1631.92 908.07 0.9996 1649.51 1050.74 0.9936 1480.20 981.64 0.9989
155 1625.48 479.05 2047.81 1124.20 0.9385 1831.73 528.15 0.8204 1825.35 516.73 0.0457 1823.97 516.41 0.8951 1769.62 525.98 0.0162 1798.66 526.21 0.9943 1728.90 604.76 0.9815 1813.39 601.61 0.9988 1727.41 692.55 0.3279 1895.71 673.85 0.9550 1797.25 710.51 0.1725 1978.81 692.50 0.7034 1739.74 793.45 0.9942 1807.18 795.84 0.9985 1728.84 916.22 0.9960 1878.52 924.02 0.9991 1658.89 1042.02 0.9925 1943.17 1065.39 0.9970
156 1795.80 448.45 2048.00 1132.98 0.9317 1990.27 509.03 0.2831 1979.06 494.28 0.0548 1985.75 497.74 0.2991 1917.57 499.63 0.3141 1972.09 501.36 0.9661 1864.94 579.06 0.9993 1995.98 568.98 0.9576 1818.05 674.68 0.9920 2048.00 601.43 0.2327 1811.45 759.77 0.8999 2032.77 586.85 0.0824 1868.80 774.91 0.9991 1951.82 776.27 0.9911 1872.86 909.62 0.9992 1980.85 917.27 0.9890 1832.71 1047.89 0.9983 1953.92 1074.46 0.9842
157 1890.90 440.59 2048.00 1133.08 0.9194 2046.84 507.55 0.0524 2038.38 493.36 0.0323 2045.49 494.86 0.0422 1983.46 494.45 0.4676 2035.37 497.53 0.7045 1931.94 574.87 0.9952 2040.05 573.08 0.8234 1909.66 681.66 0.8533 2040.04 669.40 0.0779 1959.43 708.04 0.2283 2025.67 710.05 0.0189 1934.24 772.21 0.9880 2003.33 775.35 0.8999 1977.38 916.16 0.9819 2008.64 914.75 0.8308 1966.04 1064.35 0.9623 1950.06 1063.41 0.7989
158 1925.81 462.69 2048.00 1139.47 0.8673 2046.89 529.50 0.0115 2047.58 517.76 0.0155 2046.43 519.53 0.0036 2048.00 525.24 0.1691 2048.00 527.15 0.0197 2035.32 594.01 0.7908 2035.76 595.10 0.0360 1992.68 684.43 0.7384 1990.58 687.85 0.0135 1999.86 661.91 0.4495 1998.49 653.19 0.0250 2046.95 783.96 0.6360 2043.59 786.73 0.1189 2034.57 928.42 0.6418 2042.35 927.62 0.1007 1969.49 1056.70 0.4921 1969.35 1056.11 0.1062
159 1970.80 575.53 2048.00 1131.66 0.6780 2042.17 631.26 0.0216 2040.60 621.11 0.0125 2043.93 623.41 0.0112 2038.15 624.80 0.0058 2047.91 628.63 0.0051 2046.94 659.01 0.0059 2047.17 660.76 0.0080 2043.60 668.08 0.0686 2041.40 664.28 0.1000 2012.65 636.09 0.4555 2012.57 636.88 0.5334 2047.75 802.73 0.0089 2045.91 803.37 0.0104 2048.00 911.09 0.0195 2048.00 908.84 0.0221 2039.19 1030.36 0.0172 2040.56 1021.45 0.0199
