28 1288.02 687.60 1358.73 870.02 0.4081 1321.68 703.02 0.7909 1325.47 699.20 0.7610 1318.89 699.37 0.5358 1332.08 701.73 0.6885 1315.35 702.36 0.2688 1340.92 724.91 0.9766 1310.99 725.33 0.9602 1348.72 750.62 0.9230 1305.12 752.41 0.7987 1342.81 770.70 0.8757 1298.05 776.72 0.7260 1332.85 778.69 0.9682 1312.56 778.11 0.9586 1332.60 816.65 0.9088 1308.57 816.09 0.8772 1334.31 852.71 0.7727 1308.81 851.92 0.7287
29 1276.62 686.68 1351.95 874.07 0.6027 1319.54 700.99 0.5296 1323.30 697.62 0.3999 1316.54 697.39 0.3794 1327.91 700.56 0.4415 1311.43 699.83 0.4134 1333.83 724.30 0.9598 1303.27 722.86 0.9688 1339.81 752.27 0.8350 1292.37 749.53 0.8825 1342.32 775.82 0.7214 1287.06 773.75 0.7725 1326.44 776.67 0.9702 1306.29 775.69 0.9736 1325.35 817.87 0.9203 1303.97 816.40 0.9300 1323.21 855.89 0.8196 1300.92 854.73 0.8359
30 1285.78 681.13 1358.77 877.74 0.6519 1317.70 693.57 0.5658 1321.48 689.82 0.4851 1314.40 689.71 0.3857 1326.87 693.24 0.5077 1309.81 693.07 0.3781 1335.48 717.52 0.9788 1302.99 717.62 0.9528 1351.64 740.45 0.9412 1295.86 741.88 0.7605 1343.57 751.66 0.8887 1302.04 746.29 0.6668 1327.71 775.24 0.9829 1306.46 774.57 0.9742 1326.03 819.12 0.9619 1304.88 817.51 0.9375 1322.70 857.27 0.9061 1303.34 857.17 0.8658
31 1282.29 673.30 1352.25 878.80 0.6611 1312.51 691.33 0.7345 1316.62 687.24 0.6945 1309.44 687.12 0.4839 1323.86 689.61 0.6554 1305.54 689.65 0.2832 1332.85 713.23 0.9761 1300.96 713.81 0.9638 1344.06 738.88 0.9064 1294.90 739.64 0.8088 1336.40 755.59 0.8398 1293.18 745.54 0.7243 1327.27 769.69 0.9762 1305.70 769.48 0.9708 1328.70 816.46 0.9441 1304.57 815.94 0.9296 1330.28 859.07 0.8607 1305.06 858.05 0.8388
32 1289.93 671.41 1366.45 881.62 0.6864 1320.86 691.37 0.8008 1324.84 686.67 0.7721 1317.24 686.88 0.5345 1332.85 688.15 0.7170 1313.55 689.47 0.2376 1347.50 711.58 0.9764 1311.61 713.45 0.9749 1359.06 738.88 0.8911 1300.60 734.66 0.8857 1357.46 757.14 0.8299 1302.94 713.39 0.8410 1343.67 771.55 0.9813 1319.00 771.90 0.9816 1342.41 821.79 0.9617 1313.44 820.29 0.9626 1343.57 865.40 0.9043 1307.65 862.09 0.9077
33 1289.38 670.45 1371.83 881.72 0.3348 1317.90 693.36 0.6683 1321.21 688.25 0.6380 1314.84 689.25 0.2702 1331.18 687.28 0.6668 1314.48 690.25 0.1106 1348.67 707.60 0.9715 1314.61 710.79 0.9548 1363.15 731.38 0.9497 1300.14 727.88 0.8707 1349.76 748.40 0.9263 1302.50 706.56 0.8489 1347.46 769.43 0.9736 1325.40 770.17 0.9674 1344.40 815.67 0.9130 1324.23 815.41 0.8912 1342.97 862.17 0.7162 1324.83 860.02 0.6859
34 1309.76 663.21 1362.05 888.91 0.7278 1317.65 686.00 0.9598 1322.19 681.30 0.9766 1314.68 681.46 0.7664 1332.17 681.85 0.9439 1312.44 683.10 0.1472 1345.14 704.78 0.9948 1312.60 706.74 0.8959 1346.61 734.79 0.9723 1310.44 734.97 0.2964 1318.49 744.83 0.9361 1312.56 743.73 0.3670 1340.00 770.74 0.9846 1316.66 771.73 0.9287 1343.76 820.76 0.9834 1317.49 823.23 0.9114 1350.37 862.80 0.9724 1320.80 867.62 0.9037
35 1285.54 665.84 1362.25 895.93 0.8612 1319.36 685.26 0.9846 1323.91 680.44 0.9849 1315.76 681.41 0.9217 1332.90 682.62 0.9394 1311.79 685.51 0.4054 1345.01 709.19 0.9972 1309.16 710.00 0.9947 1352.96 741.10 0.9872 1299.25 734.00 0.9399 1326.98 752.31 0.9834 1293.85 736.78 0.9351 1335.39 772.56 0.9944 1312.08 772.42 0.9925 1337.55 823.54 0.9912 1315.13 823.45 0.9871 1341.46 871.16 0.9738 1326.49 869.07 0.9661
36 1282.98 656.70 1359.22 900.46 0.8450 1315.68 679.54 0.9471 1320.27 674.71 0.9491 1312.96 674.77 0.7809 1331.68 676.53 0.8826 1310.87 677.19 0.2534 1345.06 701.98 0.9938 1310.35 702.81 0.9807 1341.11 736.36 0.9725 1303.84 736.23 0.7715 1306.40 741.59 0.9489 1300.14 744.09 0.7549 1338.05 774.09 0.9945 1313.36 773.29 0.9899 1338.37 828.59 0.9930 1309.67 827.89 0.9851 1339.75 877.60 0.9808 1311.61 875.60 0.9663
37 1285.02 656.99 1361.35 905.12 0.8273 1309.26 679.13 0.7253 1311.47 674.34 0.8350 1310.27 674.39 0.1864 1321.22 674.41 0.9163 1320.89 674.94 0.0371 1334.41 697.75 0.9901 1330.42 697.12 0.9175 1319.21 734.06 0.9826 1321.70 730.67 0.4006 1295.86 729.46 0.9599 1301.27 727.81 0.4559 1329.57 769.80 0.9945 1322.97 767.63 0.9816 1326.18 825.49 0.9953 1307.13 822.91 0.9790 1350.20 880.04 0.9878 1311.54 876.57 0.9629
38 1304.49 656.96 1373.69 906.72 0.8521 1313.06 682.56 0.2023 1313.55 677.93 0.2340 1315.18 676.95 0.0587 1317.82 677.03 0.7846 1336.66 673.78 0.1861 1325.58 699.91 0.9644 1357.71 694.54 0.9493 1316.59 738.56 0.7291 1365.57 733.26 0.5292 1315.05 737.04 0.4803 1352.98 741.65 0.3311 1341.51 770.60 0.9798 1359.93 767.30 0.9770 1336.20 831.79 0.9753 1341.05 827.28 0.9689 1355.06 885.72 0.9533 1341.50 880.45 0.9455
39 1304.19 659.61 1374.10 905.14 0.8454 1311.74 683.36 0.2193 1311.78 678.76 0.2519 1313.45 677.92 0.0492 1315.78 677.72 0.8309 1334.23 674.82 0.1578 1324.21 700.35 0.9875 1355.36 695.28 0.9686 1319.73 738.44 0.9491 1368.82 730.53 0.7191 1312.41 763.03 0.8404 1355.26 757.28 0.5441 1339.42 770.67 0.9926 1358.13 767.88 0.9883 1340.45 827.50 0.9829 1350.66 824.25 0.9690 1351.95 881.48 0.9418 1353.27 876.53 0.9116
40 1301.84 659.91 1372.43 906.01 0.8291 1308.31 683.64 0.1582 1308.38 678.81 0.2280 1310.22 677.84 0.0298 1313.08 677.11 0.9225 1330.91 674.47 0.1662 1323.32 700.14 0.9941 1351.66 696.22 0.9794 1323.38 740.32 0.9671 1366.99 731.23 0.7007 1314.30 773.10 0.8393 1358.87 756.77 0.4421 1338.29 770.95 0.9959 1355.43 768.75 0.9925 1341.18 825.70 0.9890 1349.76 823.99 0.9770 1353.58 878.59 0.9612 1354.57 875.07 0.9346
41 1299.02 661.41 1373.17 904.57 0.8300 1307.79 685.77 0.3598 1308.69 680.90 0.3824 1307.67 680.77 0.0455 1315.23 677.64 0.9158 1327.53 676.45 0.1147 1322.97 698.73 0.9976 1349.87 697.46 0.9907 1324.60 736.35 0.9894 1366.08 730.30 0.8423 1314.10 771.04 0.9444 1359.74 745.30 0.6035 1336.42 769.92 0.9976 1352.82 768.61 0.9957 1338.62 825.52 0.9918 1344.45 825.43 0.9842 1356.25 879.23 0.9662 1352.45 876.67 0.9477
42 1250.12 661.98 1363.36 899.07 0.8849 1289.16 687.80 0.7118 1290.07 682.57 0.8114 1288.44 682.27 0.0992 1298.68 679.71 0.9503 1305.90 677.88 0.0338 1313.48 703.26 0.9972 1325.02 700.59 0.9043 1321.18 739.91 0.9913 1333.21 740.70 0.2517 1315.19 778.00 0.9688 1319.45 775.68 0.2552 1320.46 775.50 0.9968 1333.41 773.35 0.9799 1299.75 826.04 0.9973 1334.53 827.68 0.9778 1281.25 880.53 0.9943 1351.55 877.92 0.9734
43 1240.74 652.65 1312.00 899.99 0.7752 1256.84 674.95 0.8288 1261.94 670.15 0.8857 1256.16 670.27 0.3004 1273.57 672.93 0.8994 1259.61 673.58 0.0470 1282.06 693.31 0.9897 1267.38 698.29 0.8291 1286.76 685.29 0.9534 1273.36 697.12 0.2718 1288.48 670.26 0.8993 1275.24 679.70 0.3284 1274.33 768.64 0.9906 1265.35 769.31 0.9555 1270.40 822.88 0.9949 1264.52 825.23 0.9718 1269.65 877.63 0.9928 1294.18 859.27 0.9749
44 1168.48 641.92 1335.63 900.56 0.9067 1220.95 671.53 0.9775 1226.54 667.80 0.9819 1218.86 667.01 0.8232 1238.02 673.65 0.9450 1217.73 672.46 0.1579 1249.39 697.96 0.9972 1210.97 696.15 0.9872 1282.51 682.19 0.9877 1194.61 684.72 0.8358 1310.53 661.05 0.9794 1200.93 666.41 0.8297 1238.13 772.35 0.9977 1212.03 771.80 0.9954 1243.66 826.42 0.9980 1201.33 825.52 0.9954 1263.03 876.90 0.9954 1192.86 879.67 0.9917
45 1126.54 632.96 1312.40 905.33 0.8746 1192.15 670.61 0.9852 1196.42 666.40 0.9467 1187.50 666.41 0.9757 1201.81 670.67 0.5318 1179.02 670.54 0.8707 1214.17 694.60 0.9973 1167.02 693.20 0.9965 1251.42 683.23 0.9894 1140.59 674.24 0.9778 1284.43 661.96 0.9879 1127.72 642.08 0.9766 1202.95 767.78 0.9973 1176.76 767.77 0.9970 1194.17 823.52 0.9947 1179.12 824.95 0.9935 1191.65 880.04 0.9802 1187.18 874.24 0.9761
46 1060.39 646.46 1303.24 911.42 0.9195 1167.03 668.27 0.9912 1172.22 663.51 0.9748 1162.09 663.78 0.9818 1179.57 667.27 0.7505 1154.90 668.37 0.8642 1197.45 692.78 0.9989 1143.59 695.55 0.9985 1237.86 698.72 0.9943 1109.27 704.56 0.9882 1277.05 687.69 0.9934 1076.21 699.84 0.9868 1184.72 774.91 0.9990 1154.16 774.65 0.9989 1178.78 830.94 0.9987 1145.23 829.00 0.9985 1167.26 885.95 0.9960 1153.95 871.66 0.9952
47 1104.94 648.00 1184.97 923.62 0.8722 1143.81 671.95 0.9757 1148.02 666.40 0.9563 1137.92 667.48 0.9666 1155.09 668.48 0.6609 1129.20 670.99 0.8214 1167.67 699.04 0.9958 1122.56 701.20 0.9728 1175.93 735.31 0.9593 1116.16 736.43 0.5889 1179.50 773.18 0.9183 1120.05 762.45 0.5846 1162.37 777.18 0.9930 1132.15 778.32 0.9809 1164.27 837.01 0.9952 1127.80 837.27 0.9846 1162.06 888.87 0.9932 1121.65 895.47 0.9826
48 1086.05 636.90 1175.94 929.06 0.8842 1134.32 663.52 0.9864 1138.86 658.38 0.9452 1128.69 658.19 0.9854 1143.80 660.84 0.4995 1116.99 660.15 0.9417 1153.00 691.51 0.9976 1103.56 692.91 0.9967 1161.74 729.17 0.9815 1095.54 733.08 0.9680 1167.95 764.15 0.9719 1096.91 764.85 0.9567 1146.47 774.59 0.9958 1114.12 775.66 0.9951 1148.10 839.52 0.9929 1115.92 840.61 0.9908 1145.71 901.08 0.9795 1117.63 899.70 0.9738
49 988.30 626.80 1291.02 939.24 0.9265 1141.90 661.81 0.9947 1147.24 655.96 0.9674 1135.87 655.77 0.9939 1152.81 655.60 0.4483 1122.68 654.57 0.9645 1166.91 681.23 0.9989 1103.59 679.93 0.9991 1213.82 679.11 0.9926 1057.11 673.59 0.9931 1259.76 662.85 0.9922 1014.97 652.91 0.9921 1153.00 778.72 0.9991 1115.96 776.93 0.9991 1145.09 848.14 0.9987 1107.67 842.36 0.9987 1133.25 912.37 0.9957 1105.11 890.69 0.9954
50 1053.00 547.57 1212.08 958.98 0.9100 1142.53 658.26 0.9913 1148.12 652.25 0.9710 1136.33 651.86 0.9838 1156.59 652.02 0.6529 1125.16 651.56 0.8559 1164.55 674.66 0.9977 1110.05 676.02 0.9981 1190.15 635.04 0.9806 1082.52 648.89 0.9888 1203.86 582.44 0.9804 1064.71 605.25 0.9881 1156.60 775.49 0.9984 1123.13 777.23 0.9986 1156.29 851.68 0.9981 1125.38 852.15 0.9983 1141.62 908.83 0.9946 1120.35 928.97 0.9949
51 1089.75 569.95 1202.53 966.63 0.8820 1143.76 649.17 0.9783 1149.69 641.73 0.9395 1136.78 642.36 0.9654 1158.24 640.55 0.5166 1124.34 641.47 0.7601 1166.29 666.46 0.9899 1112.38 661.81 0.9941 1169.15 632.98 0.9419 1118.11 608.73 0.9799 1162.67 596.30 0.9546 1156.19 582.58 0.9822 1160.07 772.62 0.9962 1121.98 773.62 0.9971 1165.46 858.02 0.9967 1120.76 860.43 0.9976 1167.54 936.50 0.9919 1127.73 933.16 0.9936
52 1104.62 573.64 1210.88 985.53 0.8960 1160.92 634.47 0.9811 1167.88 627.25 0.9612 1153.85 627.03 0.9669 1177.97 625.47 0.6708 1141.37 624.90 0.7320 1191.20 650.33 0.9927 1127.76 647.85 0.9952 1200.03 617.94 0.9456 1125.95 608.03 0.9747 1191.54 592.32 0.9501 1139.86 585.13 0.9738 1183.75 773.06 0.9973 1140.72 771.95 0.9978 1178.58 864.90 0.9981 1130.37 858.84 0.9985 1166.58 947.45 0.9958 1124.33 933.34 0.9965
53 1062.44 586.77 1262.29 1018.76 0.9268 1171.59 632.43 0.9931 1177.85 623.86 0.9589 1163.18 624.59 0.9931 1185.19 620.43 0.3584 1146.65 620.84 0.9574 1197.11 659.87 0.9985 1125.81 645.25 0.9983 1244.75 681.27 0.9932 1075.41 621.62 0.9905 1229.43 643.37 0.9941 1123.60 604.05 0.9923 1187.54 782.02 0.9988 1145.56 780.90 0.9987 1196.71 877.23 0.9978 1147.77 883.91 0.9977 1166.13 944.04 0.9908 1150.93 978.72 0.9893
54 1100.13 447.11 1321.33 1021.83 0.9158 1211.16 623.59 0.9935 1219.14 615.51 0.9294 1204.12 612.71 0.9941 1222.36 617.69 0.1244 1182.69 607.01 0.9675 1214.37 668.57 0.9981 1147.82 628.45 0.9977 1214.20 721.19 0.9953 1133.50 558.90 0.9821 1234.68 776.07 0.9940 1154.06 488.44 0.9864 1193.05 787.37 0.9991 1140.54 779.97 0.9989 1233.47 878.48 0.9989 1138.69 884.81 0.9985 1258.76 980.60 0.9953 1148.56 981.02 0.9930
55 1098.62 480.18 1358.69 1075.56 0.9322 1291.24 617.79 0.9973 1301.43 609.32 0.9476 1284.86 605.06 0.9980 1303.21 609.84 0.0941 1258.69 594.81 0.9886 1296.73 664.83 0.9991 1215.88 624.00 0.9992 1297.42 729.74 0.9965 1168.46 579.09 0.9905 1322.25 792.87 0.9951 1128.14 520.16 0.9907 1259.00 802.70 0.9996 1198.28 786.58 0.9995 1263.28 905.89 0.9994 1157.99 891.94 0.9991 1275.91 1026.62 0.9971 1137.12 954.41 0.9953
56 1112.70 514.18 1556.44 1076.48 0.9449 1283.26 583.83 0.9972 1294.91 571.71 0.9952 1273.60 571.40 0.9900 1312.72 565.78 0.9140 1258.04 565.64 0.7104 1340.52 615.48 0.9993 1233.63 617.33 0.9990 1426.59 627.65 0.9940 1186.89 679.94 0.9874 1510.69 613.45 0.9910 1147.80 741.58 0.9775 1296.21 790.95 0.9994 1229.57 785.60 0.9993 1296.27 916.10 0.9986 1198.84 896.96 0.9983 1272.71 1020.08 0.9902 1159.42 1008.99 0.9891
57 1163.98 340.34 1383.49 1144.65 0.9299 1207.67 584.65 0.9943 1213.08 567.26 0.9959 1191.87 578.14 0.9350 1238.47 554.76 0.9569 1184.38 586.01 0.1083 1300.31 584.02 0.9967 1207.60 649.92 0.9793 1345.93 494.44 0.9227 1232.36 701.94 0.5645 1360.29 405.50 0.8679 1236.37 707.74 0.4973 1323.92 789.88 0.9970 1262.41 812.08 0.9934 1319.03 936.61 0.9986 1266.37 929.58 0.9972 1279.82 1014.82 0.9970 1282.15 1078.86 0.9955
58 997.56 442.62 1572.05 1161.48 0.9408 1204.10 515.50 0.9911 1215.78 497.78 0.9804 1189.37 504.80 0.9448 1243.91 494.39 0.9151 1180.54 511.16 0.6104 1310.11 563.55 0.9968 1172.95 598.18 0.9956 1413.44 605.87 0.9871 1116.48 681.17 0.9778 1515.47 644.33 0.9821 1038.06 740.14 0.9700 1319.06 780.75 0.9987 1241.54 793.98 0.9986 1325.25 943.55 0.9962 1247.77 955.68 0.9955 1343.72 1087.42 0.9730 1276.75 1074.75 0.9723
59 1087.02 213.75 1418.28 1274.69 0.9203 1243.20 458.15 0.9950 1260.40 439.94 0.9888 1226.61 443.64 0.9659 1292.33 446.65 0.9291 1210.48 451.64 0.6175 1342.68 567.33 0.9962 1190.26 519.02 0.9955 1364.16 681.77 0.9814 1125.75 414.99 0.9661 1382.24 808.24 0.9843 1107.02 280.35 0.9674 1307.07 811.39 0.9970 1216.11 790.78 0.9970 1298.14 1006.53 0.9950 1204.23 1005.39 0.9936 1263.05 1163.65 0.9704 1256.55 1064.40 0.9694
60 1113.40 284.96 1505.88 1408.91 0.9256 1236.15 402.76 0.9923 1254.13 376.06 0.9900 1212.48 387.21 0.9492 1293.49 377.17 0.9331 1197.75 395.85 0.4335 1362.31 530.31 0.9950 1188.86 460.00 0.9705 1411.92 636.53 0.9789 1143.48 301.14 0.9261 1469.50 785.41 0.9738 1271.12 309.14 0.9501 1319.76 827.02 0.9992 1206.99 813.94 0.9988 1298.30 1023.47 0.9965 1206.22 1075.29 0.9955 1242.46 1171.16 0.9731 1197.97 1287.76 0.9650
61 1056.30 8.81 1514.69 1485.10 0.9333 1269.94 247.62 0.9950 1293.94 217.64 0.9839 1243.62 219.52 0.9712 1330.92 227.95 0.8701 1206.97 228.93 0.7230 1391.27 420.33 0.9986 1162.18 332.53 0.9904 1415.24 606.06 0.9928 1115.55 174.17 0.9231 1447.50 799.56 0.9871 1199.74 24.34 0.8906 1347.22 816.06 0.9989 1188.03 800.17 0.9976 1417.78 1089.93 0.9974 1178.18 1110.23 0.9938 1402.53 1367.69 0.9764 1201.86 1352.15 0.9600
62 985.05 0.00 1817.87 1485.05 0.9450 1377.76 14.69 0.6683 1416.28 0.00 0.3996 1339.82 0.00 0.2517 1478.04 3.22 0.6134 1298.90 10.12 0.4005 1587.10 253.09 0.9989 1250.51 158.14 0.9825 1658.38 531.53 0.9948 1092.36 73.65 0.8432 1716.49 822.03 0.9525 1037.05 50.00 0.4343 1518.46 851.20 0.9995 1299.69 823.43 0.9984 1533.25 1279.56 0.9724 1281.09 1285.77 0.9145 1519.89 1442.28 0.4310 1241.27 1434.77 0.2665
63 751.92 3.36 2048.00 1472.56 0.9415 1294.55 22.00 0.0042 1314.12 9.99 0.0015 1299.58 15.00 0.0013 1418.58 0.00 0.0072 1376.58 0.00 0.0052 1571.87 41.95 0.1327 1285.48 45.87 0.4219 1499.97 390.74 0.5037 1092.36 323.58 0.9314 1352.99 741.72 0.3279 874.61 448.70 0.8354 1555.69 928.68 0.9712 1342.59 916.62 0.9888 1513.19 1446.39 0.0971 1283.41 1424.36 0.2086 1557.89 1237.39 0.0037 1321.74 1301.00 0.0070
64 855.45 4.59 2048.00 1480.42 0.7039 956.43 327.00 0.0814 953.33 219.19 0.0712 936.24 237.03 0.0155 1073.40 114.46 0.0720 1109.89 117.01 0.0111 1331.85 251.70 0.2658 1328.06 207.77 0.0568 1283.85 791.36 0.4564 1273.78 786.58 0.0832 1185.58 1347.81 0.4400 1186.51 1363.89 0.1150 1660.17 1145.61 0.1569 1660.24 1107.34 0.0962 1351.68 855.34 0.1632 1282.71 838.34 0.0915 1307.25 1353.34 0.1598 1190.60 1327.23 0.1124
65 337.41 3.43 2039.97 1470.21 0.4270 1208.97 365.94 0.0165 1274.19 293.62 0.0106 1206.49 287.88 0.0118 1411.46 220.60 0.0115 1262.82 200.07 0.0128 1548.94 178.48 0.0263 1067.08 139.27 0.0354 1387.49 659.59 0.0694 1014.48 582.55 0.1510 1144.65 1178.94 0.0505 1125.00 1215.01 0.0842 1210.82 852.63 0.0647 909.21 815.22 0.0838 1117.14 437.50 0.0971 957.31 420.44 0.1185 1004.20 1207.47 0.1045 919.24 1161.38 0.1135
66 0.00 4.56 1464.98 1475.41 0.9543 794.99 44.75 0.0005 812.19 28.24 0.0001 769.70 40.21 0.0002 815.95 0.00 0.0007 698.87 0.00 0.0024 932.59 31.58 0.1702 550.08 8.91 0.0231 1178.60 328.25 0.8608 787.81 278.98 0.4956 1328.57 803.18 0.8423 1353.65 811.02 0.4606 766.00 809.08 0.9893 520.24 801.27 0.9751 647.12 1438.88 0.3408 579.84 1434.85 0.2081 654.96 1349.15 0.0127 684.71 1392.81 0.0078
67 0.00 6.78 950.39 1484.48 0.9618 384.26 82.67 0.0325 376.65 56.46 0.0071 413.06 64.05 0.0095 347.07 32.45 0.3007 515.70 47.63 0.5122 244.36 182.49 0.9807 611.97 177.20 0.9817 93.45 472.20 0.9241 769.75 299.41 0.9310 7.77 770.22 0.6655 853.60 188.36 0.5998 308.59 839.74 0.9934 571.03 841.39 0.9943 233.20 1267.96 0.8780 641.82 1266.70 0.8784 225.31 1471.81 0.1727 666.29 1489.91 0.1764
68 0.13 2.84 504.71 1479.04 0.9571 212.34 163.50 0.0822 207.75 135.46 0.0333 244.55 151.93 0.0286 198.27 127.08 0.6584 344.68 153.30 0.5472 59.89 280.20 0.9635 373.47 218.37 0.9942 33.08 534.59 0.6576 470.07 112.48 0.9504 7.36 754.85 0.2854 339.41 35.58 0.7128 141.18 765.45 0.9883 343.26 758.27 0.9956 156.68 1073.35 0.9588 371.26 1109.45 0.9810 220.77 1416.42 0.7304 365.96 1408.32 0.8208
69 0.24 214.62 439.53 1422.19 0.9373 235.53 312.38 0.0420 222.85 294.49 0.0115 244.80 302.44 0.0213 152.94 298.91 0.2935 275.05 309.21 0.4605 58.55 433.18 0.9101 312.93 364.21 0.9898 15.60 600.42 0.6408 411.17 267.27 0.9584 1.54 740.68 0.3465 262.09 276.70 0.7879 138.71 801.43 0.9947 293.39 777.03 0.9982 109.62 1059.03 0.9887 254.83 1043.60 0.9948 169.37 1312.40 0.9492 220.66 1244.15 0.9707
70 0.36 109.37 331.45 1373.62 0.9285 118.55 395.25 0.1820 113.13 377.47 0.0928 136.32 381.78 0.0518 106.15 373.46 0.6509 213.12 377.42 0.3885 61.58 475.55 0.9726 255.72 433.76 0.9836 50.29 587.15 0.8613 289.20 329.20 0.9481 59.44 711.14 0.7144 249.77 178.56 0.8519 97.53 788.27 0.9955 233.70 788.60 0.9969 67.27 976.07 0.9904 227.67 1033.89 0.9932 55.65 1177.18 0.9655 229.67 1268.22 0.9699
71 0.20 295.27 400.84 1260.08 0.9392 90.39 432.12 0.0888 83.17 415.77 0.0368 106.66 422.73 0.0762 51.06 412.43 0.4188 151.05 420.16 0.4923 2.76 476.53 0.4833 178.12 472.49 0.9885 56.85 459.26 0.0392 291.51 415.94 0.9520 187.09 392.38 0.0169 361.23 348.05 0.7497 23.01 769.90 0.9310 138.11 766.86 0.9912 17.73 952.03 0.9392 151.48 951.50 0.9910 44.63 1152.28 0.9068 163.56 1132.44 0.9731
72 0.00 339.73 413.08 1225.16 0.9162 139.06 489.79 0.0143 138.51 478.16 0.0083 145.93 480.96 0.0275 75.60 468.04 0.6933 163.16 486.27 0.9091 11.35 504.96 0.9199 174.70 558.04 0.9984 0.00 507.67 0.2125 268.06 646.58 0.9958 18.20 478.52 0.0547 373.02 724.09 0.9048 31.67 764.62 0.9887 137.20 784.36 0.9986 7.52 936.77 0.9709 121.07 939.54 0.9970 41.88 1079.26 0.9580 99.83 1090.66 0.9930
73 0.25 458.35 218.52 1147.94 0.9360 131.13 520.81 0.0330 127.68 510.71 0.0209 137.07 513.28 0.0647 90.57 503.57 0.7425 162.01 517.85 0.9363 31.37 541.26 0.8483 167.84 576.65 0.9994 0.00 591.46 0.0556 192.89 657.85 0.9977 1.29 684.04 0.0163 195.47 756.94 0.9322 24.81 763.91 0.9275 120.10 781.36 0.9960 3.07 908.09 0.6394 111.46 933.44 0.9802 1.03 1050.12 0.5338 88.62 1087.92 0.9361
74 0.21 465.89 201.19 1095.16 0.9407 44.96 527.91 0.0165 43.77 515.44 0.0096 50.06 516.74 0.0458 12.14 516.68 0.5561 84.63 521.68 0.9177 0.00 577.64 0.3787 120.29 595.93 0.9992 0.00 664.65 0.0069 160.65 696.75 0.9975 0.00 745.68 0.0052 178.94 773.87 0.9342 0.00 776.44 0.7192 91.50 779.35 0.9932 0.00 903.44 0.4101 89.80 890.44 0.9843 11.57 1043.83 0.5025 85.06 999.51 0.9727
75 0.14 501.41 159.22 1061.64 0.9252 46.87 556.16 0.0199 46.47 544.92 0.0151 50.68 546.58 0.0414 27.44 545.25 0.6431 91.32 550.90 0.9043 5.88 596.09 0.5720 124.21 617.15 0.9984 0.00 664.63 0.0125 128.46 704.18 0.9730 11.97 723.56 0.0041 105.74 744.84 0.4842 8.68 773.69 0.7199 95.49 781.81 0.9872 0.00 880.08 0.2958 74.13 892.65 0.9461 5.31 981.46 0.3391 60.52 1004.15 0.9008
76 0.14 515.10 204.10 1046.40 0.9385 59.97 569.27 0.0266 60.29 560.69 0.0177 63.87 561.33 0.0719 28.54 558.07 0.6079 90.36 562.89 0.9188 1.70 592.60 0.4526 120.41 611.89 0.9990 2.78 641.91 0.0101 175.04 685.68 0.9972 20.82 699.41 0.0057 184.49 761.50 0.9185 9.26 772.19 0.6984 92.22 779.35 0.9905 0.00 872.74 0.1938 77.33 887.49 0.9454 5.50 984.01 0.2049 53.37 1002.03 0.8765
77 0.00 538.55 147.49 1027.67 0.9230 115.14 598.71 0.2787 115.15 590.26 0.0576 115.72 588.72 0.5458 59.11 578.30 0.1940 107.08 578.18 0.9686 10.04 608.37 0.5787 98.60 597.88 0.9987 3.63 673.70 0.0186 95.49 640.22 0.9944 31.59 701.20 0.0163 91.87 698.11 0.9193 0.00 765.60 0.6637 63.52 762.62 0.9816 14.35 866.79 0.2942 116.68 845.66 0.9433 2.71 981.75 0.3019 93.16 973.57 0.8829
78 0.00 542.50 213.65 1018.41 0.9182 192.58 596.49 0.9710 194.51 585.18 0.1936 186.44 585.80 0.9890 143.14 577.14 0.0058 155.68 580.94 0.9961 100.47 620.44 0.9419 139.35 627.03 0.9992 74.74 692.47 0.1693 110.92 702.06 0.9942 90.43 756.53 0.2008 104.87 773.99 0.9745 84.93 771.64 0.9738 125.48 776.19 0.9965 55.85 871.98 0.9594 173.92 868.03 0.9953 9.00 970.31 0.9114 171.29 979.46 0.9798
79 103.32 544.94 366.01 1010.04 0.9333 293.17 588.75 0.9669 292.60 579.67 0.1835 287.12 578.97 0.9738 253.79 580.90 0.0065 260.73 580.50 0.9919 211.65 623.15 0.9987 245.75 632.54 0.9989 158.94 686.07 0.9961 255.14 713.91 0.9962 133.77 745.21 0.9952 327.17 754.97 0.9940 226.70 769.62 0.9991 231.11 777.43 0.9991 288.89 849.68 0.9980 210.26 872.54 0.9979 255.37 939.26 0.9880 178.95 970.49 0.9845
80 257.44 563.99 482.83 993.54 0.9224 400.06 600.26 0.8729 398.73 592.45 0.1499 396.12 592.05 0.8924 357.00 598.87 0.0469 376.32 599.45 0.9851 331.14 645.19 0.9983 374.72 654.79 0.9990 304.10 710.40 0.9854 401.46 718.52 0.9950 287.35 763.85 0.9665 442.43 752.10 0.9843 343.97 771.67 0.9991 360.65 776.40 0.9992 388.75 864.28 0.9980 365.13 866.49 0.9981 376.92 951.07 0.9903 311.44 929.85 0.9900
81 336.49 585.35 603.30 987.45 0.9378 501.69 613.30 0.8867 498.67 606.24 0.0836 495.99 606.85 0.8965 467.17 614.11 0.0096 482.36 615.14 0.9790 479.89 661.34 0.9976 470.21 656.17 0.9990 517.54 697.96 0.9884 415.71 693.50 0.9981 559.97 663.69 0.9892 367.62 743.59 0.9972 466.82 785.97 0.9997 479.14 782.57 0.9997 433.00 869.44 0.9994 519.49 862.95 0.9996 387.14 955.33 0.9959 550.78 952.38 0.9961
82 527.98 588.50 701.01 978.30 0.9088 612.83 618.84 0.7399 610.49 612.26 0.0852 608.47 611.48 0.7494 576.47 617.78 0.0422 590.13 616.28 0.9587 550.21 662.20 0.9959 586.10 659.13 0.9982 535.74 724.12 0.9462 611.00 718.71 0.9958 549.67 751.33 0.9040 665.01 746.48 0.9902 568.79 771.72 0.9979 587.23 773.22 0.9985 592.98 854.79 0.9946 591.14 862.00 0.9971 573.45 939.32 0.9729 560.21 950.32 0.9814
83 564.71 604.97 754.42 967.20 0.9147 696.31 640.01 0.5821 696.03 633.16 0.0695 694.32 632.99 0.5765 664.37 635.16 0.1117 683.55 634.68 0.9779 637.06 668.85 0.9995 685.09 675.77 0.9989 597.16 707.67 0.9969 721.35 695.12 0.9592 580.03 748.67 0.9824 734.01 677.99 0.8048 649.11 779.91 0.9998 666.76 783.87 0.9997 682.36 854.41 0.9997 678.40 861.25 0.9994 686.57 936.17 0.9990 607.64 913.52 0.9981
84 671.00 615.91 834.61 957.71 0.9066 771.73 645.70 0.8354 772.90 638.54 0.0908 769.54 638.62 0.8455 743.32 637.22 0.0128 755.41 637.89 0.9534 731.99 668.96 0.9929 735.52 668.66 0.9970 766.07 691.87 0.9576 711.12 701.07 0.9937 795.58 664.15 0.9568 689.11 739.88 0.9897 717.72 776.10 0.9988 733.13 776.18 0.9991 703.72 850.36 0.9985 772.75 845.30 0.9989 687.59 925.02 0.9933 791.93 924.09 0.9941
85 768.27 620.27 876.16 951.12 0.8854 839.08 649.37 0.3974 837.76 642.97 0.0672 837.48 643.49 0.4700 810.83 642.88 0.1627 830.17 644.12 0.9376 787.14 676.01 0.9855 822.87 679.36 0.9987 774.94 726.65 0.5706 832.19 732.12 0.9929 785.84 757.05 0.2974 861.39 758.16 0.9487 792.21 773.65 0.9957 813.99 777.53 0.9986 806.94 843.54 0.9920 821.02 849.16 0.9980 789.38 908.97 0.9834 804.37 923.53 0.9939
86 809.16 632.91 954.17 946.82 0.8851 901.99 659.47 0.2768 901.34 653.89 0.0369 900.71 653.89 0.3152 876.08 655.69 0.1155 894.01 655.84 0.9271 848.78 685.92 0.9882 894.86 686.34 0.9975 833.00 714.36 0.7009 930.24 698.61 0.9641 857.84 707.20 0.2987 936.67 687.98 0.7141 859.79 779.19 0.9971 879.91 781.95 0.9986 887.76 848.36 0.9952 873.43 852.19 0.9977 892.35 912.23 0.9907 827.16 912.40 0.9944
87 886.55 637.43 1029.17 938.17 0.9198 959.68 664.79 0.3501 958.66 657.72 0.0429 958.80 658.74 0.4674 932.86 656.42 0.1192 951.92 659.23 0.9560 913.55 687.19 0.9740 949.24 695.36 0.9991 928.10 724.40 0.3574 970.26 743.83 0.9958 977.48 757.36 0.2008 1004.59 773.32 0.9649 913.20 780.92 0.9960 944.03 784.74 0.9993 912.20 847.32 0.9943 966.36 843.92 0.9992 897.81 913.34 0.9918 991.45 907.41 0.9982
88 964.61 573.42 1078.30 931.60 0.8797 1019.58 649.12 0.2714 1017.11 645.05 0.0412 1016.77 645.39 0.2375 990.34 651.19 0.1109 1011.93 652.35 0.8162 979.72 673.30 0.9918 1012.12 677.15 0.9963 978.44 641.76 0.9652 1043.87 651.61 0.9961 988.43 607.03 0.9452 1054.85 607.73 0.9918 986.47 765.81 0.9990 1004.92 768.79 0.9993 994.63 832.91 0.9983 1009.28 837.77 0.9989 983.51 893.68 0.9939 999.91 905.99 0.9955
89 1005.52 601.20 1084.67 930.75 0.8677 1060.58 662.52 0.1430 1060.01 658.26 0.0354 1060.30 658.20 0.1042 1034.22 663.26 0.1514 1056.05 663.14 0.6037 1023.97 682.27 0.9848 1057.37 685.45 0.9861 1021.88 653.37 0.9530 1067.69 651.24 0.9617 1037.05 623.02 0.9010 1062.07 619.06 0.9134 1034.80 768.30 0.9982 1054.32 770.49 0.9982 1054.47 835.08 0.9978 1055.70 836.72 0.9978 1058.48 902.88 0.9941 1021.31 885.90 0.9938
90 1045.02 631.76 1168.64 921.24 0.8497 1097.58 665.99 0.2872 1096.04 661.13 0.0418 1096.36 661.63 0.3348 1072.36 665.04 0.1042 1091.77 666.30 0.8882 1061.99 686.91 0.9612 1094.10 690.16 0.9968 1079.38 671.90 0.4543 1124.24 676.98 0.9868 1110.20 646.66 0.2866 1149.13 648.10 0.9308 1064.10 772.06 0.9951 1089.85 773.53 0.9986 1064.11 835.18 0.9942 1108.22 830.97 0.9987 1059.18 896.94 0.9914 1124.07 886.01 0.9972
91 1093.00 646.33 1182.48 912.46 0.8699 1142.08 667.76 0.1174 1138.81 662.53 0.0330 1140.50 663.30 0.1530 1117.33 665.26 0.3034 1138.96 666.40 0.8716 1105.45 694.68 0.9594 1144.46 697.49 0.9981 1103.42 729.56 0.3274 1157.22 738.18 0.9876 1123.73 761.13 0.1280 1173.00 769.69 0.8789 1111.55 770.59 0.9923 1137.09 772.63 0.9985 1119.60 824.92 0.9851 1139.00 830.88 0.9979 1107.82 874.20 0.9822 1129.60 890.08 0.9958
92 1080.18 657.52 1182.91 907.16 0.8632 1175.03 678.48 0.1723 1171.98 673.28 0.0520 1173.09 673.84 0.1318 1152.05 673.98 0.3492 1169.40 675.63 0.8297 1136.65 695.19 0.9935 1169.75 699.91 0.9926 1110.12 718.41 0.9261 1160.89 732.25 0.9202 1098.33 741.65 0.7449 1151.21 767.30 0.7463 1139.43 768.97 0.9973 1158.00 771.20 0.9967 1148.72 823.63 0.9909 1161.53 825.54 0.9893 1141.29 876.38 0.9682 1143.68 878.81 0.9634
93 1127.90 662.26 1236.21 900.42 0.8766 1206.53 687.50 0.3572 1206.38 682.40 0.0611 1206.07 683.04 0.3439 1186.65 679.07 0.1594 1200.01 680.57 0.8942 1161.41 700.78 0.9935 1194.15 700.46 0.9980 1145.84 735.40 0.9164 1179.12 730.34 0.9944 1139.55 769.83 0.7968 1168.05 769.87 0.9779 1157.05 775.67 0.9979 1183.38 777.05 0.9987 1160.49 829.77 0.9946 1201.87 823.63 0.9970 1158.37 877.93 0.9826 1206.98 875.58 0.9885
94 1170.81 659.18 1287.33 894.54 0.8730 1242.00 686.59 0.9172 1242.73 682.15 0.2775 1239.62 681.67 0.9184 1233.02 681.78 0.0239 1228.31 680.41 0.9330 1223.19 699.93 0.9894 1215.10 703.01 0.9944 1252.59 698.91 0.9493 1203.48 726.59 0.9886 1269.81 681.96 0.9581 1195.23 739.60 0.9873 1213.07 772.05 0.9965 1212.62 772.70 0.9973 1206.58 822.54 0.9962 1220.02 823.79 0.9972 1183.58 865.19 0.9883 1213.99 874.78 0.9896
95 1195.31 650.37 1299.39 891.76 0.8850 1260.17 688.92 0.9748 1263.94 684.66 0.7919 1256.77 683.39 0.9762 1266.44 683.83 0.1291 1245.68 680.60 0.9410 1264.88 700.74 0.9941 1228.80 705.31 0.9949 1287.71 692.47 0.9715 1209.23 733.21 0.9745 1284.31 669.62 0.9745 1204.15 753.71 0.9719 1252.24 770.64 0.9951 1229.58 771.28 0.9952 1252.23 822.09 0.9939 1230.67 818.73 0.9937 1245.74 869.23 0.9839 1214.20 869.95 0.9822
96 1225.81 663.12 1363.87 891.62 0.9168 1286.75 687.68 0.9804 1289.68 683.35 0.7874 1282.80 682.64 0.9820 1289.97 683.54 0.0921 1270.33 681.37 0.9494 1290.01 705.83 0.9945 1251.84 703.71 0.9954 1316.79 715.61 0.9807 1234.62 730.54 0.9862 1344.52 701.81 0.9868 1235.49 761.56 0.9888 1273.26 770.07 0.9967 1255.51 769.33 0.9969 1262.23 820.71 0.9963 1280.88 817.41 0.9964 1241.79 867.85 0.9885 1288.49 871.80 0.9877
97 1264.15 659.09 1361.41 897.25 0.8915 1332.40 682.26 0.9809 1333.78 677.23 0.7084 1327.60 677.19 0.9830 1331.97 678.44 0.0431 1313.12 677.26 0.9585 1331.78 707.61 0.9922 1297.57 704.19 0.9941 1335.90 743.53 0.9618 1283.75 740.41 0.9761 1348.68 775.25 0.9711 1284.44 776.38 0.9799 1321.14 772.09 0.9945 1302.17 772.03 0.9949 1309.00 826.53 0.9943 1315.28 825.66 0.9946 1280.45 858.23 0.9841 1314.46 878.37 0.9829
98 1306.18 657.53 1435.53 898.58 0.9078 1377.35 680.06 0.9736 1379.08 675.38 0.6318 1372.73 675.17 0.9855 1375.36 677.53 0.0466 1359.80 676.78 0.9752 1370.79 704.34 0.9514 1352.24 702.12 0.9976 1380.11 734.06 0.3954 1374.85 728.09 0.9917 1404.18 729.38 0.4851 1412.15 723.30 0.9827 1370.64 776.11 0.9802 1351.95 776.32 0.9959 1384.98 825.78 0.9843 1334.88 827.00 0.9974 1395.78 876.74 0.9819 1316.21 877.05 0.9951
99 1384.16 651.97 1487.91 906.04 0.8985 1432.22 673.05 0.9830 1434.21 668.29 0.8493 1426.26 668.27 0.9828 1434.74 672.63 0.1689 1413.06 671.60 0.9579 1434.34 702.32 0.9953 1403.11 701.99 0.9972 1443.26 738.01 0.9519 1397.00 743.10 0.9889 1468.45 763.27 0.9387 1414.26 779.25 0.9815 1430.93 774.06 0.9957 1411.89 775.43 0.9968 1432.20 823.62 0.9807 1424.54 825.33 0.9878 1410.68 878.04 0.9268 1411.33 879.78 0.9458
100 1393.81 645.71 1553.95 910.91 0.9273 1499.83 672.47 0.9912 1500.80 667.53 0.7708 1493.87 667.36 0.9929 1498.10 670.31 0.0337 1477.95 669.66 0.9811 1502.91 697.66 0.9964 1460.44 697.36 0.9978 1532.73 701.72 0.9768 1430.16 723.68 0.9904 1544.71 666.79 0.9842 1407.00 752.86 0.9910 1490.15 772.50 0.9979 1468.51 772.45 0.9982 1487.52 832.76 0.9984 1489.98 823.30 0.9987 1439.95 860.32 0.9956 1491.33 889.81 0.9958
101 1481.48 619.50 1626.80 914.77 0.9011 1559.06 673.22 0.9840 1562.58 668.06 0.7436 1554.99 666.54 0.9865 1560.56 668.95 0.0528 1539.54 665.92 0.9651 1556.47 685.88 0.9951 1523.65 699.75 0.9972 1565.96 654.33 0.9791 1540.94 735.53 0.9938 1543.40 635.68 0.9865 1580.57 754.22 0.9943 1553.67 775.09 0.9981 1525.12 779.19 0.9984 1569.59 834.91 0.9980 1514.18 835.67 0.9984 1588.89 891.85 0.9938 1494.64 889.93 0.9943
102 1572.56 589.16 1669.67 922.86 0.8870 1622.64 667.77 0.4093 1623.44 662.64 0.0620 1619.02 661.94 0.4598 1614.08 665.43 0.0291 1605.64 663.60 0.7395 1604.42 690.48 0.8343 1593.63 689.74 0.9837 1631.59 664.42 0.3833 1618.45 666.45 0.9870 1646.58 626.01 0.4841 1646.77 627.06 0.9796 1610.43 769.31 0.9809 1603.59 771.71 0.9943 1617.53 829.55 0.9831 1627.05 828.33 0.9962 1592.97 893.51 0.9732 1601.06 894.41 0.9914
103 1613.12 594.62 1820.73 926.75 0.9266 1708.81 666.57 0.9608 1709.42 661.00 0.4664 1703.47 661.10 0.9608 1705.34 662.40 0.0262 1690.31 660.79 0.9486 1709.19 694.51 0.9946 1676.71 680.76 0.9961 1750.00 707.65 0.9837 1662.12 655.29 0.9920 1795.35 714.25 0.9870 1662.14 615.32 0.9940 1696.15 775.00 0.9987 1681.43 772.36 0.9989 1697.10 838.78 0.9988 1708.38 830.83 0.9990 1633.72 874.45 0.9959 1700.96 903.22 0.9960
104 1686.37 576.24 1873.42 930.80 0.9146 1779.17 657.72 0.6774 1780.97 651.44 0.1579 1773.37 651.82 0.7174 1770.78 655.52 0.0356 1758.20 655.50 0.8232 1765.87 694.37 0.9017 1753.63 680.27 0.9896 1770.70 738.84 0.5420 1780.73 652.62 0.9770 1792.91 786.89 0.4942 1802.44 597.72 0.9530 1775.57 787.42 0.9868 1755.27 785.78 0.9957 1800.15 847.39 0.9872 1743.05 846.69 0.9962 1823.89 909.41 0.9785 1703.45 902.90 0.9910
105 1807.74 625.59 1933.83 936.09 0.9008 1869.19 653.10 0.9693 1869.96 647.21 0.3764 1862.60 647.18 0.9779 1858.11 650.07 0.0117 1841.92 650.23 0.9700 1845.73 685.35 0.9645 1835.11 685.30 0.9963 1870.59 732.53 0.5477 1867.48 729.78 0.9902 1903.16 766.03 0.6651 1911.75 752.29 0.9870 1854.80 773.31 0.9872 1850.92 775.81 0.9956 1854.56 838.72 0.9936 1878.51 836.97 0.9983 1830.30 908.07 0.9901 1871.45 911.20 0.9961
106 1842.18 617.91 1992.81 949.75 0.9152 1952.22 652.02 0.9908 1953.64 644.30 0.8158 1943.19 645.80 0.9957 1953.78 644.89 0.0537 1923.90 648.75 0.9890 1964.18 682.65 0.9767 1904.90 686.52 0.9987 1965.39 725.21 0.4323 1868.61 732.70 0.9895 1969.21 766.80 0.4759 1856.62 776.69 0.9752 1961.34 776.15 0.9878 1928.79 780.00 0.9971 1960.47 850.36 0.9913 1957.69 844.84 0.9984 1894.00 884.77 0.9897 1957.30 926.28 0.9969
107 1921.65 612.77 2047.94 953.93 0.9122 2007.20 647.57 0.9730 2013.07 640.84 0.9157 1998.57 641.16 0.9919 2021.36 642.15 0.3145 1984.96 643.28 0.9716 2036.93 678.21 0.6069 1963.91 681.60 0.9977 2047.91 722.52 0.0415 1939.17 728.14 0.9895 2043.69 771.06 0.0735 1932.54 771.32 0.9488 2029.11 782.15 0.6413 1981.16 784.59 0.9724 2043.05 850.26 0.2823 1979.74 853.28 0.9137 2026.34 914.78 0.2772 1964.02 925.14 0.8255
108 2014.03 602.23 2048.00 949.36 0.6017 2042.66 632.59 0.2489 2045.39 626.12 0.1141 2041.41 626.55 0.2453 2044.25 630.47 0.0817 2039.90 631.29 0.3507 2035.95 668.57 0.1925 2032.65 670.93 0.7916 2024.56 718.67 0.0490 2022.06 717.94 0.4681 2037.69 767.36 0.0593 2034.54 766.74 0.2402 2045.09 760.83 0.1190 2043.60 763.76 0.3829 2046.09 827.67 0.0416 2045.36 828.20 0.1710 2046.39 895.23 0.0357 2046.25 895.48 0.1103
109 2026.78 610.43 2048.00 959.48 0.5719 2048.00 645.67 0.0521 2047.76 637.14 0.0212 2048.00 637.60 0.0363 2044.07 638.21 0.0272 2048.00 639.26 0.0670 2044.50 673.96 0.0965 2045.71 674.87 0.3036 2039.44 733.09 0.0955 2038.29 733.10 0.4906 2040.03 778.76 0.1382 2039.25 779.67 0.4355 2047.41 773.67 0.1785 2047.52 774.36 0.3283 2048.00 851.34 0.0654 2048.00 851.74 0.1460 2048.00 918.52 0.0375 2048.00 918.63 0.0717
110 1991.51 572.84 2048.00 964.51 0.6578 2042.19 625.81 0.0603 2042.75 618.08 0.0405 2041.48 619.26 0.0421 2042.88 623.95 0.0745 2040.49 625.70 0.0852 2036.31 658.66 0.2396 2037.13 659.21 0.3354 2002.87 604.62 0.2082 2005.54 604.83 0.3706 2019.44 592.57 0.2714 2019.96 596.07 0.4159 2043.52 758.66 0.1751 2042.04 760.98 0.2122 2048.00 818.61 0.0590 2046.13 818.76 0.0752 2044.57 898.53 0.0311 2045.33 893.45 0.0389
111 2011.56 513.14 2047.85 1022.00 0.6676 2048.00 556.81 0.0262 2048.00 547.64 0.0142 2048.00 549.01 0.0204 2046.99 554.03 0.0197 2048.00 556.14 0.0349 2043.36 589.79 0.0211 2045.45 590.89 0.2242 2025.03 571.45 0.0325 2026.66 568.67 0.5391 2032.04 587.49 0.1203 2033.14 590.24 0.6293 2044.56 746.81 0.0533 2044.86 749.30 0.1854 2048.00 865.63 0.0266 2048.00 866.59 0.1120 2043.39 983.64 0.0163 2045.20 981.23 0.0530
112 1978.86 536.98 2048.00 1054.30 0.8722 2047.44 590.74 0.0778 2048.00 582.77 0.0257 2045.68 582.22 0.1355 2046.09 588.18 0.0320 2039.68 588.17 0.4460 2036.62 621.69 0.0514 2024.49 623.46 0.9102 2015.49 571.44 0.0109 1996.96 570.16 0.8638 2040.67 552.13 0.0219 2037.15 553.25 0.5844 2044.39 776.03 0.2699 2034.52 780.04 0.8648 2048.00 895.98 0.0794 2041.82 897.95 0.6423 2046.25 1006.83 0.0674 2039.48 1009.45 0.4295
113 1959.72 450.43 2047.98 1056.26 0.8901 2046.60 583.08 0.1373 2048.00 575.06 0.0428 2044.83 574.58 0.1774 2047.74 582.34 0.0257 2038.43 582.43 0.2417 2033.66 622.42 0.0445 2023.42 622.28 0.8804 1984.92 578.79 0.0203 1978.07 579.22 0.9757 1986.32 495.61 0.0889 1981.18 494.74 0.9656 2033.94 780.27 0.2952 2023.99 782.69 0.8593 2040.78 894.61 0.1302 2032.10 895.72 0.7485 2041.66 1001.02 0.0856 2039.36 1001.65 0.4881
114 1947.35 518.68 2047.75 1091.18 0.8711 2033.98 583.23 0.8884 2041.07 570.31 0.7098 2025.88 573.26 0.8867 2048.00 566.72 0.0795 2017.41 576.14 0.3395 2048.00 626.27 0.0598 2015.81 635.09 0.9416 2028.06 716.85 0.0171 1998.53 719.06 0.9605 1990.24 794.89 0.1234 1969.65 794.22 0.9557 2040.65 793.18 0.2056 2016.85 795.58 0.8403 2016.89 915.48 0.2440 1999.63 913.36 0.8877 2024.25 1037.55 0.2630 2021.15 1034.83 0.8102
115 1818.58 426.22 2048.00 1095.90 0.9215 1898.72 604.11 0.9840 1904.31 588.83 0.9901 1891.46 594.78 0.5061 1940.66 575.61 0.9593 1906.24 594.64 0.0042 2002.89 604.52 0.9753 1947.83 643.32 0.8856 2020.05 545.52 0.8961 1953.95 706.38 0.4172 1972.62 456.77 0.8679 1928.44 776.02 0.3802 1992.02 811.60 0.8877 1953.18 814.40 0.8032 1959.66 927.65 0.6950 1920.31 925.22 0.5307 1921.22 1047.70 0.2544 1913.97 1046.21 0.1900
116 1745.16 477.76 2024.17 1096.06 0.9218 1771.18 594.19 0.9713 1775.46 579.24 0.9885 1765.43 584.06 0.2290 1809.13 564.25 0.9874 1789.47 579.25 0.0031 1864.07 596.51 0.9980 1829.69 630.23 0.9215 1919.63 570.15 0.9881 1843.33 709.77 0.2434 1979.26 526.13 0.9672 1828.97 793.56 0.2357 1869.23 788.26 0.9973 1847.97 795.76 0.9843 1858.09 912.83 0.9979 1853.09 916.88 0.9867 1903.39 1044.12 0.9912 1897.58 1036.94 0.9700
117 1603.38 536.73 1879.10 1101.93 0.9246 1638.61 604.10 0.9660 1641.77 589.91 0.9809 1637.00 591.65 0.2011 1669.52 575.90 0.9835 1670.08 582.00 0.0040 1711.15 610.61 0.9958 1722.37 624.69 0.9394 1758.04 632.27 0.9813 1778.93 659.78 0.3905 1799.76 705.23 0.9702 1809.45 718.17 0.5047 1711.52 795.71 0.9978 1725.82 796.30 0.9922 1670.35 919.54 0.9995 1711.67 923.33 0.9979 1686.81 1063.09 0.9988 1828.94 1007.14 0.9968
118 1469.24 554.03 1798.06 1099.63 0.9289 1530.59 617.97 0.8056 1530.81 605.18 0.8447 1529.00 610.41 0.0942 1552.87 590.98 0.9523 1559.68 604.90 0.0133 1607.42 628.26 0.9955 1597.01 633.57 0.9830 1659.45 649.02 0.9711 1647.01 660.09 0.8318 1687.65 657.25 0.9075 1730.34 672.23 0.7160 1607.61 802.63 0.9987 1588.32 797.32 0.9977 1625.33 931.71 0.9986 1563.39 902.20 0.9976 1688.20 1057.48 0.9942 1520.56 997.90 0.9930
119 1403.28 554.84 1566.83 1041.89 0.9192 1446.53 607.75 0.7254 1448.34 596.63 0.8411 1444.19 597.06 0.0712 1463.18 588.53 0.9849 1485.35 587.54 0.0507 1467.77 636.64 0.9992 1539.33 632.70 0.9816 1463.14 713.93 0.9958 1550.45 702.23 0.4284 1431.87 784.96 0.9741 1515.99 754.79 0.2767 1476.69 791.58 0.9989 1527.27 790.02 0.9949 1439.17 882.01 0.9991 1496.03 895.63 0.9944 1479.05 982.63 0.9973 1499.10 1006.52 0.9892
120 1293.11 567.81 1502.96 1026.29 0.9297 1358.80 600.98 0.5573 1362.94 593.10 0.6629 1362.04 593.50 0.0629 1376.17 601.50 0.9707 1400.10 600.82 0.0856 1372.72 654.99 0.9991 1424.31 654.90 0.9753 1360.61 731.47 0.9928 1425.71 727.94 0.3442 1331.16 798.06 0.9456 1391.64 779.90 0.1852 1373.07 794.05 0.9989 1415.43 792.12 0.9947 1344.96 883.82 0.9988 1418.52 884.49 0.9925 1341.37 980.88 0.9960 1479.69 966.26 0.9842
121 1226.85 578.98 1396.27 1008.46 0.9218 1285.95 610.42 0.6932 1291.12 603.93 0.7127 1290.47 603.40 0.0604 1307.76 611.48 0.9781 1325.13 611.35 0.0467 1300.37 659.16 0.9992 1342.09 658.80 0.9988 1286.80 725.24 0.9964 1369.26 726.54 0.9920 1255.50 780.11 0.9871 1383.34 783.11 0.9738 1302.66 785.21 0.9996 1319.25 781.74 0.9996 1313.35 876.66 0.9991 1287.27 865.54 0.9989 1345.46 973.22 0.9937 1275.04 948.61 0.9938
122 1182.21 585.15 1337.39 995.51 0.8962 1252.78 607.37 0.3490 1256.52 602.92 0.2611 1253.07 602.62 0.0692 1258.64 611.74 0.7407 1262.96 612.83 0.1401 1282.08 653.50 0.9977 1240.25 658.69 0.9971 1298.58 699.46 0.9957 1227.18 715.20 0.9926 1317.29 745.54 0.9913 1194.21 745.34 0.9848 1272.34 779.64 0.9997 1243.15 780.34 0.9997 1261.26 865.07 0.9996 1232.47 865.66 0.9995 1289.29 952.99 0.9975 1247.26 953.72 0.9974
123 1112.12 575.14 1438.47 997.51 0.9368 1266.31 617.15 0.2594 1265.83 612.92 0.0861 1263.52 611.45 0.2651 1240.01 618.48 0.4628 1260.61 618.62 0.9229 1238.96 646.72 0.9984 1259.91 649.95 0.9988 1173.16 624.60 0.9946 1328.29 623.32 0.9963 1131.75 601.93 0.9807 1392.64 591.83 0.9832 1246.44 776.67 0.9996 1245.47 776.69 0.9996 1250.47 869.55 0.9987 1248.44 869.84 0.9986 1261.99 960.93 0.9939 1253.37 962.59 0.9936
124 1158.42 498.74 1324.73 999.80 0.9192 1229.17 607.34 0.9880 1237.34 599.97 0.9880 1223.04 601.01 0.9346 1252.87 608.55 0.9150 1215.88 611.01 0.2841 1273.28 644.62 0.9963 1208.01 646.70 0.9963 1309.44 596.68 0.9897 1179.66 605.93 0.9889 1299.77 532.39 0.9923 1202.76 549.34 0.9912 1264.32 781.39 0.9988 1219.56 781.26 0.9988 1270.46 877.18 0.9985 1196.63 873.12 0.9986 1273.61 966.17 0.9937 1202.23 959.12 0.9943
125 1132.26 560.13 1270.91 999.92 0.9075 1173.64 623.54 0.9881 1181.03 614.10 0.9909 1167.90 616.24 0.8798 1200.83 614.39 0.9576 1163.06 620.45 0.1234 1222.01 646.51 0.9956 1162.15 653.18 0.9931 1252.99 592.05 0.9796 1142.90 611.12 0.9507 1213.67 571.25 0.9822 1164.83 590.24 0.9602 1210.58 775.69 0.9968 1168.84 777.42 0.9961 1212.54 876.69 0.9952 1169.81 876.29 0.9943 1244.49 957.74 0.9825 1194.12 964.81 0.9817
126 1013.38 497.80 1236.81 1018.45 0.9300 1110.85 625.09 0.9948 1118.44 615.88 0.9961 1106.07 617.59 0.8818 1141.70 614.10 0.9820 1103.99 620.35 0.0530 1166.59 647.17 0.9978 1106.80 652.62 0.9973 1200.94 608.36 0.9907 1071.86 609.31 0.9873 1217.27 543.48 0.9926 1043.98 551.15 0.9907 1158.87 783.40 0.9988 1129.75 784.53 0.9988 1131.32 878.96 0.9984 1150.39 876.30 0.9983 1111.60 980.79 0.9921 1195.11 955.98 0.9927
127 968.64 557.51 1156.28 1028.48 0.9094 1035.01 603.89 0.9953 1042.38 592.75 0.9965 1029.65 595.52 0.8760 1069.45 590.65 0.9853 1031.61 599.62 0.0516 1106.28 644.33 0.9980 1038.10 653.01 0.9974 1134.66 714.64 0.9799 1041.89 724.76 0.9692 1144.06 775.89 0.9725 1019.97 772.74 0.9595 1090.34 791.38 0.9983 1042.65 791.54 0.9983 1089.52 893.43 0.9986 1016.24 886.13 0.9986 1098.68 991.69 0.9946 1020.30 983.09 0.9954
128 866.75 542.83 1077.65 1044.95 0.9274 917.13 583.55 0.9918 925.35 573.62 0.9973 913.24 575.28 0.5982 954.49 577.10 0.9953 920.53 582.59 0.0093 987.31 634.51 0.9995 931.53 641.09 0.9519 1007.09 710.70 0.9958 937.26 727.66 0.1988 962.36 773.25 0.9841 927.06 788.94 0.2488 970.26 794.97 0.9989 924.85 796.43 0.9892 972.36 897.99 0.9994 909.66 899.64 0.9930 1055.78 961.94 0.9987 925.40 1007.84 0.9919
129 675.45 528.80 962.20 1078.07 0.9413 811.42 570.17 0.9848 821.38 559.44 0.9870 808.94 560.77 0.5816 851.17 566.32 0.9819 817.26 570.80 0.0275 891.43 635.35 0.9985 813.86 641.54 0.9979 928.77 719.03 0.9946 778.00 719.22 0.9873 948.71 795.52 0.9937 713.30 747.02 0.9872 865.57 798.39 0.9993 831.90 797.41 0.9993 815.60 908.64 0.9993 869.10 905.54 0.9992 783.75 1030.73 0.9947 918.26 1008.69 0.9949
130 566.71 488.37 800.40 1093.47 0.9239 683.00 535.67 0.9947 693.16 523.34 0.9983 679.34 525.18 0.6822 731.12 526.15 0.9954 688.10 532.76 0.0072 763.88 593.05 0.9992 703.80 600.44 0.9377 763.70 683.96 0.9935 711.01 694.93 0.1895 700.60 751.51 0.9782 687.30 761.25 0.2469 741.66 788.22 0.9986 691.03 784.66 0.9859 751.77 917.06 0.9994 634.73 907.49 0.9926 764.97 1046.85 0.9986 647.14 1037.22 0.9910
131 437.85 451.41 710.85 1125.10 0.9398 519.44 507.48 0.9912 529.54 495.04 0.9966 517.35 495.49 0.3688 570.04 498.26 0.9960 536.08 501.90 0.0030 609.08 573.09 0.9996 542.47 575.55 0.9748 604.65 678.34 0.9982 534.74 686.86 0.3203 557.47 771.80 0.9938 517.56 780.92 0.3561 579.86 778.27 0.9994 524.60 778.29 0.9960 562.89 915.47 0.9997 499.58 923.10 0.9977 671.20 1008.59 0.9991 524.10 1075.72 0.9954
132 139.34 420.19 604.94 1196.19 0.9488 345.46 490.28 0.9957 358.41 472.50 0.9972 342.61 475.97 0.4500 408.32 472.14 0.9966 363.87 482.19 0.0028 466.40 565.95 0.9995 376.66 574.29 0.9988 532.41 678.17 0.9984 319.59 669.80 0.9893 571.25 787.04 0.9982 211.99 687.87 0.9918 412.98 794.97 0.9998 381.30 789.82 0.9997 324.28 950.27 0.9997 442.09 937.19 0.9996 289.70 1133.50 0.9956 520.53 1065.15 0.9951
133 0.55 359.67 319.42 1226.94 0.9148 107.70 449.82 0.9800 110.68 428.10 0.9887 103.27 433.26 0.0686 153.97 413.45 0.9914 152.77 431.09 0.0003 235.97 514.73 0.9951 216.65 509.50 0.9760 258.49 655.96 0.9943 235.91 663.75 0.7941 168.28 776.25 0.9921 140.03 677.68 0.8411 226.01 778.36 0.9900 190.91 746.07 0.9810 212.59 941.43 0.9894 38.58 792.64 0.9712 264.81 1147.48 0.8993 10.66 1000.03 0.8781
134 0.07 356.84 257.33 1240.62 0.8542 0.00 513.76 0.0017 0.00 501.01 0.0017 0.00 499.21 0.0008 0.00 502.24 0.0188 5.51 498.12 0.0056 0.00 546.77 0.0207 2.41 541.41 0.0026 19.28 634.52 0.0296 26.48 629.96 0.0042 13.44 710.85 0.0233 13.51 702.06 0.0080 14.79 722.73 0.2004 14.83 724.16 0.0721 55.57 937.05 0.5895 59.10 935.89 0.3265 196.55 1111.84 0.6846 191.51 1111.54 0.4807
135 0.00 106.09 54.12 1050.99 0.6035 5.78 303.13 0.0102 4.39 289.44 0.0040 6.38 288.69 0.0063 2.13 303.59 0.0018 5.52 300.25 0.0034 1.46 357.54 0.0013 2.74 357.01 0.0071 3.81 387.35 0.0189 6.93 392.33 0.2594 27.97 469.68 0.2873 29.69 472.02 0.7998 5.72 544.82 0.0050 3.40 546.91 0.0126 11.82 738.52 0.0113 9.21 743.39 0.0338 16.05 918.35 0.0084 16.50 921.09 0.0201
138 0.00 315.10 93.65 1137.87 0.8342 55.94 413.73 0.8699 63.66 400.10 0.1823 50.06 394.39 0.8963 48.00 386.24 0.0008 9.53 371.39 0.4331 4.68 438.08 0.0671 0.00 427.17 0.1031 5.86 485.09 0.0547 5.50 482.52 0.1354 24.91 475.92 0.2527 27.00 472.05 0.4386 0.00 678.89 0.0141 0.00 677.07 0.0165 2.99 861.91 0.0366 8.10 861.44 0.0424 7.43 1064.33 0.0256 3.60 1070.69 0.0260
139 0.00 441.60 447.24 1157.63 0.9489 324.17 509.45 0.9857 324.25 496.22 0.4013 312.66 494.60 0.9910 275.80 498.08 0.0088 269.81 496.31 0.9909 214.68 566.75 0.9941 249.24 569.43 0.9977 132.27 658.50 0.9531 237.30 660.71 0.9917 106.13 751.53 0.9133 290.99 718.16 0.9768 218.96 781.83 0.9971 206.06 789.43 0.9979 311.63 900.06 0.9931 129.13 936.96 0.9950 347.89 1033.57 0.9655 13.31 1085.20 0.9650
140 358.36 458.70 616.07 1093.62 0.9278 516.83 514.33 0.9874 516.44 502.56 0.1612 506.89 502.71 0.9902 475.49 507.22 0.0007 466.79 509.23 0.9879 458.04 579.62 0.9920 447.98 579.32 0.9977 493.35 677.78 0.9667 422.06 686.31 0.9979 559.21 723.13 0.9892 436.73 784.74 0.9988 449.16 771.58 0.9987 459.01 773.04 0.9992 431.14 908.06 0.9991 528.51 898.10 0.9995 390.67 1051.69 0.9927 521.74 1040.71 0.9941
141 505.43 491.42 764.78 1085.21 0.9309 711.71 539.46 0.9725 707.64 528.00 0.4185 697.52 529.71 0.9818 671.47 536.23 0.0159 662.32 541.56 0.9812 658.01 608.60 0.9814 649.76 611.19 0.9973 670.64 699.94 0.8024 640.46 714.29 0.9921 716.64 731.60 0.8614 653.87 805.32 0.9874 664.58 788.19 0.9934 665.90 793.90 0.9973 657.47 904.26 0.9953 707.26 913.12 0.9984 537.92 987.25 0.9861 686.66 1038.99 0.9931
142 662.07 508.73 977.09 1084.94 0.9375 873.18 564.02 0.9944 874.48 553.38 0.6338 861.18 552.04 0.9963 844.16 559.28 0.0116 825.71 556.95 0.9934 806.26 622.74 0.9970 825.74 619.44 0.9987 769.60 715.95 0.9756 861.00 695.82 0.9947 733.97 785.56 0.9733 928.28 733.63 0.9914 822.10 796.19 0.9985 810.91 798.70 0.9988 879.88 901.21 0.9986 770.01 915.86 0.9988 899.94 1014.75 0.9941 696.58 1027.72 0.9938
143 890.36 517.61 1117.01 1068.14 0.9259 1030.10 574.97 0.9942 1033.87 564.27 0.4281 1021.88 563.66 0.9958 1009.61 562.22 0.0020 987.00 560.88 0.9886 979.74 620.36 0.9923 963.89 616.92 0.9977 998.78 706.09 0.9457 934.40 706.99 0.9963 1048.49 747.39 0.9785 927.45 797.70 0.9976 966.61 788.70 0.9980 971.92 789.78 0.9987 947.17 904.96 0.9987 1034.76 898.49 0.9992 913.66 1024.77 0.9922 1041.52 1026.35 0.9936
144 1010.86 529.42 1226.98 1075.58 0.9236 1202.47 595.95 0.9436 1202.82 584.16 0.1517 1198.96 583.20 0.9801 1161.42 574.50 0.0061 1173.34 572.58 0.9935 1121.32 623.80 0.9035 1137.05 626.59 0.9993 1120.07 710.19 0.1177 1140.33 721.23 0.9965 1151.61 784.82 0.1806 1165.18 802.99 0.9842 1126.54 793.16 0.9837 1138.40 800.64 0.9986 1148.59 899.01 0.9922 1177.28 910.12 0.9995 1045.37 974.90 0.9926 1152.51 1031.97 0.9990
145 1137.78 551.82 1455.68 1073.35 0.9425 1331.32 608.45 0.8685 1334.53 598.42 0.1054 1329.57 596.78 0.8968 1290.49 592.79 0.0399 1312.31 589.94 0.9916 1240.26 639.65 0.9994 1302.43 641.55 0.9996 1202.05 721.51 0.9957 1344.23 713.22 0.9980 1174.85 793.18 0.9879 1416.00 759.25 0.9922 1260.50 801.15 0.9998 1283.31 804.13 0.9998 1315.64 902.65 0.9995 1255.86 916.40 0.9996 1335.59 1011.09 0.9969 1174.31 1009.18 0.9965
146 1320.91 556.05 1552.00 1049.24 0.9295 1442.35 607.25 0.1589 1443.29 597.19 0.0247 1442.80 598.17 0.1969 1401.44 590.11 0.3690 1435.40 596.28 0.9478 1358.01 637.13 0.9963 1413.16 644.32 0.9997 1331.83 697.20 0.7347 1399.45 720.02 0.9990 1365.14 759.72 0.3442 1402.81 811.94 0.9886 1355.62 795.26 0.9993 1403.58 799.35 0.9998 1354.45 906.46 0.9969 1461.20 893.70 0.9992 1342.43 1014.27 0.9867 1492.15 1000.36 0.9954
147 1295.18 566.66 1744.31 1032.93 0.9322 1500.37 608.14 0.0181 1496.31 601.28 0.0130 1500.25 602.02 0.0127 1478.03 602.18 0.8820 1519.95 602.65 0.8775 1445.02 644.59 0.9997 1536.92 640.52 0.9998 1382.53 694.30 0.9975 1611.05 673.46 0.9992 1321.74 726.58 0.9731 1690.25 688.73 0.9908 1468.87 788.09 1.0000 1520.14 789.29 1.0000 1475.44 883.16 0.9998 1531.55 887.40 0.9998 1449.19 975.74 0.9987 1521.84 996.24 0.9990
148 1321.23 513.67 1580.23 1025.51 0.9412 1477.97 612.02 0.2287 1480.23 604.62 0.2302 1480.98 604.89 0.0399 1485.01 608.00 0.9151 1515.10 607.31 0.2957 1472.21 645.97 0.9983 1542.05 637.84 0.9976 1409.37 648.30 0.9963 1564.15 589.84 0.9841 1349.54 639.50 0.9868 1528.75 536.15 0.9480 1492.55 781.28 0.9994 1533.95 779.15 0.9992 1486.08 879.61 0.9979 1538.90 875.26 0.9970 1494.01 974.43 0.9870 1533.99 963.71 0.9837
149 1431.14 581.26 1538.31 999.11 0.8835 1466.95 620.29 0.3902 1464.37 615.32 0.1104 1463.75 614.63 0.2884 1450.71 624.54 0.2948 1464.94 618.37 0.8284 1453.40 671.03 0.9974 1493.13 642.62 0.9971 1483.88 716.71 0.9809 1504.32 604.86 0.9781 1510.86 764.98 0.9322 1488.20 605.13 0.9444 1470.13 783.15 0.9991 1498.11 774.30 0.9991 1478.98 871.84 0.9976 1495.16 873.99 0.9976 1500.86 955.77 0.9889 1493.51 960.77 0.9881
150 1387.14 567.63 1492.29 973.43 0.8903 1409.05 646.94 0.5237 1411.01 638.78 0.5598 1406.63 638.74 0.0526 1419.49 630.85 0.9278 1434.31 627.29 0.0618 1424.10 663.51 0.9981 1472.23 646.33 0.9910 1441.48 710.78 0.9953 1463.68 632.34 0.8733 1427.40 758.21 0.9828 1446.55 594.24 0.8271 1441.81 779.23 0.9993 1480.55 775.93 0.9986 1401.30 845.01 0.9992 1460.64 862.92 0.9982 1430.54 917.05 0.9970 1457.60 947.77 0.9943
151 1293.03 594.29 1462.45 967.18 0.9257 1366.27 652.84 0.5798 1367.79 646.52 0.6100 1367.68 646.66 0.0834 1378.37 646.15 0.9594 1394.06 645.90 0.1249 1376.36 671.60 0.9983 1417.91 666.61 0.9974 1342.37 681.93 0.9925 1440.93 645.48 0.9765 1313.05 677.99 0.9792 1445.39 615.54 0.9419 1386.16 780.10 0.9992 1413.00 778.67 0.9991 1360.81 851.30 0.9983 1414.41 854.05 0.9978 1360.03 928.99 0.9927 1438.32 929.44 0.9918
152 1219.80 637.07 1470.64 949.30 0.9291 1342.18 662.57 0.0958 1343.88 658.06 0.0960 1344.80 658.11 0.0237 1344.77 656.88 0.9234 1372.00 660.17 0.5207 1329.92 677.58 0.9994 1391.82 690.07 0.9992 1289.09 679.04 0.9981 1421.02 732.47 0.9970 1246.99 667.06 0.9864 1451.52 772.29 0.9817 1342.90 780.91 0.9998 1376.27 783.14 0.9998 1343.87 852.39 0.9986 1361.64 849.53 0.9984 1359.59 920.60 0.9908 1352.70 916.81 0.9908
153 1263.66 636.09 1425.45 933.20 0.9145 1351.19 659.78 0.0523 1350.89 655.24 0.0390 1351.89 655.75 0.0230 1346.46 656.07 0.8016 1372.85 657.85 0.6830 1327.95 683.80 0.9991 1385.07 688.47 0.9991 1309.42 726.64 0.9971 1397.94 735.66 0.9961 1283.36 759.79 0.9838 1409.69 776.62 0.9773 1329.38 774.13 0.9998 1367.21 776.75 0.9997 1321.76 834.95 0.9989 1360.14 841.80 0.9987 1321.06 896.51 0.9938 1347.22 908.40 0.9930
154 1294.34 642.31 1396.35 920.28 0.8947 1337.48 666.62 0.1466 1339.30 661.94 0.1021 1340.20 661.97 0.0521 1338.52 665.76 0.8726 1361.46 665.79 0.6709 1323.99 697.69 0.9985 1373.73 696.26 0.9982 1308.71 740.06 0.9830 1386.23 733.59 0.9712 1303.47 775.44 0.8941 1380.70 763.01 0.8440 1327.99 776.29 0.9992 1359.82 775.90 0.9991 1334.14 834.81 0.9949 1359.91 835.37 0.9942 1336.96 888.09 0.9710 1353.21 888.31 0.9685
155 1301.39 649.64 1396.10 916.42 0.8933 1348.26 674.20 0.0452 1348.67 668.99 0.0369 1350.55 669.86 0.0164 1344.95 671.17 0.8071 1367.95 673.33 0.5039 1331.20 699.97 0.9968 1377.97 703.23 0.9945 1317.67 739.18 0.9716 1385.96 737.50 0.9125 1310.30 770.80 0.8242 1374.60 751.68 0.6439 1335.04 774.12 0.9989 1365.40 775.96 0.9985 1336.77 830.97 0.9961 1363.00 834.66 0.9942 1341.24 886.20 0.9829 1360.96 890.63 0.9770
156 1318.17 647.59 1392.99 908.26 0.8715 1349.50 670.07 0.0438 1350.48 665.37 0.0575 1349.86 666.14 0.0177 1350.64 668.10 0.7430 1373.39 667.53 0.4135 1348.60 696.32 0.9976 1384.33 696.75 0.9362 1345.93 735.40 0.9928 1383.32 736.07 0.3102 1331.29 771.27 0.9313 1366.11 764.05 0.1258 1354.19 769.01 0.9983 1380.81 768.85 0.9902 1341.72 824.84 0.9963 1367.71 826.47 0.9707 1350.03 881.00 0.9910 1367.45 882.93 0.9558
157 1320.15 652.67 1402.50 904.89 0.8593 1356.43 673.63 0.0283 1355.79 668.86 0.0260 1356.43 669.65 0.0155 1352.04 671.35 0.6474 1374.83 670.96 0.5159 1342.48 699.64 0.9946 1388.07 697.71 0.9782 1330.50 734.49 0.9241 1393.05 727.20 0.5841 1328.37 728.14 0.4775 1364.46 726.48 0.1554 1348.01 769.24 0.9977 1379.49 768.96 0.9952 1339.64 824.33 0.9954 1370.86 828.17 0.9893 1339.17 876.22 0.9909 1365.48 882.95 0.9821
158 1294.76 658.51 1389.24 901.35 0.8644 1340.87 679.56 0.0828 1342.01 675.19 0.0979 1343.24 675.33 0.0193 1342.30 678.23 0.8231 1364.51 677.69 0.2150 1336.96 704.62 0.9929 1376.68 703.52 0.9639 1327.47 737.31 0.9646 1381.56 734.78 0.5187 1310.51 722.97 0.8224 1345.87 724.30 0.2977 1342.45 774.38 0.9968 1368.97 773.32 0.9918 1335.98 827.36 0.9943 1364.55 826.65 0.9821 1337.44 879.25 0.9839 1365.56 877.14 0.9622
159 1288.69 657.60 1372.77 896.13 0.8605 1326.61 678.24 0.1504 1327.42 673.30 0.1862 1328.79 673.36 0.0285 1330.23 675.21 0.7572 1350.74 674.25 0.0863 1332.93 701.52 0.9835 1364.09 699.52 0.9163 1324.15 733.69 0.9641 1363.63 731.53 0.4610 1303.11 720.67 0.8893 1325.47 727.08 0.3788 1337.44 771.04 0.9936 1358.42 769.11 0.9833 1333.38 822.71 0.9919 1353.82 820.85 0.9731 1338.90 874.16 0.9762 1360.50 870.49 0.9425
160 1322.27 669.35 1372.17 890.23 0.6656 1328.95 689.55 0.2434 1331.03 684.98 0.3026 1329.19 685.24 0.0441 1337.30 683.79 0.7007 1344.20 683.49 0.0491 1345.75 703.43 0.9750 1356.67 702.64 0.6723 1345.62 731.12 0.9323 1352.12 727.91 0.1939 1330.15 716.19 0.7924 1332.15 714.03 0.1784 1346.83 767.11 0.9801 1355.86 765.96 0.9140 1335.29 815.61 0.9744 1346.48 816.58 0.8744 1343.80 865.86 0.9518 1350.91 863.40 0.8464
162 1303.75 651.37 1370.40 875.33 0.3977 1345.07 673.42 0.1249 1349.45 668.33 0.0949 1342.66 668.11 0.0630 1358.24 669.64 0.1851 1341.70 669.23 0.1023 1363.38 695.76 0.8020 1337.56 693.32 0.6292 1356.77 725.76 0.7548 1327.36 715.69 0.4404 1333.08 708.94 0.6404 1321.71 704.13 0.3853 1351.04 764.48 0.8865 1332.41 762.55 0.8345 1346.22 814.91 0.7037 1327.49 814.07 0.5818 1347.13 856.38 0.4381 1326.40 854.21 0.3381
163 1294.52 662.46 1362.21 881.32 0.6344 1329.48 684.13 0.0175 1329.44 679.22 0.0148 1330.61 679.71 0.0078 1327.04 680.81 0.2197 1348.36 680.45 0.1365 1322.51 706.59 0.9317 1354.75 706.46 0.6151 1315.72 737.58 0.9180 1353.13 737.50 0.2678 1305.30 767.96 0.7658 1333.10 764.04 0.1907 1325.66 769.14 0.9707 1348.21 769.27 0.9122 1326.63 820.68 0.9430 1341.62 821.12 0.8082 1330.44 866.38 0.8715 1340.28 864.84 0.7017
164 1308.21 657.96 1379.23 877.45 0.5002 1344.56 680.13 0.0272 1344.38 675.58 0.0153 1344.89 675.76 0.0185 1336.35 678.22 0.2019 1355.28 678.42 0.2549 1331.16 704.52 0.8069 1358.69 705.55 0.9323 1318.31 733.47 0.4375 1365.88 736.88 0.8344 1323.37 760.86 0.2520 1373.99 763.77 0.5801 1334.55 760.49 0.9502 1351.30 760.75 0.9736 1335.07 808.81 0.8986 1344.53 808.84 0.9504 1331.88 854.93 0.8333 1340.91 855.10 0.9008
