36 326.24 1249.46 602.55 1500.00 0.3739 454.84 1286.03 0.8308 461.29 1276.88 0.5858 445.88 1275.62 0.7795 464.60 1291.36 0.2211 417.71 1287.00 0.6627 461.98 1352.54 0.9580 373.31 1357.92 0.9482 495.35 1421.99 0.8470 353.97 1439.63 0.7989 538.32 1449.63 0.7889 404.80 1445.00 0.7392 473.70 1470.98 0.8915 416.10 1483.78 0.8752 561.15 1420.99 0.6828 517.34 1436.76 0.6677 576.60 1480.74 0.5398 544.36 1498.77 0.5236
37 390.33 1125.86 683.37 1497.83 0.4707 500.78 1214.13 0.6818 507.64 1200.68 0.6345 492.89 1205.44 0.3630 534.07 1203.25 0.5989 492.37 1215.40 0.1583 585.46 1254.47 0.9232 478.83 1271.72 0.7862 636.31 1321.80 0.9054 434.04 1325.12 0.6360 645.33 1444.44 0.8406 424.98 1284.15 0.6199 578.10 1423.71 0.6916 505.57 1425.77 0.5485 560.10 1477.22 0.1557 463.64 1466.74 0.0873 550.90 1471.82 0.0364 466.82 1423.81 0.0235
38 281.44 1069.39 672.97 1500.00 0.8904 512.86 1250.12 0.9747 536.03 1225.27 0.9451 485.70 1225.97 0.9456 574.31 1171.16 0.6691 439.59 1173.60 0.6898 622.01 1198.95 0.9690 369.80 1210.84 0.9635 632.93 1362.83 0.9065 309.71 1380.67 0.8643 531.12 1463.79 0.8667 348.25 1447.44 0.8382 588.42 1438.26 0.7460 418.81 1447.36 0.7197 632.31 1478.62 0.2124 396.81 1484.63 0.1828 642.12 1472.54 0.0675 470.27 1468.34 0.0587
39 222.83 1154.02 671.99 1500.00 0.8900 408.15 1345.37 0.9175 438.18 1321.73 0.9047 390.19 1317.77 0.7729 498.33 1271.34 0.7418 363.37 1265.32 0.2944 581.45 1246.18 0.9488 317.44 1284.13 0.9022 646.10 1351.18 0.9015 275.06 1444.39 0.7599 577.11 1479.07 0.8632 258.55 1500.00 0.7232 553.31 1374.80 0.7692 375.96 1379.77 0.6894 566.34 1500.00 0.2584 288.45 1486.27 0.1942 513.13 1485.12 0.0724 296.96 1455.25 0.0608
40 203.71 1208.18 685.14 1494.93 0.6967 399.29 1371.88 0.6393 412.30 1355.82 0.6580 387.42 1354.48 0.3281 456.21 1313.69 0.5738 372.34 1314.61 0.1045 535.83 1280.23 0.9215 331.35 1299.41 0.6649 634.79 1314.16 0.9385 295.30 1374.93 0.5767 650.88 1420.39 0.8887 354.95 1431.71 0.5522 517.11 1382.37 0.8331 372.02 1383.64 0.6683 544.53 1500.00 0.2594 295.98 1485.74 0.1178 511.43 1424.83 0.0627 271.75 1372.68 0.0328
41 171.49 1226.80 656.49 1491.80 0.7893 385.70 1417.93 0.4252 393.54 1402.73 0.4585 378.13 1404.95 0.2076 432.54 1353.44 0.4101 369.70 1360.02 0.0875 524.14 1304.65 0.8002 305.35 1330.42 0.4612 614.58 1352.98 0.8444 279.76 1420.61 0.3840 633.89 1479.11 0.7682 381.62 1455.32 0.3918 488.22 1393.44 0.5319 340.44 1397.91 0.3295 518.17 1472.49 0.1053 288.55 1448.18 0.0481 499.23 1438.34 0.0306 303.10 1367.34 0.0175
42 285.39 1253.70 703.45 1489.05 0.6119 511.18 1456.37 0.4675 507.54 1446.51 0.4216 505.82 1448.29 0.3542 512.21 1419.33 0.3288 492.92 1426.40 0.2316 559.46 1393.73 0.6874 480.13 1409.50 0.4956 641.37 1355.09 0.6610 547.68 1389.01 0.4126 651.34 1421.16 0.6355 649.21 1414.88 0.4487 582.99 1402.80 0.3875 524.36 1408.91 0.2918 660.69 1445.59 0.1101 545.46 1425.23 0.0745 707.00 1401.68 0.0574 565.54 1346.06 0.0434
43 516.44 910.09 889.97 1491.11 0.8201 794.22 1328.67 0.8831 766.38 1311.13 0.6502 769.88 1333.38 0.8357 697.26 1320.10 0.2329 700.38 1384.56 0.7562 668.22 1339.10 0.9500 697.50 1493.02 0.7579 753.30 1151.67 0.8948 734.93 1489.34 0.3637 826.33 1011.66 0.8790 769.89 1321.22 0.5274 718.77 1415.19 0.3915 743.35 1486.81 0.1638 822.98 1333.22 0.1216 847.54 1401.26 0.0386 828.00 1363.69 0.0343 793.14 1362.57 0.0144
44 577.75 868.63 1388.16 1500.00 0.9267 942.81 1256.29 0.0574 928.24 1259.28 0.0212 959.08 1262.10 0.0270 870.55 1313.42 0.3939 1009.53 1328.69 0.3759 831.10 1364.29 0.8187 1028.30 1463.84 0.7927 725.21 1166.15 0.7686 1221.33 1469.29 0.6609 665.26 964.95 0.6906 1351.95 1394.04 0.5746 899.84 1484.61 0.3216 1023.82 1500.00 0.2720 1024.63 1338.24 0.0646 1129.08 1330.55 0.0514 1097.58 1412.89 0.0165 1196.55 1381.00 0.0141
45 562.30 968.30 1713.01 1488.40 0.8802 1172.75 1245.61 0.1714 1163.22 1229.01 0.0785 1186.50 1231.75 0.0828 1150.12 1238.39 0.4490 1251.49 1243.43 0.4855 1138.93 1315.60 0.8139 1284.89 1330.98 0.9010 1047.00 1182.35 0.6994 1488.86 1246.08 0.8510 948.91 1051.67 0.6133 1602.86 1112.96 0.7424 1108.43 1466.53 0.3752 1191.36 1460.24 0.4496 1169.48 1327.96 0.0579 1209.40 1240.63 0.0784 1264.17 1321.03 0.0228 1268.54 1169.98 0.0295
46 709.88 956.01 1825.49 1493.15 0.8970 1299.24 1094.87 0.1843 1297.28 1078.42 0.0733 1305.00 1081.25 0.0891 1258.73 1078.75 0.6213 1333.27 1089.92 0.6014 1191.86 1129.86 0.9489 1383.32 1173.21 0.9499 1032.96 1101.28 0.8948 1571.39 1185.28 0.9010 934.19 1093.19 0.7877 1769.59 1111.06 0.7746 1186.56 1353.60 0.9052 1277.18 1366.32 0.8998 1205.69 1470.19 0.4046 1242.54 1469.70 0.3909 1208.03 1463.67 0.0923 1191.65 1437.10 0.0860
47 1167.68 823.20 1459.09 1498.08 0.9164 1342.83 900.46 0.2580 1341.96 884.96 0.1594 1353.50 888.04 0.0609 1319.87 905.60 0.7702 1404.39 914.07 0.3561 1284.26 1001.42 0.9877 1411.95 1023.75 0.9582 1215.46 1112.45 0.9753 1387.54 1167.84 0.8481 1198.80 1218.57 0.9273 1349.94 1265.07 0.7368 1228.22 1223.72 0.9876 1311.85 1228.02 0.9746 1223.84 1376.05 0.9140 1270.64 1383.64 0.8372 1234.49 1479.43 0.5536 1228.79 1477.07 0.4320
48 1200.23 703.55 1488.50 1367.53 0.9192 1352.96 773.37 0.3560 1353.95 761.07 0.2054 1366.70 763.06 0.1044 1348.04 778.13 0.7233 1420.43 780.09 0.3771 1316.12 866.70 0.9886 1447.61 875.88 0.9792 1263.24 975.50 0.9705 1442.81 1002.04 0.9273 1231.64 1068.07 0.9107 1421.48 1097.63 0.8344 1294.38 1070.84 0.9959 1377.78 1074.51 0.9945 1268.81 1179.92 0.9826 1347.10 1209.98 0.9782 1259.19 1259.11 0.9189 1313.58 1303.73 0.9060
49 976.93 626.51 1690.17 1188.20 0.8930 1305.25 679.64 0.3021 1307.33 672.01 0.1543 1315.75 673.27 0.0799 1308.68 695.15 0.7134 1366.85 696.68 0.4063 1276.00 762.41 0.9888 1407.28 775.12 0.9861 1164.78 765.30 0.9764 1520.38 773.35 0.9666 1076.43 760.18 0.9442 1626.84 720.68 0.9231 1270.23 931.49 0.9981 1344.03 939.26 0.9977 1262.79 1015.30 0.9952 1341.29 1042.70 0.9949 1247.01 1097.95 0.9783 1330.17 1142.75 0.9778
50 1171.21 441.14 1531.03 1141.28 0.9286 1298.06 603.15 0.1996 1296.75 602.49 0.0904 1303.93 602.63 0.0565 1289.10 629.20 0.5060 1338.70 630.84 0.2692 1271.37 671.85 0.9784 1365.76 676.89 0.9702 1211.38 584.98 0.9775 1435.07 602.09 0.9652 1203.53 499.75 0.9605 1485.10 517.58 0.9423 1271.95 842.70 0.9987 1323.49 841.94 0.9985 1257.87 965.98 0.9953 1290.44 956.09 0.9946 1265.72 1064.72 0.9738 1279.50 1050.61 0.9722
51 1178.22 462.80 1406.51 1009.94 0.8865 1293.54 551.39 0.1641 1295.43 546.31 0.0656 1300.60 549.16 0.0582 1279.39 563.55 0.3984 1326.94 571.04 0.2413 1254.86 594.29 0.9570 1345.55 619.72 0.9501 1263.75 527.28 0.9464 1356.18 568.77 0.9357 1314.70 488.16 0.9089 1386.47 510.04 0.8848 1252.23 744.90 0.9964 1311.54 758.89 0.9959 1220.73 831.90 0.9929 1281.08 882.62 0.9925 1206.00 901.27 0.9753 1267.46 978.69 0.9737
52 1179.90 453.91 1323.58 901.66 0.8554 1262.94 525.10 0.0814 1263.08 514.45 0.0473 1262.71 516.94 0.0406 1243.57 518.36 0.4382 1287.60 523.90 0.4014 1223.01 556.59 0.9444 1296.33 565.29 0.9387 1199.31 516.56 0.8396 1314.07 531.96 0.8076 1237.58 465.55 0.6940 1274.56 480.76 0.6514 1216.93 689.49 0.9898 1266.80 693.34 0.9894 1212.56 776.39 0.9852 1259.65 780.13 0.9827 1210.56 854.97 0.9624 1262.63 860.27 0.9574
53 1129.02 446.04 1355.73 882.37 0.8798 1226.04 482.47 0.1251 1228.47 474.66 0.1027 1231.17 474.84 0.0503 1230.32 484.56 0.7676 1272.37 482.30 0.5238 1206.70 527.99 0.9892 1288.94 522.08 0.9910 1167.28 519.96 0.9683 1330.34 501.99 0.9643 1192.24 498.47 0.9049 1321.90 468.00 0.8899 1213.21 653.14 0.9964 1261.96 650.82 0.9969 1208.30 743.40 0.9832 1236.23 742.99 0.9822 1216.04 835.06 0.9345 1230.94 834.14 0.9317
54 1114.05 315.26 1300.72 810.33 0.8608 1194.62 454.31 0.3225 1195.15 447.20 0.1394 1198.66 448.68 0.1209 1199.21 457.06 0.3955 1229.62 452.30 0.3222 1193.52 509.98 0.9613 1270.84 466.54 0.9770 1188.68 576.94 0.9446 1285.34 405.92 0.9732 1160.47 615.18 0.9125 1268.47 342.03 0.9505 1221.25 611.38 0.9950 1271.55 602.24 0.9964 1172.45 658.14 0.9884 1248.99 695.52 0.9926 1146.93 717.49 0.9630 1234.55 791.56 0.9725
55 1088.16 336.92 1279.26 782.02 0.8434 1143.35 442.00 0.5584 1145.35 435.20 0.3288 1145.82 436.12 0.2834 1150.94 440.03 0.5585 1172.91 435.43 0.4783 1140.84 484.78 0.9736 1208.62 450.20 0.9822 1129.99 550.24 0.9442 1244.54 409.68 0.9662 1110.45 596.38 0.9097 1252.48 374.39 0.9378 1166.77 576.49 0.9920 1212.20 571.92 0.9936 1148.55 629.63 0.9812 1222.45 656.83 0.9863 1146.02 693.41 0.9456 1235.78 745.28 0.9569
56 1006.93 369.54 1282.36 711.13 0.8867 1165.66 397.56 0.4077 1163.26 391.70 0.2106 1166.44 391.00 0.1926 1145.89 397.55 0.5723 1178.79 398.05 0.5074 1133.20 433.42 0.9852 1187.75 436.94 0.9798 1064.35 445.59 0.9677 1226.93 476.19 0.9486 1034.41 445.36 0.9247 1258.15 518.48 0.8964 1146.74 542.14 0.9955 1183.19 539.26 0.9946 1139.24 615.42 0.9872 1200.92 581.27 0.9852 1142.87 686.70 0.9547 1229.07 630.16 0.9522
57 1110.95 348.69 1226.11 705.33 0.6987 1194.97 398.99 0.2674 1196.08 392.71 0.2324 1196.09 391.96 0.1083 1192.68 392.13 0.4209 1203.95 390.62 0.1239 1188.51 420.00 0.9223 1194.14 416.59 0.8600 1177.55 474.05 0.8990 1168.31 464.90 0.6929 1157.01 517.48 0.8453 1143.45 510.05 0.6517 1161.57 517.04 0.9809 1167.06 514.34 0.9720 1147.93 593.90 0.9773 1153.86 592.46 0.9613 1139.67 667.56 0.9574 1146.52 666.62 0.9372
58 1068.26 341.60 1286.23 648.68 0.8501 1232.52 378.39 0.2498 1227.85 371.53 0.0864 1231.48 372.70 0.2496 1199.09 366.82 0.3957 1219.35 374.56 0.8237 1172.45 387.16 0.9840 1222.52 405.44 0.9950 1117.59 402.91 0.9129 1236.46 454.91 0.9825 1100.39 394.58 0.8209 1254.76 478.44 0.9368 1154.54 476.93 0.9957 1183.85 481.85 0.9977 1146.82 551.75 0.9851 1172.71 555.14 0.9911 1145.54 621.73 0.9617 1160.19 630.19 0.9736
59 1136.08 261.10 1283.90 626.13 0.7331 1197.98 348.58 0.0939 1197.00 342.45 0.0579 1198.67 343.88 0.0579 1188.59 348.93 0.4567 1215.47 348.11 0.4702 1171.09 382.50 0.9714 1220.39 370.03 0.9840 1146.64 419.10 0.9331 1262.56 353.35 0.9632 1135.03 439.18 0.8613 1259.24 301.17 0.8981 1178.96 462.75 0.9942 1207.40 459.73 0.9959 1174.49 525.12 0.9812 1191.22 524.74 0.9844 1178.43 584.88 0.9464 1185.49 586.07 0.9525
60 1143.72 305.85 1244.87 596.90 0.7989 1200.85 336.30 0.2126 1201.38 329.57 0.1911 1201.05 330.77 0.0922 1196.17 333.56 0.6655 1220.45 335.06 0.3359 1180.41 365.41 0.9728 1229.22 363.64 0.9479 1159.38 407.04 0.9159 1235.75 388.85 0.7398 1156.68 438.70 0.7952 1219.65 391.50 0.5768 1180.18 446.73 0.9886 1212.03 446.56 0.9832 1177.36 507.35 0.9811 1199.32 509.00 0.9684 1177.79 566.18 0.9666 1194.85 568.30 0.9510
61 1153.40 275.18 1251.54 563.91 0.7737 1209.71 314.85 0.2380 1209.41 309.06 0.1637 1208.68 310.19 0.1382 1202.98 313.99 0.5111 1221.40 313.87 0.4502 1189.29 345.12 0.9620 1229.13 337.20 0.9621 1169.38 387.48 0.8753 1247.61 347.16 0.8567 1158.84 409.33 0.7562 1235.16 325.08 0.7255 1194.99 421.54 0.9870 1219.90 419.36 0.9867 1188.01 480.05 0.9765 1208.02 479.69 0.9733 1187.91 535.66 0.9584 1201.96 535.55 0.9541
62 1145.82 248.71 1277.73 539.57 0.7376 1206.70 311.44 0.1704 1204.44 305.64 0.0895 1204.67 306.88 0.1245 1190.67 308.77 0.4849 1209.23 308.28 0.6353 1173.10 335.19 0.9793 1214.73 324.17 0.9898 1151.86 365.76 0.9324 1255.66 308.56 0.9699 1143.42 386.25 0.8625 1255.88 268.83 0.9121 1180.23 403.94 0.9945 1206.52 401.03 0.9963 1170.40 456.88 0.9818 1200.26 455.60 0.9858 1168.96 506.10 0.9515 1202.31 506.72 0.9587
63 1137.04 279.60 1300.04 519.54 0.6804 1226.47 310.73 0.8654 1229.44 306.30 0.6590 1223.15 305.12 0.8591 1229.44 306.48 0.3230 1210.90 302.54 0.8042 1224.81 325.71 0.9770 1187.33 324.20 0.9929 1248.12 340.76 0.8753 1155.54 353.30 0.9753 1276.03 345.37 0.8487 1152.28 387.72 0.9497 1199.58 391.89 0.9892 1178.04 391.44 0.9942 1197.38 443.87 0.9712 1183.60 443.81 0.9834 1186.46 490.41 0.9404 1176.63 492.78 0.9600
64 1161.23 279.71 1254.57 516.20 0.5334 1240.06 309.00 0.8702 1244.10 304.58 0.6597 1237.16 302.85 0.8694 1244.54 305.20 0.3262 1225.73 299.96 0.8278 1235.42 328.87 0.9637 1204.89 321.75 0.9917 1227.81 363.75 0.7366 1180.17 353.12 0.9632 1225.13 387.03 0.6878 1175.97 387.43 0.9188 1214.18 387.91 0.9748 1195.49 385.45 0.9885 1212.97 438.29 0.9480 1195.50 435.82 0.9744 1205.42 486.10 0.9168 1189.50 484.54 0.9500
65 1172.47 275.01 1276.26 516.22 0.5693 1245.19 301.02 0.8617 1248.31 296.52 0.6978 1241.51 295.55 0.8265 1250.40 297.57 0.4161 1231.03 294.35 0.7408 1250.29 321.15 0.9785 1212.47 316.75 0.9916 1256.11 354.23 0.8831 1190.63 350.05 0.9640 1266.95 384.58 0.8386 1184.00 387.10 0.9268 1229.52 382.85 0.9864 1207.56 381.00 0.9916 1228.67 436.56 0.9641 1212.03 434.72 0.9761 1213.52 484.26 0.9244 1204.29 483.50 0.9441
66 1201.96 287.28 1375.54 529.18 0.6478 1280.71 315.34 0.9149 1284.20 310.46 0.7904 1275.59 309.90 0.8827 1288.10 310.59 0.4642 1264.02 309.04 0.7590 1289.61 329.26 0.9843 1248.29 331.91 0.9924 1318.76 336.91 0.9294 1220.48 358.62 0.9735 1346.35 333.22 0.9086 1215.08 389.78 0.9527 1267.21 399.45 0.9875 1244.55 400.26 0.9916 1262.87 449.59 0.9596 1255.97 450.42 0.9707 1244.61 495.86 0.9077 1248.56 498.67 0.9266
67 1246.51 287.17 1360.93 536.48 0.6448 1331.53 312.98 0.9097 1336.04 309.06 0.7944 1327.86 307.01 0.8842 1338.95 313.58 0.5013 1316.45 306.81 0.7820 1332.02 343.13 0.9826 1298.44 327.59 0.9935 1334.31 377.44 0.8885 1264.10 336.38 0.9683 1342.16 398.60 0.8483 1264.37 332.54 0.9372 1312.23 409.67 0.9871 1289.23 403.91 0.9924 1321.32 462.78 0.9612 1283.01 457.74 0.9746 1326.23 509.15 0.9216 1268.57 504.01 0.9416
68 1321.84 250.54 1407.17 545.75 0.4672 1393.74 310.55 0.8163 1396.32 305.11 0.5879 1388.24 305.09 0.8117 1394.48 309.17 0.2680 1373.81 308.52 0.7355 1389.28 333.36 0.9082 1363.95 333.78 0.9652 1395.92 338.17 0.6241 1362.64 342.11 0.8992 1395.96 294.26 0.6197 1379.26 300.13 0.8481 1372.66 404.83 0.9180 1356.53 405.15 0.9514 1364.74 464.90 0.8643 1359.19 465.56 0.9165 1343.46 518.06 0.8101 1340.96 520.72 0.8660
69 1351.40 300.86 1467.14 581.91 0.6003 1456.21 335.11 0.8189 1457.32 329.43 0.5238 1451.26 329.22 0.8207 1451.21 332.53 0.2516 1437.76 330.83 0.8307 1441.24 362.13 0.9538 1428.30 353.88 0.9901 1440.75 383.50 0.6713 1405.06 356.16 0.9591 1439.88 392.93 0.6476 1415.85 341.20 0.9185 1426.62 433.34 0.9764 1420.52 430.36 0.9898 1412.94 491.52 0.9566 1422.58 488.76 0.9805 1393.25 544.80 0.9295 1410.10 544.00 0.9607
70 1416.60 294.14 1541.70 585.75 0.7174 1525.50 348.73 0.9264 1531.26 344.39 0.7484 1522.25 342.03 0.9322 1535.95 345.44 0.3179 1510.32 339.26 0.8806 1524.41 365.59 0.9726 1490.51 362.71 0.9959 1519.69 372.37 0.7981 1462.09 385.88 0.9866 1513.12 345.18 0.7857 1447.08 408.98 0.9691 1498.92 443.33 0.9865 1474.42 441.55 0.9951 1500.59 502.75 0.9708 1453.85 500.49 0.9883 1511.19 555.22 0.9502 1435.72 553.88 0.9741
71 1500.18 265.23 1619.81 607.35 0.7677 1606.72 351.65 0.8635 1608.22 345.65 0.6131 1601.86 344.99 0.8448 1603.80 346.11 0.2968 1590.57 342.93 0.8162 1594.39 373.84 0.9737 1576.32 360.00 0.9931 1597.02 409.82 0.8406 1539.37 363.34 0.9771 1606.28 440.64 0.8131 1558.08 343.74 0.9545 1563.94 450.13 0.9857 1553.54 444.80 0.9931 1569.57 515.31 0.9643 1567.62 511.66 0.9822 1528.41 570.48 0.9165 1526.43 568.88 0.9497
72 1529.74 323.38 1785.70 642.31 0.8637 1682.43 371.98 0.9362 1686.02 364.31 0.7893 1675.11 364.27 0.9326 1687.18 364.43 0.3232 1655.91 364.34 0.8585 1679.83 386.35 0.9875 1629.68 396.75 0.9969 1724.32 368.28 0.9368 1583.65 418.20 0.9899 1752.05 345.26 0.9334 1561.86 456.56 0.9800 1647.57 479.08 0.9944 1617.35 483.36 0.9972 1634.35 534.77 0.9808 1612.08 539.83 0.9893 1605.49 588.03 0.9460 1585.61 599.27 0.9656
73 1608.94 347.00 1781.53 646.16 0.8478 1761.00 388.89 0.8706 1763.39 384.16 0.4970 1758.30 382.46 0.9096 1761.61 384.39 0.1279 1743.12 378.66 0.9111 1749.89 412.82 0.9670 1711.29 401.70 0.9981 1739.94 457.77 0.7871 1666.24 433.24 0.9969 1738.91 495.16 0.7859 1641.37 478.76 0.9903 1716.98 502.80 0.9918 1688.64 498.08 0.9983 1719.25 564.83 0.9732 1656.99 561.12 0.9937 1727.52 616.83 0.9400 1627.74 616.24 0.9788
74 1702.39 353.86 1882.29 668.50 0.8728 1854.26 396.51 0.6901 1856.55 390.29 0.3341 1854.12 390.01 0.6869 1849.22 391.24 0.1573 1851.80 391.77 0.7291 1837.30 425.22 0.9226 1829.57 423.57 0.9870 1818.54 478.58 0.6730 1775.36 467.76 0.9739 1807.24 522.61 0.6620 1743.10 518.46 0.9435 1790.04 520.42 0.9778 1789.10 517.81 0.9914 1779.96 583.30 0.9568 1789.49 581.59 0.9822 1729.10 635.54 0.9252 1746.29 637.26 0.9614
75 1757.09 374.67 1964.17 717.45 0.8780 1952.30 411.57 0.7610 1952.88 403.88 0.3102 1944.41 404.13 0.7771 1942.48 404.47 0.1458 1923.52 405.11 0.8819 1926.54 437.72 0.9732 1906.48 436.55 0.9956 1933.47 487.53 0.7776 1894.70 488.49 0.9844 1942.31 530.26 0.7505 1917.93 538.79 0.9593 1880.72 533.62 0.9941 1874.10 532.15 0.9978 1854.13 600.95 0.9892 1894.98 600.54 0.9959 1780.95 662.65 0.9788 1857.34 667.53 0.9899
76 1854.87 377.61 2047.85 719.82 0.8452 2021.85 419.44 0.7459 2027.90 412.49 0.4144 2017.27 411.39 0.7718 2035.12 415.35 0.1527 2006.99 412.14 0.7610 2032.54 449.97 0.9162 1981.12 444.68 0.9846 2029.19 513.58 0.5591 1966.82 510.27 0.9550 2022.29 554.43 0.5050 1983.79 566.56 0.8897 1984.44 525.81 0.9592 1947.29 521.67 0.9839 1982.23 601.94 0.9228 1915.89 598.04 0.9692 1958.68 679.16 0.8799 1878.79 677.84 0.9388
77 1865.21 413.48 2048.00 746.20 0.8321 2046.85 428.60 0.0245 2048.00 421.33 0.0159 2048.00 421.66 0.0156 2046.11 421.55 0.0577 2048.00 422.61 0.0537 2036.48 449.60 0.3202 2030.93 449.79 0.4127 1955.93 476.60 0.3500 1965.63 471.90 0.4732 1893.71 484.47 0.3430 1901.32 493.77 0.4366 2011.58 552.54 0.8564 2005.75 550.89 0.8776 1997.75 638.27 0.8790 1992.20 637.75 0.8877 1952.85 710.01 0.8195 1937.41 710.24 0.8324
78 1891.48 423.77 2048.00 764.08 0.7824 2047.78 450.78 0.1163 2048.00 443.29 0.0806 2047.93 444.03 0.0627 2039.74 442.46 0.1836 2048.00 444.72 0.1249 2027.67 471.59 0.6142 2043.10 473.53 0.6200 1979.43 526.15 0.4753 1995.46 524.33 0.4449 1954.32 565.84 0.4132 1958.63 566.20 0.3893 2011.57 567.37 0.8589 2023.07 566.99 0.8569 1984.20 643.04 0.8737 2001.47 643.65 0.8571 1944.38 717.10 0.8470 1962.55 718.86 0.8357
79 1883.76 412.64 2048.00 766.52 0.8553 2038.71 448.20 0.3330 2044.25 441.04 0.2211 2039.62 439.83 0.2334 2035.08 446.28 0.3299 2038.99 443.55 0.3521 2007.84 488.27 0.8469 2017.90 487.88 0.8792 1943.76 537.98 0.5887 1968.21 535.99 0.6338 1909.98 572.09 0.4848 1930.81 579.99 0.5071 1992.31 595.46 0.9092 1997.30 595.12 0.9171 1971.58 656.50 0.8889 1973.45 656.71 0.8835 1959.62 721.63 0.8513 1952.23 723.14 0.8472
80 1854.19 432.82 2048.00 820.45 0.8309 2030.19 469.00 0.7226 2039.17 459.83 0.3911 2021.99 459.66 0.8611 2048.00 466.23 0.0712 2008.60 464.87 0.8315 2048.00 520.54 0.4349 1983.68 514.00 0.9564 2041.67 580.23 0.0640 1924.52 561.98 0.9405 2039.64 622.97 0.0889 1880.54 618.13 0.8563 2025.47 628.08 0.4350 1981.26 623.21 0.8333 1986.65 695.08 0.2732 1946.22 689.60 0.6998 1940.68 765.27 0.2649 1906.34 760.71 0.5865
81 1780.16 450.62 2048.00 865.84 0.8729 2002.95 491.45 0.9128 2020.24 486.25 0.8742 1998.38 480.57 0.8549 2041.72 501.23 0.6759 1987.17 485.15 0.5921 2039.89 557.74 0.9538 1960.53 531.33 0.9454 2037.87 613.45 0.8025 1914.36 565.79 0.7768 2018.01 578.70 0.7198 1926.64 569.17 0.6933 1975.17 659.71 0.9669 1920.74 646.21 0.9626 1938.51 742.53 0.9567 1867.33 744.58 0.9553 1908.74 807.00 0.9238 1838.22 831.09 0.9232
82 1776.48 475.13 2041.79 896.26 0.9034 1976.87 525.79 0.9410 1988.51 520.81 0.8597 1971.96 514.82 0.8681 1999.70 529.86 0.6718 1955.13 514.29 0.6930 2005.67 585.64 0.9883 1917.55 554.82 0.9878 2015.36 661.86 0.9578 1859.40 598.69 0.9564 1977.37 735.19 0.9191 1814.93 659.52 0.9222 1929.88 696.85 0.9891 1874.88 676.83 0.9886 1895.44 789.52 0.9583 1837.54 764.43 0.9587 1861.42 865.28 0.8512 1822.61 839.95 0.8543
83 1771.59 507.72 2040.43 983.17 0.8631 1936.51 561.85 0.9694 1952.22 555.58 0.9330 1932.92 550.21 0.9269 1976.68 561.85 0.7979 1927.84 547.94 0.7362 1995.75 618.47 0.9900 1888.75 594.31 0.9901 2019.10 661.65 0.9516 1828.64 613.35 0.9556 2005.40 665.67 0.9192 1842.80 586.68 0.9221 1905.86 755.25 0.9854 1843.13 736.65 0.9851 1856.81 862.54 0.9367 1814.95 833.87 0.9395 1799.08 939.14 0.7646 1801.36 905.56 0.7739
84 1682.35 540.26 2001.29 1011.14 0.9073 1906.49 602.28 0.9548 1922.92 595.91 0.9319 1903.29 588.20 0.8260 1952.05 601.12 0.8584 1901.16 582.36 0.5154 1964.82 656.85 0.9956 1880.79 618.65 0.9844 1973.16 717.22 0.9853 1832.25 660.08 0.9296 1948.43 661.69 0.9713 1828.96 694.18 0.9032 1886.11 786.57 0.9968 1829.62 761.62 0.9937 1837.31 896.76 0.9893 1771.15 868.61 0.9813 1799.09 969.93 0.9510 1729.42 948.21 0.9332
85 1665.40 565.85 1939.59 1066.68 0.9117 1849.77 635.75 0.9730 1868.77 627.86 0.9527 1844.15 621.26 0.9099 1900.44 630.98 0.8658 1835.94 614.97 0.6452 1912.15 690.10 0.9956 1806.25 658.89 0.9904 1911.81 771.79 0.9810 1743.77 714.10 0.9502 1875.30 822.91 0.9563 1697.53 782.87 0.9125 1831.30 840.86 0.9951 1763.29 819.18 0.9927 1805.70 957.62 0.9770 1729.06 923.37 0.9683 1782.30 1041.51 0.8982 1725.17 1005.11 0.8806
86 1643.03 621.01 1919.34 1171.65 0.8739 1809.36 696.39 0.9686 1827.04 688.68 0.9423 1803.12 681.41 0.9183 1856.66 683.95 0.8226 1795.17 667.04 0.6761 1883.06 734.24 0.9904 1756.86 707.47 0.9867 1905.17 787.33 0.9490 1701.72 733.61 0.9285 1897.77 806.70 0.9037 1730.83 703.17 0.8747 1804.01 895.55 0.9886 1729.91 874.94 0.9862 1754.39 1011.37 0.9657 1702.46 969.40 0.9614 1679.49 1095.80 0.8922 1695.62 1040.93 0.8877
87 1497.95 656.96 1891.45 1189.75 0.9252 1755.15 734.81 0.9781 1775.19 724.35 0.9630 1750.05 718.08 0.8878 1815.50 721.17 0.8963 1745.28 706.55 0.5112 1836.46 784.72 0.9977 1719.30 758.16 0.9923 1873.76 883.48 0.9924 1635.50 820.44 0.9608 1867.80 965.76 0.9818 1567.87 882.82 0.9363 1752.17 945.46 0.9987 1676.32 925.58 0.9974 1720.21 1056.49 0.9953 1607.59 1044.69 0.9918 1662.71 1131.98 0.9776 1549.87 1134.97 0.9686
88 1476.35 518.35 1863.38 1255.33 0.9360 1689.30 776.36 0.9792 1712.16 767.74 0.9558 1679.97 758.22 0.9135 1744.77 762.76 0.8528 1665.18 739.60 0.5860 1756.54 802.51 0.9970 1630.25 758.26 0.9909 1812.88 754.29 0.9910 1556.57 667.75 0.9639 1831.75 645.08 0.9795 1532.23 577.75 0.9398 1673.09 995.32 0.9980 1590.66 969.56 0.9964 1647.33 1115.31 0.9916 1549.82 1076.79 0.9862 1607.98 1197.83 0.9561 1536.52 1158.82 0.9411
89 1442.98 647.14 1790.69 1434.70 0.8802 1627.31 863.22 0.9740 1646.87 854.60 0.9506 1615.95 846.42 0.8993 1677.77 850.14 0.8636 1601.05 832.86 0.5919 1703.25 891.15 0.9966 1566.95 857.72 0.9882 1740.79 841.67 0.9886 1549.77 782.42 0.9497 1715.85 758.80 0.9761 1650.42 711.16 0.9219 1609.23 1093.52 0.9970 1521.97 1068.75 0.9940 1577.46 1227.18 0.9865 1506.15 1177.82 0.9764 1480.64 1343.89 0.9254 1473.47 1278.78 0.8978
90 1257.86 661.68 1767.12 1486.23 0.9294 1554.72 928.71 0.9845 1580.34 918.93 0.9654 1545.20 908.50 0.9295 1616.52 912.54 0.8579 1529.90 886.23 0.5580 1624.57 964.01 0.9969 1505.91 911.68 0.9923 1688.46 996.54 0.9916 1419.52 845.08 0.9742 1711.87 935.89 0.9812 1359.74 742.37 0.9530 1563.51 1173.46 0.9985 1480.37 1151.49 0.9975 1541.08 1292.91 0.9932 1405.32 1296.13 0.9899 1490.43 1378.51 0.9594 1344.08 1412.36 0.9477
91 1165.08 891.39 1586.29 1495.55 0.9349 1431.50 1016.41 0.9775 1462.42 1003.29 0.9599 1424.28 988.95 0.9272 1511.90 998.60 0.8380 1410.08 963.87 0.5820 1519.68 1101.06 0.9854 1358.02 1033.06 0.9784 1508.67 1296.76 0.9369 1276.01 1154.60 0.8878 1442.16 1439.54 0.8740 1221.54 1284.39 0.8182 1413.66 1340.17 0.9067 1310.83 1302.99 0.8849 1397.03 1500.00 0.4212 1297.20 1467.85 0.3672 1355.53 1500.00 0.1008 1307.69 1484.04 0.0885
92 1207.79 1091.76 1596.03 1495.44 0.8676 1305.72 1254.30 0.9493 1335.44 1234.46 0.9530 1291.34 1228.58 0.8314 1393.73 1213.18 0.8379 1282.85 1199.15 0.2500 1419.59 1243.07 0.9608 1313.72 1218.34 0.7402 1520.92 1246.45 0.9114 1407.02 1203.64 0.4664 1538.98 1257.18 0.8788 1490.87 1205.27 0.5052 1364.97 1457.10 0.7353 1277.90 1437.36 0.5117 1389.96 1481.93 0.2995 1257.49 1447.86 0.1487 1373.81 1459.79 0.1403 1261.74 1417.26 0.0815
93 1076.34 1250.79 1445.39 1493.02 0.6598 1126.86 1471.57 0.7276 1145.69 1429.88 0.8923 1109.22 1445.25 0.3229 1240.73 1381.11 0.7599 1126.11 1419.61 0.0296 1372.19 1440.48 0.1306 1163.61 1469.84 0.1181 1373.33 1500.00 0.0384 1120.40 1500.00 0.0270 1219.46 1486.78 0.0596 1128.43 1474.25 0.0532 1390.01 1500.00 0.0057 1250.18 1500.00 0.0070 1303.70 1500.00 0.0033 1145.44 1500.00 0.0030 1202.60 1494.47 0.0072 1113.30 1486.54 0.0070
97 216.26 1308.35 441.96 1493.29 0.5427 393.46 1443.96 0.0516 379.13 1428.14 0.0182 397.28 1428.44 0.0621 257.89 1442.36 0.3734 406.67 1450.81 0.8030 200.55 1500.00 0.1869 440.71 1500.00 0.2600 220.80 1482.78 0.0111 446.47 1500.00 0.0250 319.89 1445.32 0.0085 418.95 1487.55 0.0126 257.56 1500.00 0.0034 420.40 1500.00 0.0045 283.01 1463.99 0.0018 434.39 1467.80 0.0022 275.41 1471.42 0.0050 419.85 1480.11 0.0058
98 58.49 1128.77 487.77 1489.73 0.8101 250.12 1251.95 0.0868 222.66 1255.44 0.0228 253.38 1244.69 0.0611 134.48 1309.84 0.1607 270.35 1290.60 0.6331 128.79 1432.94 0.6028 339.67 1384.38 0.8136 182.98 1344.85 0.3780 431.18 1260.07 0.7407 243.46 1189.29 0.4308 304.66 1187.92 0.7341 273.42 1494.67 0.1509 431.93 1473.36 0.2584 286.85 1377.17 0.0421 425.11 1315.69 0.0747 346.54 1417.07 0.0155 447.12 1344.77 0.0229
99 0.00 1014.04 414.65 1489.41 0.8173 115.60 1133.65 0.0785 99.17 1117.93 0.0241 119.93 1109.08 0.0802 18.28 1142.09 0.2722 150.15 1125.14 0.7683 0.00 1289.10 0.6251 242.89 1258.33 0.8271 69.57 1446.45 0.1077 372.38 1423.99 0.4306 192.30 1289.51 0.0645 317.14 1388.17 0.2286 116.82 1484.19 0.0665 306.37 1471.54 0.1251 136.99 1415.55 0.0261 383.54 1360.43 0.0528 145.50 1426.93 0.0184 444.99 1355.54 0.0294
100 0.00 871.07 362.57 1483.17 0.9027 85.46 970.92 0.1199 72.19 958.69 0.0252 83.63 953.64 0.1136 11.68 978.31 0.1988 104.40 967.72 0.8085 0.00 1094.53 0.7402 185.29 1055.43 0.9572 22.52 1246.34 0.2868 303.02 1169.18 0.8938 113.97 1299.00 0.1789 345.00 1311.46 0.6917 80.21 1359.34 0.5939 217.81 1350.89 0.8136 75.58 1443.60 0.1862 255.19 1433.15 0.4127 58.98 1499.14 0.0692 248.42 1481.68 0.1331
101 0.06 787.40 339.28 1483.42 0.8824 40.91 882.69 0.0711 38.16 870.63 0.0167 42.71 862.69 0.0733 0.00 891.86 0.1489 72.10 871.21 0.6385 0.00 1011.54 0.5158 145.90 962.13 0.8922 21.04 1162.13 0.1517 242.39 1097.42 0.7969 122.40 1128.78 0.1038 272.58 1269.23 0.5199 68.14 1336.63 0.3832 183.94 1320.55 0.6622 36.03 1352.12 0.1416 211.06 1323.22 0.3517 14.25 1408.20 0.0820 248.31 1382.65 0.1618
102 0.00 592.83 318.69 1277.32 0.9084 23.64 784.91 0.3398 20.64 777.62 0.1107 16.10 777.59 0.3049 2.38 803.86 0.1036 7.33 801.77 0.4708 14.12 871.18 0.5936 42.88 853.30 0.8144 88.66 800.40 0.3658 123.96 757.18 0.7829 105.48 658.61 0.3634 91.26 646.02 0.7358 93.56 1074.40 0.7252 109.56 1073.07 0.8444 153.44 1105.97 0.6554 190.99 1099.59 0.8139 202.41 1219.65 0.5207 257.23 1227.58 0.6558
103 0.00 519.39 201.51 1360.10 0.3082 13.89 719.96 0.0126 12.45 709.49 0.0074 14.23 710.24 0.0061 21.25 729.58 0.0264 29.04 729.51 0.0205 34.56 797.03 0.0986 48.01 794.40 0.0923 66.27 741.84 0.2267 86.70 740.27 0.2021 52.37 654.97 0.3239 61.47 651.84 0.3124 67.73 1042.81 0.4098 69.36 1044.46 0.3992 97.73 1096.11 0.2384 94.99 1098.87 0.2384 118.86 1190.14 0.1412 117.50 1192.52 0.1399
106 0.00 551.65 91.57 1048.29 0.4884 0.00 648.25 0.0146 0.00 639.33 0.0097 0.00 639.93 0.0099 0.00 638.20 0.0291 0.00 638.52 0.0328 0.00 673.78 0.1162 0.00 673.59 0.1025 11.29 732.35 0.2637 12.70 740.01 0.2329 51.85 793.42 0.2896 56.00 800.06 0.2570 10.12 803.36 0.2500 9.83 804.91 0.2489 26.66 867.82 0.1566 27.26 869.13 0.1624 25.11 966.26 0.0987 26.31 967.91 0.1045
108 0.68 465.83 215.47 871.95 0.9024 98.91 511.12 0.9240 95.88 501.02 0.5207 88.01 503.01 0.9488 84.70 506.50 0.0808 56.21 510.12 0.9527 80.48 555.54 0.9716 31.95 569.73 0.9966 104.55 614.11 0.7510 10.79 657.33 0.9900 139.55 639.71 0.7306 36.81 709.90 0.9727 107.80 690.79 0.9742 76.42 703.82 0.9918 173.94 752.58 0.8598 153.72 767.11 0.9557 155.07 828.96 0.6813 140.47 849.66 0.8460
109 105.59 449.30 370.13 854.51 0.8876 218.73 488.88 0.8612 215.89 480.41 0.4825 207.05 482.47 0.8659 207.53 486.67 0.2004 180.06 491.89 0.9015 213.71 528.20 0.9827 170.38 542.29 0.9958 263.84 559.26 0.8835 134.26 611.01 0.9861 302.79 548.82 0.8551 118.22 669.23 0.9657 218.97 649.27 0.9948 205.79 657.01 0.9975 215.12 721.33 0.9850 285.06 728.87 0.9926 172.98 802.44 0.9629 307.15 814.80 0.9781
110 235.63 423.11 467.37 816.05 0.8938 322.84 456.73 0.8496 322.20 449.75 0.4611 317.78 452.35 0.7933 308.61 456.55 0.2214 293.24 462.19 0.7438 317.29 487.81 0.9636 269.45 512.30 0.9893 380.51 489.93 0.9101 254.73 568.27 0.9823 418.50 460.20 0.8889 264.46 614.78 0.9692 351.12 607.75 0.9914 316.72 625.62 0.9954 391.17 669.04 0.9816 331.93 712.22 0.9906 419.30 725.80 0.9575 327.28 793.44 0.9712
111 363.24 392.84 523.15 762.34 0.8792 445.07 429.15 0.8619 441.41 421.09 0.3792 436.96 423.57 0.9167 425.96 426.18 0.0762 413.82 431.51 0.9510 421.67 468.22 0.9427 400.88 477.78 0.9957 432.09 517.94 0.4828 380.78 532.55 0.9864 446.92 532.66 0.4828 396.26 543.41 0.9607 445.90 574.22 0.9690 434.86 583.13 0.9926 478.97 649.20 0.9076 486.55 658.71 0.9784 457.70 720.35 0.8372 472.54 734.86 0.9417
112 464.71 390.06 650.16 744.19 0.8383 547.09 420.93 0.5987 541.28 412.64 0.1530 539.45 413.73 0.6344 505.01 419.11 0.1688 518.86 421.29 0.9258 494.86 461.62 0.9710 519.22 464.16 0.9948 493.41 512.66 0.6604 521.74 508.01 0.9704 499.12 536.41 0.5690 526.63 520.94 0.9084 525.27 561.35 0.9901 551.52 564.56 0.9963 526.60 635.13 0.9745 610.24 636.31 0.9905 488.83 701.37 0.9530 616.99 705.86 0.9775
113 544.93 357.43 698.55 727.97 0.7858 627.15 405.50 0.7577 622.21 397.39 0.3483 621.51 399.19 0.7737 595.06 398.41 0.2198 608.25 401.33 0.9059 579.48 434.57 0.9713 602.71 440.89 0.9941 571.98 490.67 0.7974 604.22 496.28 0.9797 574.54 542.38 0.7288 600.93 538.67 0.9424 610.23 540.64 0.9863 623.35 546.73 0.9940 634.18 614.21 0.9607 632.78 620.01 0.9824 633.65 684.41 0.9197 615.21 694.64 0.9557
114 623.65 360.34 782.82 697.63 0.6512 691.66 402.86 0.8574 689.99 394.95 0.4134 686.14 396.17 0.8755 672.04 393.74 0.1282 669.13 396.83 0.9114 664.19 419.88 0.9678 652.64 434.91 0.9934 705.49 444.24 0.7442 654.81 494.38 0.9778 757.81 448.15 0.7314 693.25 530.64 0.9503 663.63 518.06 0.9822 659.27 527.30 0.9928 695.09 584.14 0.9561 707.50 592.61 0.9833 680.76 653.58 0.9121 707.50 667.43 0.9564
115 588.28 308.96 836.65 684.80 0.8581 762.94 414.72 0.8807 764.70 404.90 0.5870 755.03 407.56 0.8845 762.54 402.18 0.1676 733.22 410.08 0.8431 751.50 419.64 0.9753 709.54 448.62 0.9956 783.07 389.76 0.8987 658.16 478.28 0.9897 800.72 352.49 0.9084 620.42 520.96 0.9804 752.12 522.81 0.9931 728.78 538.58 0.9971 754.56 582.63 0.9781 754.71 598.86 0.9894 740.83 634.18 0.9411 751.94 658.43 0.9660
116 740.91 368.86 856.63 686.49 0.7339 833.55 407.57 0.9288 834.34 401.32 0.6911 826.73 401.76 0.9472 832.10 404.29 0.1984 805.41 403.46 0.9280 827.03 437.96 0.9687 782.54 436.44 0.9960 829.26 479.79 0.7352 753.60 474.60 0.9867 848.33 523.52 0.7171 749.98 510.78 0.9676 822.23 523.62 0.9849 794.66 525.42 0.9950 828.46 587.37 0.9650 804.24 590.46 0.9878 824.32 647.11 0.9425 797.62 653.90 0.9733
117 805.48 378.02 970.32 689.86 0.7975 919.26 418.23 0.9005 919.12 411.90 0.6238 911.94 412.41 0.9187 916.78 413.25 0.1797 890.98 412.95 0.8860 911.82 443.54 0.9718 873.15 439.12 0.9964 906.62 486.07 0.8308 832.70 468.98 0.9919 927.72 525.35 0.8159 814.52 495.54 0.9804 910.45 531.50 0.9926 882.00 531.65 0.9976 940.62 594.01 0.9819 874.89 595.30 0.9936 939.85 649.76 0.9681 831.76 653.94 0.9850
118 794.14 388.69 993.86 725.90 0.8492 971.21 431.20 0.8431 973.05 423.57 0.5099 965.38 424.46 0.8810 969.70 420.74 0.1286 946.14 422.65 0.8548 964.99 446.67 0.9506 921.48 449.72 0.9958 972.08 484.10 0.7580 867.53 481.25 0.9924 980.98 509.65 0.7689 819.82 506.16 0.9815 955.93 538.47 0.9874 931.93 542.34 0.9967 959.75 615.37 0.9648 956.01 620.49 0.9896 948.73 687.27 0.9293 951.80 696.99 0.9705
119 905.53 396.23 1065.71 759.40 0.8812 992.03 441.45 0.9530 995.12 433.93 0.8168 984.20 434.38 0.9528 998.69 433.02 0.3464 965.06 433.13 0.9064 1002.93 464.63 0.9894 941.33 470.56 0.9981 1021.30 502.98 0.9275 918.54 525.24 0.9935 1043.01 538.05 0.9127 921.39 579.03 0.9844 1000.61 568.56 0.9948 962.90 573.41 0.9979 1000.80 641.74 0.9814 973.41 647.05 0.9919 990.22 704.97 0.9480 968.83 713.70 0.9715
120 959.42 410.90 1096.04 811.04 0.8715 1049.75 447.21 0.9535 1051.73 439.30 0.8084 1040.50 439.95 0.9540 1052.98 446.30 0.3431 1016.31 445.93 0.9172 1056.55 494.64 0.9892 992.77 495.76 0.9975 1069.27 552.25 0.9045 981.89 556.64 0.9883 1080.52 601.92 0.8755 1014.23 596.99 0.9718 1055.68 609.89 0.9928 1011.06 612.65 0.9968 1060.55 686.86 0.9747 997.45 690.89 0.9879 1051.90 757.71 0.9343 975.48 766.02 0.9615
121 984.91 430.62 1159.08 838.62 0.8680 1098.36 476.45 0.7886 1100.41 468.98 0.5335 1091.94 469.93 0.7388 1101.08 472.62 0.2514 1078.04 474.49 0.6634 1108.57 513.96 0.9756 1056.87 518.21 0.9931 1125.05 565.47 0.9067 1024.31 577.60 0.9818 1141.01 611.02 0.8808 1003.60 635.00 0.9612 1098.34 627.16 0.9939 1069.30 630.00 0.9969 1092.89 709.17 0.9825 1083.26 712.45 0.9899 1069.45 784.62 0.9544 1074.43 790.62 0.9700
122 1053.92 452.38 1217.23 874.18 0.8281 1151.46 489.25 0.3160 1147.61 481.16 0.0617 1148.57 481.42 0.4018 1116.01 486.52 0.1026 1141.31 488.72 0.8768 1101.15 533.55 0.9318 1138.22 539.28 0.9908 1113.23 603.26 0.5242 1151.47 614.33 0.9742 1142.52 667.01 0.3928 1180.64 679.78 0.8970 1098.33 656.11 0.9804 1124.88 659.53 0.9935 1113.21 742.14 0.9450 1146.22 744.23 0.9826 1082.38 819.50 0.8896 1118.01 824.94 0.9518
123 964.65 415.28 1332.64 875.93 0.8897 1151.43 481.50 0.4159 1148.87 475.46 0.1426 1149.93 476.99 0.2249 1127.52 489.12 0.3611 1156.54 494.43 0.5711 1100.01 521.77 0.9702 1170.86 538.32 0.9865 1039.72 499.91 0.9476 1242.82 534.81 0.9792 991.35 457.09 0.9141 1296.45 499.41 0.9551 1104.90 660.16 0.9956 1140.19 668.30 0.9968 1112.97 737.15 0.9903 1144.75 748.83 0.9932 1102.71 817.95 0.9689 1132.56 835.17 0.9754
124 1068.46 351.55 1257.66 859.38 0.8939 1179.76 462.52 0.2893 1174.89 460.47 0.0897 1179.19 461.25 0.1650 1148.31 477.80 0.2548 1181.39 481.56 0.4837 1121.06 514.72 0.9459 1191.87 516.76 0.9697 1093.19 458.87 0.9293 1224.47 464.14 0.9666 1096.22 395.82 0.9128 1227.93 405.44 0.9502 1123.49 652.75 0.9935 1169.03 653.06 0.9951 1112.89 730.93 0.9784 1177.89 730.63 0.9843 1104.43 815.54 0.9124 1174.98 817.59 0.9270
125 1103.86 424.12 1292.55 847.01 0.8655 1216.55 484.45 0.0792 1213.44 474.76 0.0275 1214.06 476.10 0.0657 1187.54 480.09 0.2468 1226.04 483.43 0.6393 1173.70 518.70 0.9442 1235.93 524.37 0.9798 1153.11 482.78 0.8211 1265.12 497.55 0.9618 1181.13 431.73 0.7058 1244.17 457.77 0.8939 1172.67 642.82 0.9936 1214.58 644.50 0.9965 1167.89 726.52 0.9875 1210.30 727.12 0.9926 1136.96 804.84 0.9650 1184.45 807.45 0.9761
126 1163.34 346.16 1385.04 843.96 0.8764 1303.40 462.52 0.3053 1297.19 455.88 0.0945 1304.25 457.22 0.1524 1259.96 465.20 0.2629 1303.20 470.45 0.4351 1227.82 490.32 0.9629 1310.64 502.03 0.9632 1208.00 464.38 0.9529 1344.49 477.77 0.9536 1202.95 406.04 0.9179 1361.18 415.53 0.9187 1225.38 622.86 0.9951 1268.11 629.29 0.9949 1241.09 702.87 0.9892 1242.65 730.20 0.9894 1231.72 776.35 0.9669 1183.00 817.06 0.9659
127 1201.84 409.08 1428.11 789.23 0.8692 1358.12 453.25 0.3105 1352.82 444.79 0.0760 1356.69 446.07 0.3355 1317.39 443.70 0.3465 1348.03 450.87 0.9211 1287.07 480.46 0.9881 1349.68 496.82 0.9978 1239.06 521.77 0.9127 1361.01 563.48 0.9928 1229.47 560.60 0.8189 1400.86 617.27 0.9659 1278.52 599.80 0.9961 1318.50 605.36 0.9985 1277.91 675.16 0.9819 1325.89 678.65 0.9924 1267.11 748.49 0.9439 1317.67 757.72 0.9705
128 1271.05 400.17 1439.62 753.51 0.8492 1437.67 445.97 0.3699 1434.35 437.11 0.1213 1435.11 438.38 0.3467 1396.79 435.96 0.4241 1426.48 442.20 0.8760 1361.34 469.72 0.9847 1418.08 483.90 0.9941 1327.98 517.15 0.8531 1408.07 546.81 0.9591 1347.94 565.50 0.6962 1405.96 604.83 0.8531 1341.06 578.21 0.9944 1383.57 583.94 0.9965 1329.35 651.04 0.9867 1392.09 656.23 0.9906 1303.19 716.87 0.9731 1387.05 727.68 0.9790
129 1341.83 384.32 1544.16 740.01 0.8809 1478.94 425.61 0.4038 1474.61 417.91 0.1551 1477.33 418.91 0.4211 1447.43 417.06 0.4714 1467.77 422.14 0.8848 1422.24 453.20 0.9887 1469.85 460.91 0.9976 1382.40 505.09 0.9246 1492.24 511.06 0.9915 1360.82 549.41 0.8477 1517.94 545.95 0.9637 1405.78 552.40 0.9968 1432.65 554.92 0.9985 1410.52 626.48 0.9901 1426.96 629.01 0.9949 1386.36 692.90 0.9742 1387.92 699.98 0.9840
130 1410.86 366.93 1520.41 686.60 0.8513 1519.51 403.82 0.3694 1515.40 395.78 0.1388 1516.80 396.96 0.3219 1482.18 394.94 0.3645 1508.57 399.58 0.7861 1454.07 425.84 0.9736 1502.85 434.76 0.9852 1428.97 472.00 0.8114 1494.78 489.38 0.9100 1436.51 515.74 0.6558 1483.95 537.13 0.7698 1436.65 521.98 0.9897 1471.89 525.24 0.9921 1434.61 590.14 0.9814 1474.20 593.18 0.9845 1427.60 655.01 0.9677 1475.67 662.86 0.9715
131 1425.89 348.40 1567.85 657.84 0.8304 1559.13 389.12 0.2244 1556.41 381.33 0.0893 1557.52 382.63 0.1923 1528.48 381.96 0.3814 1555.75 387.55 0.7322 1500.67 413.00 0.9685 1553.47 424.76 0.9828 1472.42 453.47 0.8151 1549.10 478.10 0.9181 1479.44 491.96 0.6496 1549.13 522.54 0.7780 1483.25 505.41 0.9902 1520.37 509.73 0.9928 1469.71 565.24 0.9818 1514.27 569.59 0.9851 1450.77 623.22 0.9701 1502.66 632.04 0.9741
132 1453.71 338.69 1614.29 651.14 0.8486 1566.25 372.50 0.2171 1561.82 365.41 0.1033 1564.70 366.57 0.1721 1538.53 367.67 0.4917 1565.96 370.86 0.7205 1517.19 403.97 0.9813 1574.26 406.07 0.9903 1485.55 451.05 0.8992 1593.34 446.83 0.9549 1470.07 484.53 0.7717 1600.02 464.92 0.8569 1513.49 489.04 0.9928 1548.14 489.08 0.9950 1504.74 554.02 0.9767 1525.83 554.69 0.9818 1498.43 611.45 0.9463 1504.86 615.76 0.9547
133 1492.68 326.14 1613.90 605.38 0.7491 1595.43 358.47 0.2633 1591.91 350.94 0.0906 1593.11 352.33 0.2428 1563.60 349.59 0.3206 1588.49 354.61 0.7824 1537.52 377.38 0.9649 1586.32 385.58 0.9840 1508.34 419.49 0.7509 1584.95 432.80 0.9147 1513.01 450.82 0.5664 1587.56 459.33 0.7600 1522.80 457.57 0.9826 1556.83 461.03 0.9886 1527.24 510.92 0.9604 1570.64 514.30 0.9728 1506.22 564.72 0.9302 1556.34 572.10 0.9468
134 1498.81 329.02 1695.52 590.56 0.8036 1661.09 357.68 0.5165 1661.25 351.84 0.1149 1659.19 352.28 0.6172 1637.31 348.74 0.0798 1649.65 351.81 0.8808 1620.87 369.07 0.9275 1633.81 374.58 0.9911 1650.84 400.91 0.5522 1658.47 404.70 0.9816 1677.49 397.94 0.5322 1679.27 397.75 0.9458 1573.71 449.90 0.9741 1583.66 452.45 0.9920 1593.63 475.58 0.9320 1617.03 477.96 0.9809 1545.11 526.00 0.8836 1576.12 533.30 0.9537
135 1594.77 238.07 1757.62 503.41 0.8176 1744.02 275.36 0.7790 1746.74 269.25 0.3925 1742.32 267.55 0.7974 1731.94 266.07 0.1840 1728.31 262.41 0.8489 1704.93 287.98 0.9553 1701.32 284.52 0.9894 1701.73 335.95 0.6861 1689.61 332.11 0.9582 1722.03 368.36 0.6298 1713.55 369.07 0.8989 1650.37 356.48 0.9723 1647.69 355.28 0.9868 1665.90 414.43 0.9373 1666.01 413.90 0.9706 1619.90 471.68 0.8910 1623.57 475.25 0.9375
136 1611.05 213.98 1778.67 517.69 0.8244 1753.37 247.18 0.9540 1759.81 241.90 0.8896 1748.19 239.32 0.9352 1765.58 245.73 0.6097 1733.44 238.00 0.8220 1761.89 282.33 0.9916 1705.97 267.67 0.9970 1760.74 333.76 0.9303 1662.84 303.37 0.9790 1751.35 374.94 0.8882 1643.94 347.86 0.9504 1722.85 362.20 0.9929 1685.80 355.04 0.9957 1716.81 425.64 0.9764 1663.10 419.34 0.9835 1701.01 490.25 0.9477 1641.31 484.85 0.9593
137 1662.14 230.32 1806.90 525.37 0.6836 1754.16 265.56 0.9435 1761.37 260.16 0.9208 1749.95 258.46 0.8782 1771.92 261.68 0.7777 1742.42 257.69 0.5709 1782.89 293.94 0.9899 1727.31 286.64 0.9902 1792.03 339.24 0.9583 1703.51 321.82 0.9432 1783.01 375.79 0.9342 1690.69 358.02 0.9137 1754.93 370.55 0.9894 1718.73 365.67 0.9894 1746.37 433.90 0.9736 1694.09 428.82 0.9690 1739.05 491.85 0.9457 1677.19 485.76 0.9385
138 1621.94 285.75 1812.82 609.15 0.8038 1714.70 319.35 0.9622 1721.34 313.55 0.9318 1710.83 312.54 0.9251 1735.25 315.38 0.7352 1706.08 312.28 0.7049 1752.08 347.89 0.9935 1692.25 339.51 0.9965 1778.74 370.73 0.9695 1657.56 349.59 0.9816 1785.81 371.95 0.9566 1650.56 337.50 0.9676 1726.94 439.54 0.9955 1689.17 433.88 0.9967 1723.64 508.32 0.9869 1672.86 502.29 0.9888 1711.65 573.50 0.9625 1655.37 566.80 0.9670
139 1590.07 342.75 1710.85 655.02 0.7974 1652.82 372.93 0.9318 1659.90 366.30 0.9057 1648.43 366.08 0.8289 1674.93 370.09 0.7849 1643.74 369.31 0.5257 1687.15 408.03 0.9920 1636.05 403.02 0.9906 1697.73 456.84 0.9612 1619.56 441.73 0.9190 1687.70 494.71 0.9337 1622.20 466.09 0.8770 1664.47 491.40 0.9911 1632.71 487.35 0.9899 1642.51 552.98 0.9767 1616.22 548.84 0.9691 1629.27 612.95 0.9456 1616.97 608.25 0.9343
140 1494.58 346.74 1664.54 679.10 0.8309 1600.57 374.28 0.9474 1609.06 367.84 0.9281 1597.25 366.96 0.8718 1626.85 374.42 0.7973 1595.14 372.93 0.5354 1640.05 420.13 0.9907 1587.07 414.68 0.9904 1644.68 475.94 0.9644 1563.85 459.90 0.9419 1624.43 520.80 0.9468 1550.94 500.51 0.9174 1607.19 515.93 0.9918 1572.36 510.46 0.9914 1592.24 583.71 0.9813 1547.67 578.50 0.9765 1579.65 649.31 0.9603 1530.56 643.70 0.9535
141 1425.87 362.63 1574.42 693.31 0.8448 1509.65 386.28 0.9216 1518.75 380.65 0.9185 1509.11 378.48 0.7418 1538.60 389.19 0.8593 1510.34 384.59 0.3178 1547.77 434.99 0.9928 1505.78 428.04 0.9826 1559.86 485.87 0.9809 1494.94 472.81 0.8660 1532.14 518.23 0.9671 1486.12 506.37 0.8431 1523.41 533.12 0.9940 1491.86 527.76 0.9897 1524.92 602.86 0.9880 1461.64 597.77 0.9745 1556.71 664.75 0.9728 1462.59 658.29 0.9531
142 1344.70 369.69 1511.25 707.60 0.8555 1428.62 399.89 0.8486 1434.20 393.36 0.8693 1428.63 393.34 0.5237 1452.82 398.51 0.8431 1433.29 398.64 0.1731 1473.99 442.05 0.9932 1429.25 436.40 0.9799 1495.62 493.99 0.9880 1404.51 472.97 0.8773 1499.12 537.81 0.9768 1373.36 492.94 0.8583 1449.15 540.78 0.9959 1422.55 535.62 0.9923 1425.98 603.65 0.9899 1403.98 599.76 0.9763 1427.58 668.40 0.9735 1406.35 663.41 0.9507
143 1263.59 371.35 1401.20 711.94 0.8340 1337.46 400.83 0.8607 1345.38 393.88 0.8786 1337.46 393.22 0.5464 1369.14 399.41 0.8632 1346.67 398.66 0.1908 1383.16 445.54 0.9868 1353.73 441.65 0.9583 1376.69 508.45 0.9689 1345.25 497.41 0.7221 1342.88 556.01 0.9464 1327.82 543.66 0.7122 1366.41 548.07 0.9884 1344.50 543.27 0.9771 1350.92 604.57 0.9837 1309.53 600.41 0.9601 1364.44 679.40 0.9717 1303.29 672.90 0.9453
144 1176.00 377.38 1331.85 714.46 0.8140 1220.19 415.19 0.7834 1226.38 407.81 0.8383 1221.58 407.31 0.3344 1247.16 409.95 0.9022 1237.15 409.17 0.1133 1265.20 451.93 0.9909 1249.38 446.87 0.9502 1278.54 511.60 0.9778 1243.31 496.92 0.6246 1254.99 566.35 0.9486 1216.24 549.18 0.6033 1257.85 551.13 0.9936 1246.86 546.18 0.9841 1246.39 621.08 0.9918 1210.42 616.28 0.9744 1295.08 688.10 0.9845 1237.44 679.76 0.9629
145 1056.67 392.04 1254.42 724.52 0.8405 1128.16 432.57 0.9071 1134.46 425.08 0.9271 1125.92 426.00 0.5958 1152.69 425.87 0.9262 1132.30 428.72 0.2114 1179.96 464.40 0.9961 1137.88 464.04 0.9836 1215.67 509.52 0.9915 1117.42 496.87 0.8416 1230.87 558.12 0.9826 1083.08 513.61 0.8306 1170.26 561.90 0.9969 1152.63 559.74 0.9931 1131.18 630.20 0.9935 1166.33 628.64 0.9807 1117.64 697.26 0.9827 1189.27 693.61 0.9622
146 977.06 394.04 1111.38 745.37 0.8341 1020.06 440.20 0.8746 1025.54 432.09 0.9145 1019.09 432.53 0.4754 1049.28 428.62 0.9173 1031.05 431.15 0.1093 1080.15 463.68 0.9901 1051.59 462.92 0.9443 1087.47 525.06 0.9809 1056.14 518.41 0.6243 1047.26 568.63 0.9630 1035.49 560.92 0.6503 1081.48 567.13 0.9910 1060.16 563.15 0.9762 1072.08 635.36 0.9883 1026.74 630.83 0.9611 1084.21 712.26 0.9783 1016.69 703.14 0.9476
147 866.10 406.72 1087.53 763.77 0.8399 941.09 454.27 0.9594 948.10 446.34 0.9410 934.65 447.55 0.9020 964.14 444.52 0.7980 928.86 447.05 0.5951 988.09 481.54 0.9946 923.56 478.86 0.9957 1030.98 529.37 0.9735 901.08 503.83 0.9723 1057.73 581.07 0.9545 884.19 508.19 0.9521 980.35 588.62 0.9955 941.61 587.19 0.9963 965.73 662.86 0.9832 927.06 661.63 0.9832 981.31 736.10 0.9515 941.44 734.53 0.9508
148 819.91 345.32 1011.18 829.70 0.8966 912.04 464.19 0.8002 915.05 456.26 0.6173 907.07 456.58 0.7230 923.12 459.31 0.3044 899.09 457.90 0.5508 942.59 492.55 0.9741 877.40 483.16 0.9915 985.45 471.08 0.9512 829.29 436.46 0.9886 997.08 465.20 0.9541 859.91 384.91 0.9842 929.64 606.79 0.9953 889.82 604.11 0.9976 920.82 695.95 0.9849 901.95 694.02 0.9911 891.58 778.68 0.9426 893.60 778.58 0.9613
149 817.86 433.80 954.65 868.80 0.8204 901.93 511.44 0.8384 905.54 501.53 0.6055 893.87 501.99 0.8160 912.01 497.18 0.2407 880.60 496.48 0.7072 928.61 526.50 0.9589 862.26 521.08 0.9913 946.05 504.93 0.8606 828.13 485.31 0.9852 925.61 485.76 0.8730 842.97 443.82 0.9763 915.83 651.08 0.9929 872.64 649.91 0.9970 913.54 740.11 0.9870 870.59 738.57 0.9940 893.21 820.49 0.9603 854.25 820.02 0.9775
150 795.76 478.47 951.50 922.74 0.8207 886.50 547.00 0.8403 892.42 540.61 0.6040 880.60 541.44 0.7090 898.13 544.09 0.4016 865.46 543.51 0.5672 907.22 579.34 0.9703 842.80 569.06 0.9824 932.90 604.77 0.9361 812.52 535.35 0.9668 936.09 629.99 0.9117 814.52 498.56 0.9459 902.13 700.91 0.9935 858.13 703.79 0.9948 911.76 777.01 0.9864 861.41 801.56 0.9898 915.44 836.05 0.9654 862.67 876.06 0.9715
151 706.92 496.20 1071.83 1023.99 0.8801 903.06 608.31 0.9406 906.11 598.60 0.7484 891.07 599.55 0.8924 910.51 591.90 0.4107 862.65 595.24 0.7870 936.05 620.41 0.9861 829.47 617.78 0.9939 983.13 602.71 0.9533 772.69 586.55 0.9853 1027.75 581.70 0.9249 734.44 532.99 0.9706 924.44 769.78 0.9958 856.25 766.72 0.9972 937.33 875.73 0.9884 863.33 850.43 0.9925 934.55 965.68 0.9600 868.22 921.38 0.9703
152 681.48 595.62 1165.52 1127.04 0.9276 877.69 678.36 0.9514 885.10 665.04 0.8057 864.90 671.09 0.8946 901.27 648.58 0.4948 843.07 662.07 0.7233 929.43 669.28 0.9899 826.14 698.51 0.9945 1035.60 656.07 0.9690 756.61 735.90 0.9872 1123.89 637.25 0.9508 714.65 778.98 0.9760 936.72 831.90 0.9980 872.25 850.39 0.9985 937.07 925.49 0.9952 868.24 975.92 0.9968 941.88 999.75 0.9832 866.51 1076.59 0.9865
153 726.95 661.33 1058.20 1200.83 0.8923 783.35 749.33 0.9487 790.97 735.36 0.8843 769.01 740.79 0.8309 815.01 718.83 0.7563 757.31 731.42 0.5797 861.67 765.60 0.9957 758.07 770.01 0.9896 941.84 821.14 0.9853 757.67 817.33 0.9591 1011.93 876.49 0.9684 760.73 879.29 0.9355 870.41 931.84 0.9980 808.97 934.83 0.9970 870.49 1051.66 0.9949 830.40 1044.31 0.9930 907.18 1129.45 0.9820 877.46 1110.33 0.9787
154 551.98 738.86 875.36 1439.32 0.9280 689.21 838.03 0.9756 708.65 823.61 0.9669 677.02 821.91 0.8572 754.85 815.59 0.9260 672.42 813.35 0.4292 805.76 893.70 0.9980 666.62 886.33 0.9865 843.22 1010.14 0.9926 628.76 985.59 0.9162 848.64 1114.83 0.9815 591.35 1089.79 0.8911 796.15 1108.55 0.9972 714.60 1100.56 0.9930 776.49 1261.92 0.9897 722.08 1231.99 0.9758 777.45 1361.78 0.9473 763.28 1317.37 0.9161
155 372.53 852.46 797.27 1489.59 0.9256 541.74 975.86 0.9779 564.39 956.86 0.9687 529.79 956.54 0.9083 620.23 943.31 0.8842 525.64 944.37 0.4304 690.51 1015.21 0.9880 523.24 1029.99 0.9653 766.35 1147.45 0.9619 475.12 1164.82 0.8668 747.89 1277.34 0.9284 419.43 1306.47 0.8203 713.61 1274.53 0.9265 596.60 1279.82 0.8870 755.93 1439.23 0.4580 570.73 1445.89 0.3486 775.72 1453.24 0.1033 572.32 1461.39 0.0802
156 85.12 967.23 722.65 1497.25 0.9234 361.65 1115.46 0.9825 386.18 1090.77 0.9764 343.94 1093.26 0.9198 448.86 1071.11 0.9041 332.75 1081.78 0.4659 535.46 1115.67 0.9895 317.15 1185.60 0.9743 639.94 1187.10 0.9590 208.44 1347.86 0.8456 682.04 1285.41 0.9071 100.64 1473.33 0.7499 617.26 1373.52 0.8589 476.80 1407.24 0.7871 678.56 1489.16 0.2507 490.03 1500.00 0.1638 699.11 1483.27 0.0459 559.36 1473.24 0.0348
157 191.32 1026.89 606.69 1493.19 0.9013 262.52 1189.92 0.9696 287.42 1165.87 0.9781 254.56 1168.74 0.8059 370.26 1143.40 0.9402 262.31 1153.05 0.1626 478.78 1187.92 0.9849 270.49 1228.64 0.8906 584.67 1298.04 0.9577 232.81 1341.98 0.5910 535.18 1436.10 0.9220 234.84 1251.16 0.6079 516.52 1448.77 0.7099 372.25 1454.01 0.4760 519.60 1483.83 0.1345 303.82 1469.03 0.0554 486.77 1473.30 0.0277 347.46 1417.96 0.0155
158 62.61 1212.24 262.97 1485.62 0.3730 91.43 1400.25 0.8799 120.51 1370.24 0.9537 86.99 1370.18 0.6257 210.33 1368.80 0.8783 109.46 1368.99 0.0977 271.93 1488.77 0.3426 111.72 1471.50 0.2736 235.48 1500.00 0.0508 64.95 1500.00 0.0252 141.78 1447.93 0.0660 93.97 1445.89 0.0409 209.36 1500.00 0.0082 110.30 1500.00 0.0084 166.35 1500.00 0.0036 86.04 1500.00 0.0029 114.64 1500.00 0.0087 104.28 1499.70 0.0075
