33 0.00 631.56 116.77 931.96 0.6886 14.63 671.31 0.5581 19.25 665.35 0.5883 11.79 665.05 0.2773 32.44 665.96 0.5802 10.07 665.48 0.1014 55.68 693.96 0.9128 6.76 692.29 0.7271 92.04 729.51 0.8847 7.05 723.87 0.4424 88.64 739.14 0.8277 23.41 719.53 0.4639 41.03 784.80 0.9136 10.57 783.15 0.8371 36.85 854.50 0.8488 10.28 853.07 0.7186 38.83 912.42 0.7320 14.20 909.11 0.6028
34 7.22 617.18 118.46 928.29 0.6283 53.68 648.64 0.8240 59.73 642.18 0.8051 49.67 641.93 0.7029 71.87 644.14 0.6596 42.86 644.37 0.3563 86.81 677.34 0.9801 34.12 677.10 0.9674 106.63 716.02 0.8922 21.78 714.44 0.7863 102.86 741.85 0.8328 24.15 739.20 0.7262 70.42 766.21 0.9843 38.39 765.53 0.9803 67.59 838.86 0.9561 40.82 837.95 0.9446 64.56 903.08 0.8888 45.52 902.55 0.8688
35 10.41 621.86 193.51 934.49 0.6455 93.36 652.91 0.8746 99.13 647.72 0.8007 89.06 646.28 0.7970 107.16 650.36 0.5470 78.40 646.24 0.5256 115.22 680.84 0.9692 61.37 674.32 0.9728 136.43 721.98 0.8913 35.76 704.52 0.8905 132.57 746.99 0.8492 40.77 718.64 0.8447 107.68 765.74 0.9791 70.87 764.31 0.9798 129.56 834.27 0.9604 73.46 832.70 0.9580 151.65 900.18 0.9314 77.54 897.52 0.9278
36 90.29 619.26 204.75 938.51 0.6545 149.91 650.02 0.9291 155.49 644.03 0.8917 143.87 644.04 0.8539 164.82 647.30 0.7211 132.82 647.62 0.5627 179.79 681.38 0.9882 119.88 681.82 0.9871 191.78 721.58 0.9504 98.27 718.43 0.9268 172.12 725.98 0.9203 103.01 720.33 0.8917 169.37 772.81 0.9896 130.49 773.07 0.9889 172.31 843.73 0.9770 128.39 843.74 0.9722 168.11 910.80 0.9493 124.83 910.09 0.9412
37 99.30 619.33 228.35 942.79 0.8209 153.28 651.83 0.9293 160.99 645.26 0.9453 150.53 644.63 0.7134 180.61 646.96 0.9142 148.23 646.81 0.2161 202.83 680.97 0.9936 147.28 680.25 0.9743 203.27 725.45 0.9860 132.74 721.47 0.8055 154.54 715.56 0.9728 120.60 719.74 0.7992 192.83 775.99 0.9925 155.64 773.72 0.9833 192.49 842.97 0.9852 148.14 840.16 0.9589 204.18 909.40 0.9643 158.33 902.87 0.9240
38 136.27 619.62 257.14 934.50 0.8135 175.39 653.19 0.7438 180.18 647.16 0.8169 176.21 646.77 0.3190 197.37 647.61 0.8910 190.47 646.87 0.1215 211.74 677.10 0.9877 201.01 674.31 0.9322 203.94 719.52 0.9752 191.64 713.34 0.5918 171.56 723.08 0.9422 169.30 720.37 0.5730 214.92 766.24 0.9910 204.71 763.22 0.9765 218.39 840.25 0.9885 179.80 837.45 0.9631 242.90 911.03 0.9783 176.48 904.10 0.9484
39 143.63 623.45 254.92 933.96 0.7159 160.81 667.60 0.6395 163.55 660.74 0.7262 160.89 660.59 0.2182 178.01 655.24 0.8558 178.76 654.74 0.1008 197.95 678.47 0.9808 196.13 675.15 0.8978 205.17 727.20 0.9657 199.32 720.12 0.5244 176.19 756.70 0.9236 172.67 751.36 0.5135 210.27 763.67 0.9847 209.31 760.81 0.9609 210.80 835.08 0.9790 199.85 831.99 0.9372 234.23 904.37 0.9594 214.05 896.79 0.9097
40 121.64 625.46 255.06 933.90 0.8289 139.64 668.35 0.7774 142.48 661.42 0.8208 138.02 661.60 0.3669 156.78 654.82 0.8443 148.07 655.69 0.1212 183.07 675.91 0.9847 161.84 676.52 0.9256 204.76 727.69 0.9742 174.32 728.86 0.6307 193.30 775.73 0.9500 171.90 772.87 0.6403 202.73 757.52 0.9878 188.55 757.43 0.9702 209.49 827.39 0.9824 182.61 826.39 0.9501 234.23 900.46 0.9657 196.19 895.22 0.9270
41 113.34 628.19 251.09 935.54 0.8040 134.09 672.14 0.7718 136.84 664.95 0.8117 131.63 665.38 0.3708 150.77 656.47 0.8249 139.30 658.01 0.1180 176.21 674.79 0.9833 151.99 676.06 0.9267 194.92 726.11 0.9733 160.61 727.46 0.6565 182.11 775.37 0.9504 157.31 772.25 0.6675 196.55 756.26 0.9891 180.11 756.68 0.9747 205.68 828.04 0.9859 172.55 827.37 0.9615 234.04 903.93 0.9733 186.31 899.21 0.9442
42 78.33 622.55 217.89 941.74 0.7659 108.76 663.44 0.8210 113.29 656.03 0.8745 107.64 657.00 0.3995 132.87 651.33 0.8724 116.78 654.37 0.0911 166.37 679.88 0.9875 128.49 678.97 0.9349 193.85 731.77 0.9850 120.41 714.64 0.7003 188.98 786.10 0.9727 101.26 733.21 0.7346 177.50 772.41 0.9920 155.62 770.98 0.9796 166.05 843.83 0.9870 152.17 842.15 0.9591 184.87 913.24 0.9704 172.68 907.74 0.9321
43 0.00 607.36 269.94 947.53 0.8859 81.69 638.97 0.9557 89.75 632.01 0.9709 78.12 632.52 0.8017 111.06 637.77 0.9365 77.92 639.23 0.2339 136.50 675.85 0.9962 78.51 673.87 0.9825 190.23 684.03 0.9923 37.73 674.27 0.8509 228.67 684.33 0.9854 14.27 656.16 0.8527 118.76 776.26 0.9947 85.97 772.75 0.9875 102.11 839.66 0.9831 82.32 836.02 0.9506 110.16 913.82 0.9467 99.32 908.18 0.8864
44 0.00 580.53 258.38 955.98 0.8395 56.04 628.94 0.9618 63.02 621.74 0.9534 48.58 622.32 0.9016 76.32 627.12 0.8345 38.92 627.51 0.5127 98.06 662.42 0.9931 23.38 662.57 0.9856 155.90 647.59 0.9742 0.00 649.20 0.8992 210.46 628.83 0.9560 0.00 617.08 0.8742 82.44 769.15 0.9905 35.00 768.75 0.9862 93.57 852.91 0.9631 30.96 852.24 0.9407 90.09 933.83 0.8849 21.83 932.91 0.8403
45 0.00 585.01 190.87 972.06 0.8900 32.24 618.56 0.8548 38.52 611.49 0.8404 24.78 610.56 0.6802 47.35 616.40 0.7108 10.04 613.44 0.2937 60.98 651.14 0.9738 0.00 656.04 0.8851 112.11 647.08 0.9301 0.00 682.10 0.4878 151.34 625.99 0.8841 23.62 688.08 0.4847 48.40 770.85 0.9654 5.75 773.09 0.9209 65.31 847.74 0.9367 11.60 849.47 0.8546 61.44 932.55 0.8629 0.00 933.62 0.7608
46 0.00 581.34 213.15 987.98 0.8885 67.99 614.53 0.9267 71.74 606.48 0.8827 57.83 606.52 0.8706 76.37 612.76 0.6211 32.92 612.60 0.5678 90.52 651.93 0.9816 11.42 663.54 0.9560 149.59 653.66 0.9352 0.00 709.46 0.7460 182.34 639.06 0.8993 7.06 746.86 0.7025 75.62 780.91 0.9736 25.64 785.89 0.9554 86.25 828.18 0.9458 32.56 833.20 0.9047 62.94 932.12 0.8841 16.56 940.24 0.8304
47 26.58 583.94 161.00 996.16 0.8566 135.29 626.43 0.9372 139.70 617.55 0.7007 126.20 617.45 0.9567 139.27 621.18 0.1816 101.97 619.93 0.9347 132.83 668.77 0.9578 73.97 668.12 0.9957 135.49 731.63 0.6388 37.93 731.23 0.9859 149.33 789.90 0.6426 41.29 798.85 0.9652 115.36 780.69 0.9795 80.00 782.79 0.9941 119.17 867.32 0.9604 103.45 870.23 0.9879 99.23 950.73 0.9369 95.27 957.10 0.9732
48 79.08 570.90 254.22 1005.56 0.8834 215.16 614.66 0.9076 215.84 606.31 0.5982 205.20 605.21 0.9218 211.10 610.72 0.1622 174.25 605.38 0.8976 209.00 660.45 0.9726 138.50 652.18 0.9948 205.46 730.99 0.8007 99.46 721.06 0.9832 209.74 782.31 0.7702 117.23 786.36 0.9606 193.55 781.98 0.9889 144.49 780.88 0.9955 229.46 864.62 0.9739 159.64 865.03 0.9891 210.35 956.47 0.9452 123.49 959.73 0.9704
49 88.49 579.12 378.01 1005.15 0.9020 316.15 621.94 0.9314 317.86 614.78 0.6847 308.39 611.89 0.9141 311.21 616.96 0.3090 281.37 610.93 0.8671 316.97 660.77 0.9720 251.34 647.60 0.9952 336.09 683.40 0.8972 184.20 651.86 0.9900 344.98 671.26 0.8751 129.91 638.85 0.9796 304.91 794.06 0.9931 259.84 788.12 0.9971 328.70 878.43 0.9797 256.53 869.09 0.9919 292.68 949.64 0.9373 199.57 941.78 0.9655
50 282.09 471.17 488.79 1011.21 0.8233 417.85 627.26 0.9207 423.56 621.20 0.6250 409.13 618.83 0.9142 421.31 620.53 0.2690 382.02 613.30 0.8834 410.28 662.14 0.9568 356.33 636.23 0.9959 403.75 692.19 0.8025 325.08 584.57 0.9900 412.64 709.83 0.7674 326.55 517.69 0.9729 393.55 787.30 0.9898 367.42 781.66 0.9967 375.27 881.70 0.9833 414.38 880.00 0.9949 312.05 961.16 0.9642 422.95 967.66 0.9838
51 417.64 519.01 581.83 1012.15 0.8475 517.28 610.60 0.8833 523.46 603.92 0.5363 510.41 602.15 0.8862 520.63 605.80 0.2146 488.29 599.57 0.8414 509.92 639.42 0.9048 464.39 623.04 0.9911 511.11 633.54 0.7186 459.25 581.02 0.9856 541.43 600.21 0.7117 505.46 543.28 0.9661 509.21 775.60 0.9793 470.97 775.06 0.9935 537.42 868.34 0.9648 474.53 876.43 0.9895 527.51 954.38 0.9313 452.33 979.44 0.9683
52 513.85 555.61 668.91 1013.99 0.8674 637.42 610.51 0.9050 638.36 600.73 0.6374 626.73 600.65 0.9202 627.27 600.70 0.2731 603.82 602.40 0.8876 616.65 647.82 0.8908 594.86 632.37 0.9882 588.35 667.04 0.5647 568.19 612.97 0.9680 611.69 641.09 0.5292 590.62 581.76 0.9257 620.88 774.75 0.9582 601.51 769.93 0.9861 646.43 884.69 0.9473 615.36 871.41 0.9831 606.88 967.38 0.9220 552.86 952.43 0.9630
53 603.50 570.25 830.47 1013.49 0.8688 752.66 616.40 0.8965 758.32 611.57 0.5938 744.61 608.93 0.9065 752.70 616.60 0.3055 718.87 609.23 0.8967 736.46 664.62 0.9499 701.75 644.70 0.9940 715.23 707.77 0.7037 679.37 644.80 0.9797 706.83 705.92 0.6004 696.55 601.10 0.9403 733.21 789.69 0.9862 720.49 784.62 0.9953 701.51 881.25 0.9797 765.10 882.93 0.9935 635.63 958.95 0.9617 779.96 974.46 0.9815
54 752.64 570.75 939.88 1013.48 0.8637 865.57 618.25 0.8731 868.58 610.23 0.5183 862.17 608.08 0.8826 853.61 609.06 0.2584 838.17 602.93 0.8764 839.36 652.88 0.9393 808.26 641.33 0.9915 828.01 728.25 0.7479 778.85 699.42 0.9793 832.02 775.27 0.6714 772.07 766.94 0.9454 839.61 775.58 0.9822 812.46 773.97 0.9935 870.02 866.95 0.9670 802.74 871.62 0.9881 885.10 950.12 0.9353 785.53 970.11 0.9657
55 798.07 528.66 1075.29 1018.22 0.8708 1000.59 637.09 0.9027 995.79 627.42 0.5098 994.21 628.50 0.8910 972.55 620.83 0.1957 969.24 627.95 0.8669 968.96 638.73 0.9580 943.17 670.29 0.9944 991.61 587.39 0.8792 906.90 722.91 0.9909 1026.92 529.35 0.8447 877.29 786.82 0.9788 971.05 783.41 0.9916 944.18 792.52 0.9969 1030.31 879.37 0.9783 919.72 882.88 0.9920 1026.33 957.29 0.9464 828.00 965.69 0.9705
56 1000.34 576.59 1131.51 994.91 0.8208 1100.54 622.33 0.7769 1102.59 613.22 0.3119 1094.99 613.59 0.8193 1083.21 611.86 0.1118 1075.13 612.59 0.8818 1061.89 647.18 0.9073 1055.06 644.22 0.9876 1054.12 693.33 0.4409 1017.84 671.63 0.9619 1075.98 713.24 0.4609 1045.38 666.67 0.9160 1041.00 763.22 0.9740 1042.83 763.75 0.9916 1042.34 858.74 0.9697 1081.93 858.43 0.9900 1019.85 950.09 0.9537 1083.79 952.48 0.9794
57 1014.35 569.59 1270.55 1006.90 0.8772 1194.01 631.38 0.9354 1196.46 625.83 0.6407 1188.39 624.33 0.9250 1181.60 622.81 0.3259 1165.76 620.96 0.9061 1164.37 650.33 0.9760 1139.89 664.08 0.9970 1195.45 623.65 0.8721 1101.78 712.00 0.9905 1228.87 574.08 0.8199 1092.55 762.21 0.9735 1140.01 779.24 0.9894 1142.20 782.72 0.9961 1096.45 877.61 0.9753 1190.55 881.39 0.9910 1036.25 956.93 0.9353 1204.19 971.99 0.9645
58 1189.03 558.16 1317.95 1003.54 0.8545 1300.96 606.86 0.8626 1301.51 597.41 0.3730 1291.89 598.17 0.9318 1288.05 598.28 0.0559 1264.77 599.71 0.9502 1277.27 641.65 0.9019 1239.38 647.21 0.9950 1272.42 702.75 0.3905 1212.13 719.68 0.9901 1288.63 746.67 0.4366 1213.52 785.05 0.9707 1262.96 770.21 0.9694 1240.48 774.06 0.9941 1265.56 866.33 0.9399 1254.88 870.39 0.9884 1222.13 955.64 0.8919 1214.06 964.96 0.9672
59 1218.93 452.73 1484.33 1013.21 0.9183 1410.63 585.81 0.9048 1409.89 575.93 0.5478 1399.09 577.39 0.9074 1391.81 583.44 0.2162 1370.65 585.84 0.8933 1369.37 646.12 0.9302 1369.56 612.91 0.9929 1345.54 697.87 0.7651 1387.02 550.15 0.9879 1383.16 712.50 0.7405 1410.92 501.91 0.9686 1374.43 790.67 0.9831 1358.40 783.33 0.9946 1417.35 883.89 0.9665 1331.75 883.10 0.9896 1422.42 964.66 0.9346 1256.23 968.37 0.9690
60 1406.67 518.55 1662.98 1019.18 0.8683 1541.17 578.93 0.6022 1541.61 573.51 0.1349 1534.66 570.58 0.6103 1519.00 586.21 0.1138 1510.13 575.96 0.8510 1487.22 649.08 0.9180 1497.45 603.84 0.9944 1494.70 728.88 0.7346 1518.30 566.67 0.9910 1530.02 773.69 0.6942 1516.24 528.19 0.9721 1475.87 773.66 0.9903 1491.31 762.18 0.9974 1468.99 877.37 0.9844 1549.09 868.95 0.9960 1433.92 972.00 0.9642 1583.91 973.29 0.9854
61 1573.77 490.59 1711.92 1019.23 0.8674 1686.36 565.23 0.3113 1677.25 558.27 0.0385 1681.61 556.39 0.3294 1633.96 571.28 0.0501 1652.16 566.32 0.7803 1604.00 627.73 0.8475 1648.90 599.05 0.9815 1605.98 660.48 0.6982 1686.07 552.17 0.9823 1607.39 671.33 0.6775 1660.17 505.20 0.9624 1619.31 762.46 0.9838 1642.43 754.76 0.9948 1664.40 871.05 0.9689 1668.96 871.31 0.9906 1636.93 963.50 0.9182 1627.91 977.12 0.9610
62 1670.82 429.39 1919.78 1017.32 0.8925 1820.13 566.86 0.5833 1809.15 557.51 0.1236 1813.51 558.68 0.5345 1766.74 566.79 0.1311 1791.56 570.93 0.8359 1745.31 631.31 0.9526 1789.37 597.33 0.9929 1705.33 709.19 0.8783 1824.34 533.21 0.9913 1703.42 772.30 0.8430 1864.33 457.83 0.9774 1751.37 769.06 0.9943 1768.99 760.50 0.9978 1809.32 874.09 0.9859 1793.18 865.41 0.9949 1778.33 957.99 0.9588 1708.43 941.56 0.9788
63 1790.77 533.47 1981.84 1014.46 0.8581 1952.90 593.33 0.7826 1955.78 587.08 0.3339 1949.71 581.60 0.8207 1934.64 586.65 0.1520 1921.59 573.44 0.8533 1913.55 638.21 0.8725 1885.19 610.60 0.9886 1908.64 723.52 0.5481 1841.02 620.87 0.9734 1932.04 787.11 0.5088 1848.03 608.69 0.9310 1903.76 773.92 0.9670 1896.46 768.20 0.9899 1889.41 868.91 0.9574 1938.17 875.61 0.9874 1813.37 951.93 0.9320 1924.56 977.22 0.9685
64 1895.83 526.09 2048.00 1014.63 0.8945 2014.76 590.08 0.9142 2023.02 578.86 0.7006 2003.18 578.16 0.9543 2033.43 577.25 0.1559 1981.15 574.19 0.9102 2042.76 634.20 0.8055 1953.35 629.07 0.9875 2045.32 708.59 0.1916 1912.61 702.71 0.9631 2038.79 757.35 0.2195 1915.33 779.71 0.9038 2031.10 783.06 0.8286 1973.69 781.70 0.9619 2031.98 885.54 0.7020 1964.60 882.50 0.9220 2009.88 986.00 0.6552 1940.96 982.74 0.8629
65 1956.18 513.15 2048.00 1033.28 0.7408 2023.66 577.07 0.5345 2028.94 565.81 0.3389 2018.20 566.46 0.5049 2027.20 566.35 0.2070 2015.10 567.07 0.5176 2014.29 622.96 0.5523 2007.69 624.93 0.7840 1986.42 701.28 0.1299 1985.19 703.93 0.4296 1989.57 769.85 0.1200 1985.86 768.08 0.3067 2024.01 773.64 0.5220 2020.78 776.21 0.6655 2011.63 886.35 0.5054 2007.76 888.18 0.6348 2012.02 990.01 0.5035 1999.12 991.77 0.6060
66 1933.83 513.85 2048.00 1069.10 0.8079 1982.65 580.89 0.8370 1992.20 568.62 0.7618 1973.10 570.26 0.7602 2013.54 566.30 0.4472 1968.16 570.28 0.4721 2028.47 620.53 0.7532 1972.50 623.30 0.8548 2022.27 686.65 0.2826 1960.96 688.39 0.4975 2009.07 715.66 0.2753 1971.27 710.00 0.4288 2029.02 778.00 0.7130 1994.45 778.78 0.7866 2014.68 903.12 0.7239 1995.84 902.56 0.7834 2002.70 1022.92 0.6767 1989.39 1019.43 0.7304
67 1677.64 477.08 2047.65 1092.48 0.9003 1976.02 541.04 0.9246 1990.57 529.22 0.8348 1963.66 529.79 0.9292 2017.73 529.07 0.4449 1951.64 531.69 0.7355 2044.19 592.91 0.7225 1925.60 589.06 0.9504 2048.00 632.87 0.2627 1820.62 594.33 0.8379 2030.24 656.45 0.2545 1733.01 598.74 0.7315 2028.20 785.89 0.7148 1957.77 784.78 0.8762 2041.84 908.20 0.6869 1975.46 906.76 0.8639 2030.09 1020.01 0.6377 1980.71 1031.01 0.7875
68 1856.39 329.33 2047.49 1121.05 0.9039 1959.31 503.05 0.9319 1976.70 490.56 0.8599 1945.91 492.84 0.9303 2016.24 496.50 0.4797 1940.34 499.34 0.7237 2045.28 560.98 0.7344 1919.86 547.75 0.9481 2039.41 523.25 0.2959 1879.35 465.16 0.8559 2012.00 439.80 0.3073 1945.49 386.41 0.7607 2026.99 772.64 0.7642 1947.23 768.52 0.8980 2019.04 905.04 0.7426 1931.88 902.28 0.8952 2022.72 1030.03 0.6949 1955.05 1032.65 0.8341
69 1798.77 430.07 2047.68 1171.80 0.9046 1900.21 507.46 0.9500 1916.71 490.99 0.9026 1883.74 497.69 0.9410 1954.78 491.74 0.6243 1876.32 507.14 0.7161 2015.28 559.22 0.8744 1867.17 556.69 0.9632 2048.00 558.44 0.4779 1830.78 498.47 0.8598 2015.50 532.49 0.4137 1838.66 454.97 0.7365 1991.94 789.89 0.9322 1890.00 785.62 0.9649 2017.71 954.45 0.9298 1882.23 945.48 0.9674 2027.95 1091.02 0.8970 1886.47 1087.27 0.9398
70 1744.01 231.20 2047.55 1192.34 0.8934 1862.63 466.19 0.9696 1880.06 442.28 0.9389 1838.49 452.01 0.9554 1921.60 439.41 0.7292 1823.55 457.66 0.7829 1986.57 556.68 0.9592 1807.82 510.04 0.9825 2034.26 652.47 0.7023 1759.63 403.13 0.9117 2034.42 783.81 0.5929 1848.80 296.92 0.8285 1958.05 802.10 0.9784 1848.15 789.42 0.9869 1957.48 963.07 0.9598 1863.80 954.75 0.9787 1969.84 1121.19 0.9202 1902.76 1102.73 0.9492
71 1580.92 187.23 2048.00 1298.80 0.9273 1831.50 402.46 0.9735 1847.84 375.78 0.9442 1803.61 388.87 0.9429 1892.13 370.72 0.7744 1788.41 400.98 0.7135 1985.52 491.82 0.9771 1774.64 458.72 0.9894 2048.00 611.92 0.8402 1689.28 361.26 0.9460 2048.00 744.99 0.7598 1634.52 249.72 0.8774 1931.73 799.19 0.9918 1800.58 780.82 0.9946 1909.09 997.79 0.9872 1791.35 951.96 0.9925 1925.34 1198.05 0.9662 1825.99 1116.46 0.9788
72 1415.01 171.47 2047.87 1394.50 0.8991 1717.38 347.72 0.9899 1739.35 323.58 0.9629 1692.02 337.59 0.9775 1788.68 327.53 0.7942 1676.00 366.19 0.8152 1869.64 405.04 0.9909 1670.31 499.93 0.9971 1985.35 335.15 0.9443 1601.35 598.98 0.9887 2017.97 287.98 0.9037 1488.33 667.76 0.9719 1855.24 767.10 0.9979 1722.02 796.05 0.9989 1891.78 1005.17 0.9946 1695.51 1031.39 0.9975 1920.86 1224.24 0.9696 1692.28 1261.63 0.9816
73 1463.39 131.50 2046.79 1444.69 0.8964 1548.32 273.47 0.9789 1568.23 244.30 0.9688 1515.05 260.40 0.9263 1619.61 251.99 0.8625 1495.92 295.54 0.4977 1726.47 347.05 0.9936 1530.30 451.54 0.9569 1907.15 295.12 0.9567 1575.31 609.17 0.7408 2022.81 246.91 0.8898 1575.15 683.88 0.6714 1752.05 749.89 0.9968 1625.95 781.18 0.9931 1757.98 1057.30 0.9948 1641.49 1051.00 0.9905 1797.29 1340.87 0.9759 1695.33 1297.89 0.9660
74 1336.12 0.00 2047.24 1475.44 0.9329 1477.50 108.28 0.9904 1504.58 66.17 0.9757 1431.70 88.69 0.9573 1579.36 78.01 0.8882 1408.31 133.60 0.6684 1724.08 273.67 0.9966 1419.47 330.77 0.9936 1872.19 479.91 0.9740 1422.93 581.76 0.9614 2036.54 674.39 0.9438 1391.39 772.48 0.9215 1671.58 801.74 0.9965 1484.04 808.72 0.9960 1598.38 1199.53 0.9613 1463.38 1138.61 0.9603 1629.30 1481.30 0.5949 1526.02 1347.81 0.6117
75 929.91 1.62 1660.09 1478.87 0.8928 1214.69 10.51 0.8814 1258.75 0.00 0.7662 1191.47 0.00 0.4932 1350.10 0.00 0.6197 1177.30 0.00 0.1070 1482.10 192.50 0.9724 1120.27 234.45 0.9568 1496.38 479.19 0.9792 1076.37 551.05 0.9572 1295.92 765.87 0.9712 1015.23 808.59 0.9525 1467.23 849.22 0.9919 1205.07 857.41 0.9909 1513.16 1321.93 0.7888 1101.21 1322.79 0.7666 1566.38 1500.00 0.0764 1119.57 1500.00 0.0717
76 466.12 12.76 1306.30 1473.40 0.9104 931.88 66.78 0.0001 917.21 45.67 0.0000 968.05 41.25 0.0000 917.76 0.00 0.0086 1045.25 0.00 0.0002 1021.98 0.00 0.3067 970.71 32.57 0.1017 852.00 256.53 0.9570 818.58 360.81 0.6327 666.72 668.53 0.9506 610.83 756.78 0.7463 1072.76 744.31 0.9895 1046.96 745.62 0.9797 928.19 1349.48 0.7370 973.91 1316.48 0.5475 887.82 1500.00 0.0434 965.09 1500.00 0.0267
77 63.83 22.24 1209.89 1460.82 0.8754 704.96 126.84 0.0000 649.53 102.48 0.0000 760.75 98.83 0.0000 487.10 2.21 0.0013 844.99 2.43 0.0113 395.49 22.81 0.0293 850.14 24.07 0.1698 275.23 252.01 0.2421 968.00 264.88 0.8133 290.75 432.42 0.2442 1085.44 562.63 0.6710 422.66 714.11 0.9739 699.13 715.02 0.9897 464.57 1350.77 0.6221 638.74 1368.89 0.8162 513.43 1500.00 0.0576 465.53 1500.00 0.0959
78 0.20 31.21 912.32 1470.90 0.9298 425.03 48.89 0.0002 374.67 9.33 0.0000 454.98 11.23 0.0001 224.42 0.00 0.0084 528.51 0.00 0.1554 185.50 41.63 0.2550 584.70 45.00 0.6078 480.18 449.02 0.3396 805.73 468.25 0.8446 827.18 848.06 0.2055 869.70 848.31 0.5933 156.99 928.47 0.8734 424.57 937.03 0.9338 213.00 1500.00 0.0631 463.23 1500.00 0.1464 247.43 1500.00 0.0020 365.81 1500.00 0.0032
79 0.00 0.00 681.43 1480.26 0.9468 304.86 72.53 0.0007 289.72 38.63 0.0002 351.39 44.68 0.0001 251.36 4.48 0.3933 498.56 18.37 0.0513 203.89 137.62 0.8655 573.83 174.38 0.8907 32.54 437.90 0.8948 617.95 528.12 0.8981 1.61 708.30 0.7681 587.21 776.36 0.7572 212.35 767.75 0.9847 462.56 774.79 0.9869 142.59 1257.08 0.7136 424.21 1274.70 0.7532 128.40 1500.00 0.0422 393.45 1500.00 0.0473
80 0.00 68.71 485.99 1486.30 0.9432 201.89 232.32 0.0444 202.66 201.26 0.0207 223.76 205.03 0.0089 168.07 198.14 0.8348 319.45 208.82 0.4663 117.26 335.91 0.9798 387.65 370.80 0.9701 9.79 530.24 0.9200 430.46 608.04 0.8620 12.40 722.49 0.7691 359.15 744.27 0.6743 130.93 814.83 0.9919 314.30 821.92 0.9908 147.29 1149.48 0.9605 323.75 1138.16 0.9585 184.49 1461.93 0.6345 357.72 1435.97 0.6375
81 0.00 201.92 406.13 1495.79 0.9298 192.75 344.61 0.0671 189.14 315.58 0.0143 195.56 316.63 0.0803 118.41 313.54 0.5325 245.14 321.01 0.9327 41.65 441.18 0.8492 313.50 432.77 0.9862 0.00 605.07 0.3043 367.95 595.90 0.9322 72.66 728.89 0.1625 336.30 768.41 0.7077 59.67 829.57 0.9587 235.87 818.56 0.9883 118.45 1140.95 0.9141 226.81 1081.13 0.9754 156.19 1416.10 0.7226 214.70 1329.53 0.8655
82 0.00 312.17 373.93 1342.57 0.9279 129.57 425.13 0.1851 135.12 403.18 0.0649 142.91 406.21 0.1058 115.26 398.34 0.6752 204.10 403.70 0.7063 68.82 497.51 0.9513 281.87 507.47 0.9846 0.00 643.80 0.7035 332.34 673.67 0.9392 39.58 726.31 0.4863 347.55 807.53 0.7874 116.20 807.72 0.9928 254.57 809.69 0.9966 78.43 1006.99 0.9914 201.29 1026.92 0.9964 73.93 1208.26 0.9735 193.79 1259.28 0.9853
83 0.00 391.74 261.42 1279.71 0.9178 93.07 469.56 0.1883 90.20 453.18 0.0732 100.31 456.77 0.1469 63.25 462.00 0.4216 150.35 467.46 0.7062 26.27 559.29 0.8187 205.88 547.15 0.9582 0.98 664.13 0.4265 234.88 587.82 0.8660 55.02 667.24 0.2823 190.59 507.74 0.6621 32.98 814.05 0.9387 159.06 812.94 0.9704 42.45 992.52 0.9522 177.57 995.43 0.9790 43.07 1173.32 0.9075 196.65 1183.77 0.9464
84 0.00 424.04 237.50 1195.57 0.9088 95.74 506.56 0.1425 89.64 489.02 0.0347 95.48 490.84 0.1982 37.69 487.86 0.2334 112.65 493.57 0.8455 0.00 565.08 0.6987 150.03 563.05 0.9612 0.00 682.41 0.2133 209.18 671.69 0.8825 51.17 772.30 0.1310 225.10 785.66 0.6444 25.82 792.75 0.8832 127.73 792.00 0.9614 31.00 960.92 0.8206 126.88 947.41 0.9400 31.93 1128.38 0.7063 123.28 1111.04 0.8446
85 0.00 466.63 246.10 1151.24 0.9221 101.86 542.04 0.1536 103.38 525.34 0.0365 105.34 528.27 0.2045 59.84 523.26 0.2770 125.67 529.43 0.8146 12.09 592.10 0.7137 169.09 599.27 0.9675 0.00 710.63 0.2515 213.49 710.15 0.9179 21.07 788.81 0.1768 223.73 803.00 0.7408 44.24 800.02 0.9200 146.21 804.60 0.9773 27.43 925.85 0.9146 109.23 953.74 0.9771 21.88 1055.32 0.8710 104.51 1117.83 0.9421
86 0.00 507.52 175.08 1128.00 0.8853 94.04 573.34 0.1642 91.40 560.37 0.0564 94.15 561.51 0.1935 48.90 565.03 0.2450 105.04 567.70 0.7204 11.22 624.64 0.6773 132.77 624.85 0.9188 0.00 691.62 0.2634 161.83 652.30 0.7819 29.22 738.07 0.1792 131.53 617.20 0.5591 34.23 808.83 0.8829 118.06 810.71 0.9450 32.97 935.63 0.8840 112.77 939.40 0.9478 22.65 1073.79 0.8333 119.68 1082.70 0.8991
87 0.00 521.17 188.01 1085.65 0.8772 78.63 583.97 0.2466 76.41 570.90 0.0559 79.80 571.68 0.3059 30.12 571.55 0.2238 83.02 575.59 0.8053 0.00 629.68 0.7852 103.45 632.25 0.9667 0.00 716.50 0.3655 148.21 719.19 0.9224 28.71 768.19 0.2669 172.28 787.06 0.7769 21.29 798.95 0.9140 89.62 796.93 0.9701 29.42 915.96 0.8845 90.69 900.86 0.9609 27.23 1031.08 0.8220 96.02 1019.63 0.9081
88 0.00 494.38 276.58 1058.28 0.9010 82.14 585.65 0.1771 78.77 576.00 0.0321 82.30 577.56 0.2233 36.14 579.56 0.1258 81.20 583.36 0.7350 3.94 618.30 0.7011 109.24 615.75 0.9603 0.00 607.50 0.3856 183.67 578.19 0.9487 44.30 572.49 0.3307 237.26 534.94 0.8566 42.14 785.03 0.9388 107.16 784.98 0.9813 30.36 891.04 0.9066 94.47 895.62 0.9722 21.05 997.24 0.8262 96.75 1018.90 0.9147
89 0.00 497.00 128.15 1044.55 0.8640 51.71 600.07 0.1433 48.90 590.14 0.0510 52.13 592.40 0.1500 26.74 593.26 0.1584 67.75 598.21 0.5207 13.07 624.51 0.5503 89.91 635.07 0.8645 11.71 577.18 0.2868 112.21 603.38 0.7868 39.36 520.55 0.2317 75.28 538.94 0.6244 31.11 779.97 0.8370 84.52 782.45 0.9208 30.16 887.07 0.8166 86.50 879.56 0.9139 20.91 996.52 0.7386 96.63 988.44 0.8350
90 0.00 519.24 162.45 1017.40 0.8729 58.48 608.75 0.1093 51.57 600.00 0.0152 53.43 601.45 0.1797 6.07 606.25 0.0457 47.25 608.22 0.8290 0.00 647.80 0.7579 58.89 646.90 0.9585 30.21 632.02 0.2694 125.57 617.80 0.9417 90.82 584.39 0.2343 131.35 560.10 0.8335 8.71 781.38 0.9501 50.45 781.56 0.9838 22.59 880.23 0.9041 55.40 877.51 0.9713 23.54 976.38 0.8180 53.08 976.47 0.9195
91 0.00 573.64 118.58 999.51 0.9027 52.43 616.73 0.0472 46.81 607.25 0.0198 49.21 607.99 0.0374 17.07 611.56 0.2477 60.69 613.16 0.5481 0.00 659.63 0.8707 81.69 659.95 0.9022 0.00 721.30 0.4979 106.59 719.70 0.6658 1.08 759.30 0.2592 85.24 752.67 0.3750 8.20 782.20 0.9504 63.09 781.77 0.9594 9.86 874.26 0.9115 54.87 873.90 0.9271 10.19 960.41 0.8533 45.07 961.96 0.8712
92 0.00 593.73 124.48 994.67 0.8611 23.23 632.34 0.0345 18.12 624.66 0.0091 22.60 624.59 0.0485 0.85 625.00 0.0435 28.24 624.11 0.4988 0.00 662.41 0.4828 41.62 658.14 0.8493 21.70 714.89 0.1776 83.55 704.80 0.8469 40.34 756.44 0.1434 108.36 747.54 0.6559 12.28 781.66 0.8523 39.80 780.03 0.9424 14.22 871.93 0.7774 35.93 869.08 0.9141 25.94 958.40 0.7047 35.35 955.73 0.8448
93 0.00 598.45 56.00 974.03 0.7612 8.31 636.19 0.0739 6.39 628.96 0.0552 6.59 629.27 0.0449 3.31 629.71 0.1382 15.83 630.34 0.1058 14.41 664.81 0.4075 23.63 663.45 0.3789 39.07 718.56 0.3396 46.34 717.42 0.3153 36.67 758.74 0.2886 40.42 758.75 0.2716 8.24 767.80 0.5242 15.50 766.06 0.5213 3.79 860.54 0.4155 5.74 859.04 0.4154 4.32 940.49 0.3068 0.33 939.22 0.3098
94 0.00 609.03 68.96 923.03 0.6323 46.20 654.97 0.3264 45.46 646.97 0.1408 43.13 647.61 0.3602 22.67 642.50 0.1003 28.40 644.59 0.4803 10.66 664.85 0.5149 17.69 670.95 0.7069 10.56 678.30 0.1817 20.08 686.05 0.4913 10.36 673.02 0.1991 16.22 675.40 0.4136 5.00 752.49 0.5270 9.65 756.08 0.6414 9.85 825.21 0.3998 14.38 827.82 0.5238 6.82 882.57 0.3582 5.98 888.43 0.4493
95 0.00 604.33 82.12 948.42 0.6109 55.75 664.18 0.4303 55.50 655.55 0.1954 51.00 654.97 0.4696 36.43 650.08 0.0911 27.96 647.69 0.4935 19.20 669.61 0.4947 11.86 671.20 0.6195 36.58 654.65 0.2217 25.37 664.84 0.4309 61.80 631.85 0.2759 48.77 643.31 0.4166 7.42 765.00 0.3887 1.73 767.76 0.4594 9.41 834.47 0.2158 11.71 837.20 0.2784 9.06 888.16 0.1585 8.60 895.02 0.1968
96 0.00 616.91 171.18 945.23 0.8485 69.21 652.58 0.7925 69.63 645.83 0.5446 63.14 644.09 0.7413 60.77 647.82 0.2589 40.62 641.39 0.6503 49.19 675.00 0.9487 17.54 674.42 0.9391 94.97 676.86 0.8167 14.94 705.25 0.7691 136.80 659.25 0.7806 60.93 718.57 0.7125 28.99 781.36 0.9463 7.79 782.79 0.9381 46.72 851.02 0.8800 25.76 853.57 0.8670 43.27 914.22 0.7591 17.50 920.56 0.7465
97 0.01 621.89 181.39 947.78 0.8525 142.43 659.32 0.7329 139.80 652.01 0.3064 135.65 652.59 0.7615 120.96 650.66 0.1319 115.91 652.09 0.8479 110.54 679.21 0.9505 97.94 679.56 0.9902 121.00 723.44 0.7339 58.14 726.37 0.9760 155.33 763.15 0.7055 48.90 778.90 0.9445 82.77 776.55 0.9859 83.29 776.41 0.9940 85.66 844.50 0.9676 119.96 844.59 0.9861 30.46 904.13 0.9405 91.23 908.39 0.9684
98 92.27 624.02 307.19 933.34 0.8641 208.89 653.59 0.4789 204.69 647.63 0.1602 206.32 647.72 0.5195 178.04 650.16 0.3551 189.97 650.71 0.9007 153.59 685.47 0.9851 194.07 684.66 0.9968 122.21 729.44 0.8679 233.91 717.71 0.9862 113.95 766.52 0.7694 265.21 738.29 0.9454 159.71 777.10 0.9945 178.29 777.26 0.9976 182.33 844.40 0.9797 172.96 843.54 0.9907 195.90 903.19 0.9536 145.34 905.28 0.9736
99 224.41 626.82 340.49 926.96 0.7390 287.25 655.65 0.7421 285.34 648.33 0.2702 281.86 649.05 0.8308 263.29 647.49 0.1028 266.53 649.90 0.9248 253.95 678.57 0.9190 260.81 683.86 0.9907 266.30 722.44 0.4587 280.85 732.15 0.9766 300.62 757.48 0.4456 312.82 764.70 0.9364 251.93 769.27 0.9616 257.44 772.85 0.9888 278.74 829.85 0.9260 285.03 831.87 0.9801 251.27 891.54 0.9040 256.75 896.73 0.9636
100 255.60 634.98 429.08 920.74 0.8324 373.39 665.11 0.9049 373.37 658.83 0.6894 365.39 659.32 0.8902 365.16 661.71 0.3942 346.40 663.25 0.8771 362.88 688.44 0.9872 336.42 694.88 0.9960 394.91 693.60 0.8868 301.32 724.03 0.9767 410.87 671.77 0.8555 278.82 753.42 0.9485 346.82 770.49 0.9923 339.01 772.71 0.9957 337.25 831.55 0.9778 377.62 833.37 0.9868 297.72 887.80 0.9485 374.80 893.06 0.9652
101 374.29 630.56 495.53 910.02 0.6732 438.76 664.62 0.7486 438.30 658.94 0.3399 434.72 659.04 0.7918 426.37 660.58 0.1557 422.28 660.21 0.8770 416.12 687.33 0.9516 412.46 688.93 0.9911 426.81 726.66 0.6863 429.24 731.24 0.9762 455.91 756.64 0.6426 456.98 759.54 0.9405 417.58 768.61 0.9818 412.53 771.24 0.9930 438.10 827.58 0.9610 411.31 829.72 0.9854 448.48 878.30 0.9438 398.29 883.22 0.9726
102 453.49 620.63 581.91 909.69 0.7535 508.86 656.48 0.3525 506.61 650.14 0.0846 506.18 650.91 0.4319 483.62 652.49 0.0665 498.75 654.81 0.7558 479.61 677.65 0.8629 491.32 683.35 0.9730 514.88 688.71 0.5699 520.89 697.15 0.9678 552.22 665.20 0.5638 555.50 668.85 0.9282 474.80 768.65 0.9686 483.36 772.57 0.9879 498.52 822.55 0.9396 509.93 825.24 0.9786 473.58 878.79 0.9013 488.59 884.50 0.9538
103 487.83 617.63 615.75 904.24 0.4656 570.67 661.99 0.4033 567.83 656.43 0.1164 566.61 657.92 0.4742 550.95 661.01 0.0816 555.87 663.74 0.7404 547.67 682.85 0.8611 547.52 688.21 0.9688 562.25 674.58 0.5721 567.45 682.72 0.9579 587.52 630.63 0.5636 590.06 633.81 0.9141 554.44 762.48 0.9688 550.79 766.59 0.9870 573.05 823.07 0.9441 549.24 826.80 0.9774 558.17 872.86 0.9140 514.09 879.67 0.9558
105 621.62 653.89 715.58 896.52 0.3519 665.96 677.04 0.4533 662.92 672.22 0.1349 662.36 671.90 0.5483 643.04 675.56 0.1542 654.21 674.23 0.8762 634.83 700.56 0.9283 657.22 698.14 0.9884 647.46 725.93 0.5241 681.32 722.36 0.9670 670.99 712.76 0.4336 702.90 718.33 0.8992 641.64 768.75 0.9735 657.53 768.19 0.9904 649.42 821.58 0.9481 666.58 819.63 0.9816 643.48 872.14 0.9255 660.41 870.79 0.9647
107 694.83 648.74 816.77 887.94 0.3961 772.15 678.39 0.8918 774.64 673.72 0.7298 768.13 672.92 0.8793 775.11 675.14 0.3943 755.36 672.14 0.8096 772.03 700.94 0.9746 738.87 696.12 0.9922 775.70 737.16 0.8322 716.86 727.90 0.9639 780.85 766.72 0.7771 709.70 758.38 0.9225 762.62 765.23 0.9798 741.03 764.46 0.9891 777.58 817.40 0.9428 744.07 816.72 0.9666 782.79 862.18 0.8949 739.16 862.70 0.9282
108 757.75 652.83 858.76 892.65 0.4178 811.69 676.66 0.9089 815.07 671.58 0.8189 806.56 671.92 0.8772 819.89 673.23 0.5594 796.87 673.43 0.7596 826.58 699.28 0.9828 786.99 699.37 0.9919 838.20 731.13 0.8912 772.66 730.95 0.9543 849.36 762.96 0.8403 768.17 758.20 0.9107 821.37 762.55 0.9841 797.78 763.13 0.9893 824.83 815.66 0.9541 801.98 815.93 0.9663 818.37 861.59 0.9091 799.32 862.61 0.9274
109 790.87 655.18 929.09 889.97 0.4788 852.09 677.57 0.9303 855.75 672.75 0.8566 847.01 673.23 0.9065 861.62 674.48 0.5921 838.24 675.35 0.7928 869.13 697.50 0.9880 828.57 701.45 0.9947 892.90 717.54 0.9256 811.10 731.88 0.9717 911.01 733.21 0.8937 802.32 759.58 0.9442 863.53 760.75 0.9900 840.13 762.77 0.9936 865.72 813.63 0.9683 847.19 815.30 0.9774 861.80 860.55 0.9306 848.28 863.60 0.9459
110 854.83 651.10 948.51 896.41 0.5540 889.86 670.52 0.8809 894.40 665.84 0.8239 886.15 665.46 0.7767 902.66 667.83 0.6434 879.07 666.94 0.5028 911.62 692.60 0.9789 872.72 690.49 0.9768 919.50 723.34 0.9232 865.92 713.98 0.8909 912.68 727.52 0.8865 874.97 702.94 0.8516 907.73 763.60 0.9830 880.68 763.19 0.9819 921.59 821.08 0.9682 878.81 820.33 0.9630 934.94 874.61 0.9464 876.06 872.51 0.9398
111 899.40 640.21 977.53 908.48 0.4961 947.26 666.28 0.7970 947.50 660.51 0.5425 941.19 661.37 0.7936 945.27 663.24 0.2516 929.04 664.97 0.7537 947.37 692.82 0.9190 925.43 694.23 0.9724 958.99 723.49 0.6082 922.53 726.42 0.9093 968.23 735.92 0.5824 938.96 736.78 0.8496 944.70 766.18 0.9449 933.48 767.34 0.9701 945.46 823.03 0.9192 947.22 823.87 0.9560 927.18 879.18 0.9049 937.57 881.58 0.9396
112 937.30 644.33 1020.83 917.00 0.5110 986.79 669.92 0.8553 989.01 664.48 0.6834 981.04 665.22 0.8222 992.19 667.56 0.3851 970.69 669.10 0.7182 996.28 697.94 0.9577 965.60 697.12 0.9826 1006.16 729.05 0.7709 947.34 721.93 0.9327 1012.90 742.11 0.7319 953.43 728.06 0.8881 988.83 772.06 0.9740 972.91 772.24 0.9842 988.03 830.13 0.9580 991.27 830.16 0.9734 970.93 884.45 0.9422 986.82 884.97 0.9585
113 982.87 609.43 1110.58 922.31 0.5969 1025.10 662.99 0.8967 1028.29 657.15 0.7638 1019.71 657.92 0.8542 1032.63 663.00 0.4671 1009.09 663.94 0.7294 1034.50 689.27 0.9756 1002.72 692.08 0.9871 1041.10 671.36 0.8840 999.40 676.72 0.9500 1035.35 612.24 0.8631 1020.57 606.58 0.9243 1037.24 771.37 0.9866 1011.93 774.25 0.9905 1053.60 836.65 0.9757 1007.48 839.48 0.9814 1067.53 894.24 0.9525 995.79 897.87 0.9609
114 1024.08 635.01 1150.40 925.81 0.6776 1072.73 662.17 0.8950 1076.50 656.70 0.7691 1067.32 657.09 0.8616 1082.46 659.38 0.4420 1057.80 660.10 0.7250 1091.31 687.43 0.9781 1044.84 691.94 0.9904 1114.73 715.12 0.8990 1030.10 733.38 0.9660 1134.12 734.16 0.8727 1039.99 766.69 0.9394 1084.31 769.89 0.9886 1055.96 772.05 0.9926 1084.86 833.72 0.9738 1060.50 835.39 0.9818 1074.79 891.55 0.9500 1051.99 894.22 0.9623
115 993.18 614.22 1163.08 934.79 0.8254 1070.62 661.79 0.9394 1076.18 655.08 0.9138 1064.68 656.58 0.8695 1088.09 657.09 0.7563 1057.83 662.07 0.5886 1098.41 680.90 0.9922 1053.30 697.78 0.9924 1134.24 672.92 0.9724 1027.35 729.11 0.9527 1138.38 640.76 0.9633 1011.56 753.94 0.9360 1096.10 765.83 0.9940 1069.57 772.53 0.9937 1085.97 831.39 0.9811 1073.10 837.25 0.9762 1083.62 891.00 0.9509 1080.30 898.62 0.9431
116 975.75 613.37 1225.27 943.39 0.8607 1062.09 650.75 0.9727 1066.96 643.53 0.9472 1055.10 646.14 0.9469 1078.58 644.12 0.7486 1046.54 652.22 0.7705 1092.65 667.37 0.9964 1040.21 693.00 0.9978 1150.98 660.99 0.9841 1023.46 734.95 0.9867 1177.54 637.23 0.9772 1005.90 760.20 0.9761 1105.48 763.74 0.9972 1071.79 776.34 0.9978 1125.27 838.38 0.9875 1081.68 850.22 0.9884 1144.74 904.90 0.9593 1084.29 920.32 0.9622
117 977.25 620.47 1145.86 958.42 0.7838 1062.99 655.62 0.8659 1067.75 648.04 0.8156 1058.14 650.11 0.7211 1081.56 645.51 0.6408 1054.01 651.84 0.4053 1110.08 673.50 0.9860 1047.53 685.66 0.9869 1146.64 698.74 0.9623 1030.72 725.21 0.9473 1144.27 694.68 0.9451 1005.69 732.44 0.9238 1107.76 776.80 0.9941 1069.13 781.40 0.9942 1114.41 851.51 0.9862 1072.43 855.19 0.9841 1123.23 918.39 0.9633 1079.38 921.91 0.9598
118 953.24 613.60 1200.09 958.01 0.8541 1017.48 652.97 0.9200 1023.08 644.63 0.9176 1011.47 646.56 0.6329 1043.20 641.42 0.8953 1018.14 648.30 0.2779 1073.91 664.38 0.9969 1035.41 685.01 0.9539 1122.37 660.68 0.9939 1063.38 719.41 0.8164 1158.64 651.63 0.9817 1085.38 703.67 0.7882 1079.11 784.87 0.9974 1047.74 789.55 0.9897 1091.81 862.47 0.9926 1014.20 859.42 0.9736 1111.32 937.03 0.9743 991.02 917.49 0.9429
119 905.53 599.31 1047.92 966.68 0.8329 922.98 641.58 0.8299 928.83 633.26 0.8523 921.07 634.30 0.4952 948.60 629.98 0.8499 928.55 633.80 0.1751 973.94 666.31 0.9853 940.28 673.65 0.9496 1003.07 713.86 0.9496 947.13 733.49 0.6224 986.77 753.83 0.9012 925.67 789.60 0.5783 974.78 780.83 0.9868 954.50 782.04 0.9747 964.93 854.93 0.9795 937.70 855.31 0.9534 1004.25 927.27 0.9621 969.36 925.02 0.9298
120 786.78 594.80 964.76 982.14 0.8332 849.19 625.93 0.8121 857.93 618.04 0.8452 850.18 618.08 0.3650 880.20 622.69 0.9242 860.24 624.91 0.1639 896.74 670.63 0.9949 864.35 670.99 0.9728 916.24 735.21 0.9865 855.45 724.76 0.7064 890.45 789.34 0.9697 838.73 762.97 0.6789 868.84 788.79 0.9966 859.10 786.74 0.9914 823.06 867.11 0.9941 889.55 866.22 0.9803 821.40 940.30 0.9860 944.20 937.79 0.9659
121 685.64 587.71 849.56 981.61 0.8573 793.79 622.64 0.4967 794.57 616.03 0.4398 791.09 616.43 0.2441 798.41 619.80 0.5330 793.13 620.80 0.1875 813.86 661.64 0.9703 791.03 661.31 0.9433 830.61 721.44 0.9453 791.24 720.13 0.8051 806.43 772.72 0.9006 772.42 770.17 0.7450 804.20 780.74 0.9913 784.59 779.24 0.9873 812.59 863.22 0.9850 747.11 862.49 0.9751 831.80 943.43 0.9661 724.41 942.97 0.9508
122 611.75 583.85 817.48 997.82 0.8846 701.55 620.48 0.4015 701.83 611.85 0.2411 705.12 612.13 0.1368 697.90 616.75 0.6501 731.66 615.24 0.3890 682.87 660.90 0.9886 751.22 656.72 0.9790 649.13 721.22 0.9774 786.25 710.62 0.9442 624.68 775.06 0.9454 801.96 756.49 0.8996 689.53 781.61 0.9974 734.78 781.61 0.9963 685.27 874.76 0.9935 746.27 874.59 0.9914 695.74 957.44 0.9746 767.74 954.35 0.9709
123 526.84 556.97 861.01 990.06 0.9001 685.23 610.35 0.4357 688.32 604.15 0.2633 688.58 603.35 0.1403 691.89 613.33 0.6091 713.19 609.35 0.2860 679.25 646.59 0.9859 743.02 641.77 0.9658 612.89 631.57 0.9821 801.31 637.90 0.9425 553.06 600.21 0.9604 835.76 625.11 0.9153 701.10 780.64 0.9967 728.00 777.63 0.9951 710.90 866.67 0.9908 713.82 866.64 0.9877 714.97 951.71 0.9637 698.07 959.89 0.9572
124 636.34 489.25 804.88 1004.47 0.8679 727.62 608.50 0.8378 731.66 600.05 0.6614 721.27 600.31 0.7842 736.93 607.26 0.3171 709.18 606.30 0.6101 746.91 640.47 0.9731 690.56 639.34 0.9902 785.30 591.09 0.9409 638.19 586.10 0.9843 786.71 548.08 0.9441 660.41 534.49 0.9784 746.47 767.42 0.9940 708.74 768.93 0.9966 746.14 869.05 0.9788 712.83 870.62 0.9864 732.51 961.33 0.9188 703.47 965.61 0.9408
125 656.19 557.19 796.51 1015.51 0.8697 737.46 606.68 0.9437 744.51 600.92 0.8287 728.78 600.19 0.9202 752.41 605.73 0.5182 711.77 603.28 0.8052 759.00 640.04 0.9694 696.56 635.24 0.9870 778.44 616.71 0.8685 673.64 609.34 0.9586 770.51 577.48 0.8153 690.31 577.78 0.9245 750.47 768.52 0.9856 707.82 767.71 0.9907 761.22 865.35 0.9726 718.95 869.18 0.9834 742.45 953.72 0.9367 704.46 965.51 0.9539
126 680.47 465.72 883.03 1021.25 0.8967 768.56 614.62 0.9073 775.34 605.62 0.7549 759.34 606.87 0.8386 782.46 603.31 0.4805 739.48 605.02 0.6782 791.60 633.51 0.9731 720.52 628.41 0.9817 838.59 593.08 0.9422 707.28 571.98 0.9666 859.67 537.09 0.9357 723.63 510.32 0.9574 777.96 789.79 0.9926 727.24 790.45 0.9938 789.06 880.61 0.9718 718.16 887.67 0.9775 819.72 977.97 0.8942 728.03 988.12 0.9066
127 645.93 540.64 973.21 1043.45 0.9000 857.97 586.51 0.9566 863.86 579.91 0.7974 849.29 577.27 0.9336 862.98 586.33 0.4818 822.59 580.91 0.8754 869.47 644.56 0.9888 787.93 635.04 0.9969 908.01 707.99 0.9421 725.05 687.17 0.9897 942.03 747.20 0.9061 679.00 733.03 0.9750 847.19 782.77 0.9967 799.80 780.33 0.9982 851.51 895.46 0.9907 814.54 897.23 0.9953 823.67 986.94 0.9672 799.49 998.82 0.9788
128 817.44 520.44 973.53 1075.55 0.8570 922.16 566.93 0.9344 923.18 556.78 0.7584 909.46 558.26 0.9175 917.89 565.16 0.3916 884.30 568.18 0.8697 921.87 627.87 0.9865 872.75 633.27 0.9949 940.73 701.06 0.8855 843.90 719.07 0.9707 964.58 754.47 0.8392 828.65 798.14 0.9358 913.75 779.76 0.9920 889.51 783.08 0.9952 910.27 896.57 0.9778 928.03 900.39 0.9858 872.49 1001.49 0.9365 919.81 1008.58 0.9539
129 886.55 488.05 1188.01 1094.18 0.8954 1027.42 541.13 0.9630 1031.02 527.37 0.7562 1014.32 531.05 0.9626 1024.70 534.15 0.2874 979.02 541.29 0.9319 1032.63 612.47 0.9713 939.81 615.60 0.9975 1036.27 704.36 0.8430 910.07 691.55 0.9928 1047.88 777.62 0.8060 945.72 742.63 0.9805 1037.64 801.45 0.9951 968.94 807.16 0.9985 1062.41 921.62 0.9915 947.44 928.41 0.9974 1096.75 1041.57 0.9803 936.54 1047.67 0.9909
130 1039.31 449.13 1287.50 1131.56 0.8906 1174.91 504.46 0.9655 1177.41 492.45 0.7675 1158.23 493.46 0.9564 1170.51 502.27 0.3212 1120.34 506.89 0.9280 1175.82 587.92 0.9801 1094.23 589.75 0.9976 1196.33 687.90 0.8806 1058.19 699.22 0.9919 1236.13 760.18 0.8541 1069.43 799.55 0.9812 1173.68 780.87 0.9929 1124.40 784.49 0.9973 1180.64 916.88 0.9836 1169.46 920.86 0.9943 1124.11 1057.01 0.9445 1130.57 1061.86 0.9720
131 1154.92 413.20 1491.52 1185.57 0.9010 1341.59 479.79 0.9425 1349.48 468.67 0.5608 1327.29 469.11 0.9357 1342.22 478.98 0.2229 1285.25 481.04 0.9233 1331.41 568.39 0.9815 1253.22 579.92 0.9986 1378.13 676.55 0.8984 1212.30 708.20 0.9969 1443.36 745.89 0.8872 1237.25 815.61 0.9920 1322.35 782.64 0.9979 1287.19 797.05 0.9994 1311.52 913.40 0.9964 1361.11 967.59 0.9991 1213.44 1034.50 0.9875 1337.46 1130.29 0.9947
132 1316.49 385.35 1795.62 1194.75 0.9237 1553.36 457.86 0.9469 1554.88 442.78 0.5173 1541.48 442.24 0.9582 1527.18 450.17 0.1321 1488.72 448.60 0.9568 1508.98 540.62 0.9725 1439.49 533.52 0.9984 1507.40 660.78 0.8661 1472.74 630.43 0.9970 1573.41 685.99 0.8255 1608.73 650.86 0.9889 1531.56 789.58 0.9984 1461.69 794.92 0.9996 1602.41 961.12 0.9967 1418.73 966.91 0.9991 1656.25 1115.31 0.9890 1370.54 1122.12 0.9953
133 1564.73 329.83 1951.64 1217.84 0.8898 1793.34 425.89 0.9668 1797.42 409.85 0.6808 1774.31 404.07 0.9754 1772.94 413.81 0.2177 1715.62 406.29 0.9761 1741.64 522.26 0.9791 1650.84 495.11 0.9985 1710.43 663.54 0.7715 1597.93 629.56 0.9916 1783.26 707.38 0.7180 1746.72 677.81 0.9755 1725.24 754.02 0.9915 1680.87 747.46 0.9974 1769.89 904.69 0.9888 1832.33 847.95 0.9966 1697.37 1155.50 0.9684 1862.15 1055.70 0.9857
134 1686.34 275.21 2048.00 1230.67 0.9255 2035.76 391.80 0.2931 2037.79 376.68 0.0667 2025.45 373.65 0.4371 2025.72 373.52 0.0331 2005.06 371.50 0.5732 2043.34 459.82 0.2159 1940.74 447.85 0.8836 2025.75 583.22 0.0796 1895.15 547.96 0.8856 2038.62 554.52 0.0979 2031.79 488.76 0.7483 1960.61 744.80 0.7448 1896.93 738.92 0.9324 1931.52 978.07 0.7222 1917.29 988.25 0.9308 1730.99 1110.09 0.5804 1754.82 1141.90 0.7929
135 1830.66 0.00 2048.00 1446.64 0.6344 2048.00 78.64 0.0068 2048.00 63.45 0.0013 2048.00 61.78 0.0056 2048.00 53.30 0.0034 2048.00 49.02 0.0259 2048.00 95.17 0.0069 2028.95 93.97 0.1589 1949.46 171.29 0.0287 1941.37 171.53 0.5889 1893.04 262.41 0.0996 1898.48 272.86 0.6572 2048.00 409.22 0.0653 2034.96 410.60 0.2444 2048.00 650.81 0.0673 2045.12 659.18 0.2329 2023.03 992.12 0.0221 2019.90 1022.59 0.0554
138 1653.18 4.48 2048.00 1257.65 0.8929 1836.65 72.88 0.2653 1839.17 47.89 0.2630 1839.45 56.25 0.0445 1885.38 20.53 0.3861 1889.05 40.62 0.0280 1967.87 76.43 0.6516 1915.20 115.01 0.4844 1943.92 123.50 0.7189 1869.52 181.73 0.3992 1725.45 197.77 0.7017 1746.79 213.33 0.4760 2024.12 447.58 0.8445 1989.19 455.82 0.7964 1970.41 770.89 0.8307 1964.53 780.90 0.7760 1999.73 1123.26 0.4576 1992.83 1126.41 0.4267
139 1281.36 289.60 1951.50 1397.85 0.9023 1499.41 373.80 0.6140 1507.58 359.19 0.7307 1507.06 361.06 0.0615 1547.86 357.82 0.9616 1574.54 352.98 0.0882 1565.27 451.99 0.9992 1646.06 458.33 0.9592 1649.16 594.41 0.9978 1689.70 614.70 0.6531 1663.18 763.30 0.9847 1635.83 757.01 0.5252 1596.77 772.20 0.9997 1690.16 779.97 0.9979 1438.47 978.33 0.9994 1723.77 1027.26 0.9962 1411.93 1206.25 0.9941 1839.53 1265.86 0.9812
140 1101.27 342.27 1448.36 1249.06 0.9220 1277.06 417.89 0.3554 1279.26 399.95 0.2653 1288.33 399.86 0.0526 1284.81 408.76 0.8779 1353.74 406.22 0.3070 1266.21 506.63 0.9970 1398.58 506.51 0.9858 1190.45 628.29 0.9935 1424.40 661.95 0.9363 1138.65 720.80 0.9776 1412.36 784.00 0.8895 1282.97 769.46 0.9995 1365.00 765.63 0.9988 1277.39 971.33 0.9988 1345.13 953.38 0.9976 1322.27 1172.91 0.9916 1359.39 1137.53 0.9876
141 968.35 438.30 1345.01 1212.64 0.8949 1188.12 505.79 0.2669 1188.94 490.07 0.1236 1197.36 491.29 0.0677 1166.83 498.78 0.7272 1240.06 500.15 0.4445 1136.62 576.15 0.9944 1259.28 586.82 0.9885 1056.64 660.94 0.9890 1296.51 706.58 0.9671 1017.15 691.96 0.9654 1320.16 809.42 0.9214 1150.25 799.31 0.9994 1217.07 803.59 0.9992 1162.98 946.36 0.9983 1158.27 952.81 0.9976 1240.11 1083.16 0.9902 1157.08 1094.76 0.9880
142 978.41 481.78 1198.94 1134.31 0.8916 1115.22 541.41 0.1857 1116.53 528.19 0.0827 1116.34 529.17 0.1046 1090.12 533.24 0.4448 1138.30 535.28 0.5194 1054.09 593.50 0.9350 1168.87 605.64 0.9613 1041.95 668.01 0.7923 1182.07 687.37 0.8787 1062.82 693.61 0.6225 1139.57 694.18 0.7306 1069.44 784.57 0.9933 1151.55 792.62 0.9947 1047.41 908.55 0.9945 1139.88 940.62 0.9960 1020.36 1029.61 0.9895 1142.66 1086.21 0.9914
143 912.40 519.45 1141.87 1068.30 0.8998 1071.37 567.14 0.4576 1067.11 554.62 0.1782 1070.39 555.84 0.2696 1031.61 556.08 0.4857 1073.85 560.19 0.6990 994.72 612.40 0.9847 1085.01 621.18 0.9887 944.78 690.55 0.9529 1116.97 703.27 0.9659 931.43 761.85 0.8937 1125.86 783.88 0.9176 1006.23 778.79 0.9969 1063.23 783.81 0.9971 1010.04 904.43 0.9920 1068.04 902.96 0.9928 1020.00 1025.27 0.9686 1066.85 1013.56 0.9717
144 938.33 557.75 1127.30 1035.36 0.8895 1054.72 599.27 0.1201 1049.27 589.78 0.0504 1054.07 589.77 0.0880 1018.45 591.71 0.5940 1059.28 593.65 0.7892 989.00 641.04 0.9893 1073.32 646.25 0.9952 956.88 712.15 0.9406 1097.61 723.51 0.9760 955.89 782.10 0.8123 1120.02 796.81 0.8848 1000.03 780.61 0.9969 1054.68 783.31 0.9979 999.29 884.15 0.9865 1056.72 886.32 0.9892 999.87 977.09 0.9545 1054.75 981.75 0.9610
145 938.92 584.07 1079.42 1019.84 0.8731 979.16 624.35 0.0725 979.14 614.52 0.0674 980.90 613.49 0.0229 976.55 616.93 0.7501 1016.79 613.34 0.3473 967.43 661.87 0.9820 1043.39 654.28 0.9721 961.11 734.87 0.9448 1067.42 715.03 0.8517 958.25 789.35 0.8091 1049.77 756.60 0.6423 984.83 787.13 0.9959 1038.76 784.39 0.9947 976.18 880.62 0.9919 1044.31 879.18 0.9875 975.86 974.66 0.9799 1054.86 970.44 0.9723
146 858.85 592.37 1020.64 978.00 0.9021 949.07 622.65 0.1894 947.33 615.27 0.1279 951.48 615.07 0.0893 939.44 619.81 0.6276 974.11 619.90 0.5067 925.94 661.90 0.9853 991.38 664.50 0.9865 895.12 711.87 0.9461 1006.13 728.31 0.9352 873.26 753.33 0.8481 1010.36 780.01 0.8257 939.36 772.97 0.9943 978.62 773.15 0.9948 950.80 858.18 0.9801 972.20 858.40 0.9799 967.55 937.03 0.9446 971.74 937.73 0.9451
147 816.70 607.42 1028.45 956.95 0.8481 883.38 640.66 0.2880 886.58 632.63 0.3537 888.35 631.39 0.0823 900.79 636.20 0.9432 920.79 633.40 0.4045 892.25 676.99 0.9966 951.29 672.20 0.9934 864.25 728.29 0.9899 988.32 718.08 0.9436 841.14 764.01 0.9596 1007.70 750.13 0.8500 908.49 775.21 0.9978 942.73 772.65 0.9968 904.29 847.40 0.9918 934.44 846.04 0.9842 923.14 914.75 0.9736 942.83 909.41 0.9568
148 795.90 551.68 951.44 960.82 0.8202 834.94 636.73 0.8470 840.70 627.87 0.8362 829.33 629.31 0.5744 854.90 632.00 0.8291 827.99 636.51 0.2795 868.52 665.94 0.9880 843.50 674.56 0.9640 886.92 637.55 0.9622 849.28 657.50 0.7475 874.25 585.03 0.9412 846.85 608.55 0.7466 870.39 775.34 0.9917 855.56 778.53 0.9853 869.37 850.83 0.9867 867.50 853.26 0.9724 880.71 919.68 0.9690 880.24 920.74 0.9465
149 727.75 610.33 849.19 953.48 0.8118 751.80 646.54 0.7206 756.62 639.28 0.8022 751.18 639.72 0.2815 775.19 637.38 0.8476 759.93 639.22 0.0726 801.63 668.42 0.9873 769.91 666.27 0.9202 829.26 716.83 0.9852 771.62 700.00 0.6534 835.51 768.21 0.9710 769.52 712.49 0.6857 800.48 769.71 0.9950 779.74 767.35 0.9861 802.57 845.75 0.9936 767.54 843.40 0.9788 823.01 920.95 0.9859 770.00 915.32 0.9660
150 647.10 609.87 788.74 950.93 0.7979 665.31 649.11 0.8026 670.82 640.76 0.8461 664.59 641.61 0.4013 689.84 638.89 0.8567 674.17 641.03 0.1298 710.49 672.80 0.9902 687.57 671.02 0.9469 756.05 716.38 0.9801 691.56 703.28 0.6510 772.44 762.59 0.9603 688.84 711.51 0.6590 705.80 776.87 0.9932 694.56 774.70 0.9831 692.98 845.62 0.9887 692.65 843.78 0.9669 731.27 910.35 0.9748 735.40 906.41 0.9448
151 531.74 621.66 710.65 958.82 0.8319 576.23 651.95 0.7781 582.89 645.01 0.8118 573.19 645.05 0.3651 599.41 646.30 0.9083 583.25 647.73 0.2052 619.65 676.98 0.9910 601.92 679.10 0.9468 675.15 699.01 0.9760 624.38 708.44 0.5874 672.20 682.80 0.9502 643.16 700.02 0.5697 611.16 779.65 0.9926 610.24 778.30 0.9802 570.18 856.16 0.9886 640.23 853.88 0.9641 563.90 926.43 0.9766 689.11 921.11 0.9467
152 437.98 609.30 589.64 959.41 0.8289 480.27 646.70 0.8087 484.59 638.67 0.8523 477.97 639.98 0.4252 501.78 635.86 0.8548 484.06 638.87 0.1350 526.83 667.50 0.9900 494.79 666.59 0.9487 564.10 708.67 0.9797 496.25 693.55 0.6569 571.93 744.56 0.9598 492.81 680.89 0.6639 528.15 770.88 0.9940 506.69 769.55 0.9853 525.39 846.38 0.9905 491.80 845.87 0.9721 544.91 918.90 0.9796 492.07 916.36 0.9555
153 370.28 615.42 506.66 943.62 0.8505 404.48 649.38 0.2769 407.23 641.67 0.3417 408.00 640.75 0.0752 419.16 641.92 0.8974 437.92 640.58 0.2546 421.27 674.50 0.9909 463.11 674.08 0.9752 413.61 718.90 0.9771 491.50 726.46 0.8339 397.28 746.33 0.9251 494.12 766.79 0.7011 426.53 768.72 0.9948 452.88 766.48 0.9909 399.43 839.64 0.9883 426.37 838.22 0.9741 412.36 910.38 0.9714 437.23 905.68 0.9483
154 278.91 619.88 433.95 951.51 0.8644 334.68 650.01 0.2881 339.39 642.21 0.3354 338.61 642.00 0.0715 348.24 646.46 0.9131 371.81 646.69 0.3054 338.34 683.93 0.9931 388.81 685.56 0.9743 321.64 736.61 0.9667 394.42 737.64 0.6823 301.38 782.11 0.8721 382.03 770.59 0.4740 334.89 778.34 0.9945 374.16 778.43 0.9892 310.91 851.14 0.9858 390.11 853.17 0.9662 308.65 919.46 0.9685 418.39 920.37 0.9408
155 204.79 621.21 335.95 940.20 0.8290 277.01 651.11 0.3511 279.40 644.47 0.4143 280.19 644.58 0.1082 285.64 646.83 0.8557 305.36 647.15 0.2209 277.62 680.66 0.9858 319.64 681.12 0.9472 247.42 727.32 0.9645 326.02 727.61 0.6596 223.48 762.15 0.8987 312.37 757.62 0.5385 279.46 768.30 0.9919 305.63 767.83 0.9825 272.23 836.21 0.9880 291.77 837.18 0.9686 287.87 903.50 0.9779 299.28 902.88 0.9551
156 166.21 617.69 295.49 938.44 0.7051 224.74 645.63 0.6771 228.78 640.12 0.7395 227.44 639.25 0.2707 243.94 642.64 0.8196 243.66 640.42 0.1098 259.03 678.67 0.9804 247.90 670.93 0.9084 269.39 731.01 0.9704 224.16 707.83 0.5998 248.37 773.79 0.9416 207.02 734.42 0.6052 251.91 773.70 0.9870 247.99 769.09 0.9679 237.48 843.62 0.9802 240.16 839.83 0.9414 262.81 908.27 0.9592 271.26 901.50 0.9097
157 146.52 619.89 276.74 937.60 0.8312 210.72 654.55 0.3597 213.06 647.91 0.4554 214.66 647.64 0.0807 222.32 648.35 0.8550 245.47 647.41 0.1190 223.79 677.50 0.9822 262.50 675.29 0.9080 200.29 719.46 0.9653 254.95 717.36 0.5174 172.16 722.30 0.9057 215.08 721.85 0.4514 229.00 768.49 0.9900 256.69 765.87 0.9743 211.04 837.08 0.9870 245.67 835.87 0.9593 216.21 908.33 0.9752 253.20 903.90 0.9430
158 115.52 624.11 255.03 938.18 0.8276 161.33 655.43 0.4418 165.50 649.19 0.5479 165.06 648.61 0.0962 179.06 651.76 0.9034 194.62 650.37 0.1209 188.95 683.46 0.9886 213.02 679.69 0.9394 182.63 723.83 0.9681 198.75 715.40 0.5392 147.08 706.90 0.9101 146.60 703.49 0.4605 190.14 772.57 0.9915 213.97 768.42 0.9794 155.81 844.07 0.9842 220.29 841.20 0.9526 154.31 911.50 0.9634 246.94 904.86 0.9188
159 93.32 623.82 178.02 932.04 0.7137 116.17 656.57 0.4012 118.46 650.90 0.4550 118.16 650.74 0.1267 126.44 651.87 0.7348 138.78 650.85 0.1208 132.12 679.07 0.9590 150.71 676.35 0.8474 126.19 712.79 0.9257 150.39 708.04 0.4683 104.22 702.60 0.8494 119.15 701.08 0.4317 135.38 767.04 0.9750 148.55 764.86 0.9451 126.76 835.48 0.9694 137.92 834.01 0.9226 145.70 901.51 0.9468 152.62 896.92 0.8956
160 35.27 628.43 142.35 930.68 0.5175 55.29 666.44 0.6092 57.84 658.98 0.6514 52.95 659.96 0.2735 71.05 653.33 0.7528 64.82 655.77 0.1499 96.43 677.66 0.9606 80.07 680.26 0.8894 114.29 719.79 0.8866 77.27 725.06 0.5038 91.65 754.51 0.7943 52.40 764.29 0.4537 112.24 764.11 0.9648 104.60 764.10 0.9399 112.24 836.62 0.9476 106.31 836.07 0.9006 117.86 903.65 0.9041 113.34 899.66 0.8491
161 0.00 630.16 119.95 924.83 0.6227 19.87 668.07 0.3961 21.89 660.89 0.4752 17.58 662.39 0.1439 35.09 655.12 0.6666 26.59 658.60 0.0854 63.43 674.93 0.9253 42.26 678.42 0.7296 97.23 697.93 0.8528 60.68 703.09 0.3057 94.82 703.54 0.7631 55.81 702.52 0.3153 73.24 762.01 0.9586 61.62 762.49 0.9141 73.63 834.83 0.9495 66.05 835.66 0.8860 72.60 903.96 0.9241 67.15 901.83 0.8628
162 0.00 624.50 112.15 925.21 0.4762 0.00 660.74 0.0674 0.00 654.84 0.0439 0.00 655.23 0.0374 3.18 656.23 0.1536 9.27 656.11 0.1086 19.04 682.66 0.6071 23.18 680.44 0.5239 64.78 699.31 0.4525 74.12 697.33 0.3962 98.63 706.30 0.3844 100.57 703.32 0.3452 23.86 770.63 0.8370 28.22 769.27 0.8248 22.15 826.88 0.8040 29.87 824.83 0.7970 46.76 883.48 0.7487 56.50 879.52 0.7400
