25 621.00 281.63 674.56 466.20 0.5408 639.18 295.13 0.7533 642.33 291.17 0.7108 635.60 291.99 0.6529 648.01 293.08 0.5952 631.57 295.24 0.4859 658.33 313.28 0.9437 628.91 316.14 0.9402 663.94 338.05 0.6046 626.09 340.15 0.5697 660.01 348.45 0.4121 635.85 335.33 0.3838 655.24 367.53 0.9201 635.61 368.34 0.9178 654.44 410.78 0.8572 637.34 410.51 0.8527 649.61 447.80 0.8041 638.89 447.47 0.8006
29 584.81 283.45 679.86 507.94 0.6678 627.76 302.96 0.8697 631.82 298.45 0.7856 623.53 298.46 0.7901 637.29 301.33 0.5142 616.58 301.42 0.5776 646.07 328.80 0.9831 606.87 328.77 0.9625 656.69 358.61 0.9277 595.48 357.95 0.7479 667.18 387.45 0.8790 597.87 382.31 0.6921 642.89 388.85 0.9752 617.61 389.55 0.9628 646.51 437.63 0.9510 621.67 437.98 0.9210 646.12 483.95 0.8877 624.72 482.62 0.8394
30 619.61 283.99 689.66 513.66 0.7620 635.96 300.22 0.8969 640.31 295.57 0.9145 631.38 296.30 0.8243 647.17 299.21 0.7897 626.12 300.79 0.5064 662.06 326.09 0.9883 622.58 327.52 0.8269 678.74 353.51 0.8902 618.47 352.96 0.2424 680.11 375.60 0.7258 627.52 361.42 0.2521 657.42 392.93 0.9609 632.23 393.32 0.8341 656.24 446.63 0.9396 636.74 446.04 0.7464 650.87 493.14 0.9153 637.00 491.87 0.7503
31 623.32 282.81 698.98 518.95 0.8214 648.29 302.58 0.9619 652.62 297.74 0.9460 643.45 298.13 0.9233 660.23 300.61 0.7757 637.78 302.04 0.6549 673.34 329.14 0.9910 632.96 331.83 0.9893 683.01 361.68 0.9311 631.31 364.26 0.9065 689.22 389.29 0.8989 638.36 385.70 0.8701 673.34 393.94 0.9823 646.89 395.82 0.9806 681.51 445.10 0.9664 653.81 447.78 0.9640 675.98 491.70 0.9220 659.41 496.26 0.9184
32 644.40 285.32 729.24 528.40 0.7680 671.62 310.43 0.8360 676.02 305.25 0.8310 666.87 305.63 0.6777 684.95 306.55 0.7011 661.61 307.86 0.3454 699.25 334.54 0.9704 660.12 336.90 0.9480 711.77 368.82 0.7847 655.86 366.17 0.6031 719.46 401.95 0.6134 664.39 351.46 0.4804 703.29 404.74 0.9722 675.81 406.27 0.9636 708.25 459.94 0.9618 677.42 459.60 0.9493 710.74 511.33 0.9396 663.96 511.37 0.9261
33 657.04 294.40 745.88 538.65 0.8358 677.44 319.64 0.6684 680.79 314.23 0.6422 675.04 314.87 0.1931 693.30 313.16 0.7694 677.68 315.66 0.0722 717.28 337.00 0.9808 681.86 341.52 0.9787 734.38 364.70 0.9292 666.18 368.49 0.9245 733.96 385.35 0.8761 671.57 346.47 0.8844 713.29 409.67 0.9872 691.51 410.71 0.9871 713.39 467.20 0.9619 698.59 466.92 0.9644 715.17 516.66 0.8576 707.64 514.47 0.8719
34 650.66 284.94 744.61 547.02 0.8124 691.11 307.69 0.8917 696.02 302.50 0.8649 685.69 303.23 0.7738 704.62 304.88 0.7619 679.72 307.23 0.5110 721.09 333.74 0.9909 676.40 338.03 0.9907 730.32 368.85 0.9625 663.30 371.22 0.9623 715.01 382.91 0.9448 664.45 345.61 0.9494 717.02 406.76 0.9882 688.41 408.44 0.9881 718.75 468.59 0.9566 696.53 470.15 0.9576 717.11 516.40 0.8406 704.45 520.19 0.8446
35 641.81 290.97 769.89 553.98 0.7911 706.53 317.18 0.9868 711.13 311.28 0.9797 700.92 312.31 0.9656 719.34 312.05 0.8537 693.54 314.97 0.7195 734.88 340.37 0.9971 691.15 344.26 0.9947 749.97 379.63 0.9834 683.43 377.92 0.9404 726.03 399.76 0.9755 659.63 359.97 0.9334 731.21 419.18 0.9937 701.83 419.84 0.9912 739.44 478.20 0.9879 706.89 475.52 0.9818 749.19 529.86 0.9630 714.00 525.64 0.9503
36 689.61 289.50 775.83 566.12 0.8850 722.46 317.70 0.9831 728.16 311.86 0.9857 717.58 312.52 0.9271 738.66 312.77 0.9360 711.28 314.91 0.4283 755.15 343.72 0.9977 707.51 345.06 0.9900 757.79 386.19 0.9894 705.08 379.38 0.8238 717.25 393.15 0.9823 699.64 384.87 0.8207 752.39 425.91 0.9959 720.22 426.41 0.9917 757.54 484.74 0.9955 720.96 485.19 0.9892 756.95 539.25 0.9891 728.49 534.63 0.9790
37 692.08 289.69 795.11 577.63 0.8807 715.63 320.96 0.9410 719.47 314.71 0.9674 714.59 315.12 0.3408 736.33 312.88 0.9685 722.32 315.36 0.0195 755.66 343.95 0.9970 728.91 342.51 0.9424 746.18 392.53 0.9898 723.95 379.08 0.4046 708.73 387.11 0.9725 709.55 376.01 0.4276 751.01 430.47 0.9964 729.40 429.55 0.9841 758.50 491.73 0.9973 729.01 492.89 0.9855 782.18 548.25 0.9936 738.59 552.37 0.9785
38 716.04 291.96 807.40 574.95 0.8592 728.29 322.69 0.4582 727.87 317.09 0.5609 727.39 316.02 0.0658 734.03 316.71 0.9205 746.90 312.29 0.0773 755.57 347.93 0.9965 768.23 337.04 0.9459 737.63 390.05 0.9678 762.05 369.92 0.3283 726.56 365.20 0.8239 738.75 351.43 0.1915 764.54 431.01 0.9960 769.19 424.43 0.9835 774.49 491.52 0.9956 751.16 488.39 0.9789 788.78 551.80 0.9912 755.43 547.44 0.9727
39 713.10 293.73 807.34 575.45 0.8604 723.17 325.58 0.1534 721.91 320.29 0.2147 721.95 318.75 0.0288 725.61 318.76 0.8760 744.36 311.19 0.1997 745.15 346.36 0.9978 770.98 334.89 0.9519 748.27 389.83 0.9873 777.10 376.54 0.3186 733.23 415.23 0.8828 749.55 403.87 0.1335 762.50 430.52 0.9976 778.53 424.05 0.9879 773.90 490.73 0.9956 769.06 487.92 0.9731 793.69 551.29 0.9900 769.83 545.11 0.9617
40 702.33 294.37 806.11 578.34 0.8911 714.44 327.16 0.4446 714.40 321.36 0.5877 712.98 320.45 0.0484 720.71 317.52 0.9402 733.32 313.05 0.0596 739.83 343.52 0.9981 758.94 335.92 0.9116 750.17 389.68 0.9918 774.98 382.20 0.2143 742.20 433.81 0.9423 765.06 423.32 0.1410 758.76 431.43 0.9968 769.78 427.42 0.9765 773.19 491.73 0.9951 764.82 489.59 0.9563 794.35 549.05 0.9882 773.21 544.38 0.9416
41 699.78 294.24 806.41 578.82 0.8896 708.64 323.00 0.3296 708.95 317.48 0.4655 707.55 316.58 0.0377 714.82 316.42 0.9254 729.51 311.77 0.0751 736.37 344.24 0.9981 751.31 337.70 0.9029 748.88 390.73 0.9927 764.75 384.17 0.1985 737.47 434.91 0.9430 748.97 424.91 0.1239 757.00 432.76 0.9970 765.64 429.31 0.9767 771.78 492.87 0.9950 764.21 491.32 0.9516 793.88 549.41 0.9876 776.10 545.71 0.9343
42 679.41 295.14 790.99 575.31 0.9003 692.01 328.66 0.7477 693.11 322.36 0.8461 690.38 322.41 0.0974 703.55 318.22 0.9458 708.19 316.83 0.0190 730.96 346.14 0.9962 729.93 342.65 0.8496 748.42 391.32 0.9907 738.55 389.12 0.2046 748.43 442.88 0.9727 731.48 434.19 0.2717 743.11 434.71 0.9962 747.79 431.92 0.9744 725.10 491.72 0.9976 756.73 490.26 0.9794 720.05 552.71 0.9952 774.96 543.48 0.9769
43 604.17 287.60 754.91 581.96 0.9162 656.41 315.67 0.9622 661.55 309.82 0.9684 655.73 310.79 0.4072 679.00 311.23 0.9604 661.29 314.55 0.0175 697.25 340.18 0.9952 665.57 339.35 0.9911 719.68 346.17 0.9845 640.72 320.39 0.9412 730.85 346.81 0.9827 618.26 305.49 0.9502 696.47 430.18 0.9976 678.69 429.82 0.9970 692.17 490.75 0.9978 683.42 488.02 0.9971 693.76 550.37 0.9927 729.84 522.39 0.9920
44 532.75 235.75 765.10 592.32 0.9345 625.21 312.58 0.9925 630.66 306.46 0.9926 619.69 308.05 0.9433 643.78 308.38 0.9494 615.30 312.94 0.2742 665.60 336.30 0.9981 609.02 336.74 0.9974 708.91 321.64 0.9938 572.73 309.50 0.9862 741.39 294.27 0.9935 547.08 271.22 0.9875 657.26 435.00 0.9989 621.16 436.91 0.9987 669.59 503.77 0.9980 615.18 505.98 0.9978 685.57 554.15 0.9917 609.65 566.24 0.9914
45 482.65 224.02 733.97 604.16 0.9326 593.24 310.74 0.9928 596.99 304.92 0.9500 585.56 306.49 0.9928 601.97 308.74 0.3325 572.77 312.70 0.9660 623.11 337.63 0.9987 559.38 338.96 0.9984 668.07 321.62 0.9943 521.76 308.70 0.9881 708.35 295.53 0.9939 500.50 267.54 0.9885 618.59 437.61 0.9989 581.54 439.66 0.9988 626.05 510.64 0.9982 593.47 513.28 0.9977 629.15 576.08 0.9924 604.99 572.80 0.9904
46 440.28 293.53 733.71 626.16 0.9347 587.25 320.00 0.9946 591.13 313.28 0.9494 579.25 315.44 0.9958 595.22 316.66 0.2412 564.92 321.94 0.9805 617.50 347.51 0.9987 550.36 357.72 0.9988 661.51 348.07 0.9905 501.72 357.65 0.9899 704.69 327.69 0.9891 460.75 338.96 0.9880 615.50 453.25 0.9990 576.71 457.63 0.9990 622.27 523.23 0.9988 580.50 528.76 0.9987 609.44 591.93 0.9957 591.08 571.14 0.9950
47 536.18 305.55 645.70 663.22 0.9105 589.37 342.81 0.9919 592.41 335.18 0.9222 581.18 336.96 0.9927 596.63 334.11 0.1935 564.31 338.51 0.9742 613.67 368.21 0.9980 551.02 377.68 0.9973 625.93 414.21 0.9822 552.76 429.49 0.9586 634.72 463.95 0.9752 568.26 468.35 0.9467 621.47 471.75 0.9968 580.40 478.45 0.9962 626.12 544.23 0.9961 590.14 551.59 0.9951 617.24 598.81 0.9897 594.79 626.31 0.9864
48 531.49 302.77 682.44 668.79 0.9232 602.93 344.79 0.9954 607.08 336.63 0.9052 595.52 337.21 0.9964 609.46 334.63 0.0864 574.97 335.34 0.9867 618.29 371.51 0.9983 553.89 378.79 0.9988 630.08 422.53 0.9811 545.54 436.54 0.9910 641.53 471.69 0.9775 557.85 486.52 0.9880 628.95 485.28 0.9978 585.16 491.58 0.9980 645.87 559.95 0.9968 590.96 567.79 0.9971 646.17 631.51 0.9890 600.60 635.22 0.9887
49 413.34 309.01 787.22 691.85 0.9425 649.86 354.54 0.9970 655.62 346.72 0.9250 642.11 346.86 0.9980 656.13 344.66 0.0735 619.83 344.33 0.9908 668.09 375.99 0.9988 590.59 383.13 0.9992 713.63 379.72 0.9895 518.23 391.66 0.9937 758.58 373.55 0.9883 454.44 381.92 0.9923 667.10 501.93 0.9994 621.42 505.33 0.9994 674.64 584.43 0.9991 628.01 586.39 0.9990 666.11 660.92 0.9958 603.99 634.53 0.9951
50 537.92 221.37 763.28 747.13 0.9367 694.59 368.52 0.9933 698.73 359.99 0.8761 684.56 360.92 0.9950 698.61 354.26 0.0497 660.89 356.71 0.9744 704.75 378.43 0.9950 639.26 385.77 0.9974 729.99 331.06 0.9759 596.54 346.63 0.9933 745.31 262.21 0.9847 570.04 272.72 0.9951 707.87 513.27 0.9983 672.05 520.02 0.9986 703.20 603.49 0.9983 695.68 607.11 0.9988 662.33 651.93 0.9938 718.96 698.23 0.9945
51 664.49 255.69 841.46 750.67 0.9101 741.42 373.28 0.9824 747.93 364.22 0.8001 734.03 363.37 0.9885 750.20 360.44 0.0581 711.26 357.76 0.9479 748.30 387.12 0.9661 691.91 391.38 0.9947 744.94 332.63 0.7187 690.66 352.82 0.9888 758.49 277.55 0.8065 733.86 288.68 0.9880 759.25 533.85 0.9921 716.73 539.73 0.9970 788.26 625.63 0.9925 716.63 635.18 0.9976 787.36 717.03 0.9830 725.39 715.18 0.9923
52 739.11 297.46 878.67 785.12 0.8972 818.39 379.93 0.9863 824.71 370.08 0.8335 810.79 369.82 0.9907 827.62 365.45 0.0690 787.70 363.80 0.9603 825.62 391.18 0.9816 765.87 401.00 0.9961 838.08 335.41 0.7440 759.40 359.03 0.9795 819.14 314.47 0.7865 772.77 322.99 0.9747 843.98 547.55 0.9954 800.23 552.22 0.9977 844.87 652.09 0.9968 815.41 652.69 0.9984 827.72 747.44 0.9937 762.34 701.01 0.9963
53 761.52 339.08 963.73 862.70 0.9309 898.33 403.85 0.9910 904.76 393.89 0.8326 889.41 392.60 0.9930 904.43 387.05 0.0403 862.39 382.95 0.9690 908.75 421.13 0.9937 828.20 418.62 0.9962 947.63 403.45 0.9543 777.01 384.61 0.9823 912.06 372.53 0.9671 829.10 359.83 0.9861 906.71 577.23 0.9977 862.49 584.47 0.9981 889.47 671.19 0.9982 893.44 691.85 0.9986 837.87 731.84 0.9947 906.49 809.92 0.9948
54 874.73 213.54 1129.58 863.83 0.9223 1008.20 412.05 0.9812 1013.67 401.61 0.3921 1002.61 400.53 0.9896 1001.51 397.91 0.0051 971.84 390.17 0.9831 982.92 455.31 0.9570 922.65 418.27 0.9976 969.73 524.33 0.4073 919.94 347.22 0.9788 986.82 592.66 0.3201 961.47 277.46 0.9510 980.91 607.81 0.9924 925.57 605.94 0.9982 1034.96 701.75 0.9923 908.90 716.62 0.9984 1057.96 802.61 0.9857 910.76 817.71 0.9946
55 917.49 285.32 1228.68 931.57 0.9391 1179.79 448.80 0.9505 1186.58 439.35 0.2930 1174.80 435.21 0.9821 1164.51 434.34 0.0084 1139.53 421.72 0.9862 1143.49 480.83 0.8312 1085.41 456.94 0.9984 1122.82 513.99 0.1136 1080.05 405.13 0.9844 1138.16 544.29 0.1022 1110.27 327.87 0.9183 1127.04 653.40 0.9838 1066.96 645.27 0.9984 1155.24 764.02 0.9789 1018.63 762.01 0.9979 1168.74 885.16 0.9734 935.56 794.38 0.9951
56 994.76 354.25 1423.86 977.09 0.9408 1282.95 443.58 0.9979 1294.34 432.49 0.8637 1275.57 428.40 0.9987 1291.85 419.85 0.0142 1240.72 407.97 0.9930 1275.11 459.73 0.9986 1178.89 458.62 0.9992 1321.56 475.39 0.9860 1098.00 526.60 0.9947 1382.80 473.19 0.9886 1037.17 603.03 0.9932 1230.60 648.47 0.9994 1176.65 649.12 0.9995 1213.11 770.74 0.9993 1174.33 779.13 0.9994 1174.49 878.71 0.9960 1149.03 911.94 0.9954
57 1152.55 245.09 1585.38 1060.06 0.9360 1338.07 507.19 0.9871 1342.68 487.19 0.8952 1319.22 494.03 0.9860 1345.61 461.43 0.2948 1282.30 481.65 0.9546 1376.42 473.65 0.9876 1248.83 537.85 0.9882 1455.82 387.73 0.9596 1236.63 617.51 0.9737 1532.93 312.07 0.9532 1283.43 669.74 0.9739 1346.89 688.72 0.9979 1288.26 714.35 0.9980 1259.51 784.33 0.9934 1326.95 838.23 0.9941 1191.08 871.72 0.9719 1343.35 975.52 0.9690
58 1180.83 385.02 1733.49 1063.11 0.9509 1487.93 490.11 0.9989 1495.32 470.00 0.9100 1470.04 476.79 0.9994 1494.43 453.16 0.0123 1421.09 467.75 0.9963 1508.61 503.72 0.9992 1358.06 540.90 0.9995 1583.67 518.20 0.9818 1278.56 647.88 0.9902 1680.38 540.84 0.9744 1213.69 748.94 0.9781 1469.52 740.92 0.9997 1377.09 758.02 0.9998 1478.56 874.40 0.9995 1370.51 894.12 0.9996 1398.31 956.72 0.9970 1335.00 1001.87 0.9964
59 1342.71 201.38 1752.07 1241.22 0.9397 1712.29 505.33 0.9748 1717.47 487.32 0.6237 1695.93 485.33 0.9925 1701.27 491.42 0.0351 1638.24 482.67 0.9871 1679.69 590.30 0.7468 1582.34 544.68 0.9917 1652.90 677.63 0.2555 1569.38 454.48 0.9636 1677.71 795.42 0.3115 1630.38 311.24 0.9189 1641.99 831.35 0.9669 1554.79 806.95 0.9930 1623.98 995.62 0.9834 1492.53 959.81 0.9944 1593.53 1151.90 0.9768 1377.17 975.89 0.9888
60 1541.27 375.91 2048.00 1457.28 0.9382 2030.73 572.32 0.3689 2036.04 556.43 0.0584 2022.85 548.92 0.4569 1986.11 546.43 0.0518 1973.76 528.27 0.9095 1935.00 650.14 0.9687 1887.25 567.10 0.8715 1952.25 764.69 0.8863 1924.11 464.92 0.7283 2024.41 894.19 0.8268 1966.15 417.92 0.7151 1813.27 903.03 0.9984 1793.77 899.34 0.9970 1717.45 1034.56 0.9968 1845.11 1148.25 0.9951 1589.74 1169.61 0.9872 1871.14 1371.75 0.9748
69 1813.64 735.28 2048.00 1490.05 0.8201 1940.21 1119.28 0.7290 2011.20 1053.64 0.8144 1931.23 1034.74 0.6623 2048.00 1067.99 0.3843 1957.62 1020.19 0.1202 2018.72 1329.33 0.0476 2004.69 1277.65 0.0756 1914.10 1467.06 0.0065 1962.85 1341.90 0.0091 1931.99 1417.84 0.0458 1969.50 1372.72 0.0479 2017.33 1389.55 0.0021 2021.38 1361.36 0.0032 1895.63 1407.20 0.0054 1934.71 1414.94 0.0063 1964.20 1442.75 0.0097 1938.76 1399.80 0.0111
70 909.01 0.00 1759.13 1489.44 0.8629 957.25 1130.88 0.7888 989.05 1065.04 0.9508 972.42 1056.94 0.2252 1226.34 1076.42 0.9567 1195.29 1037.53 0.0184 1333.94 1357.79 0.3330 1377.27 1184.72 0.4973 1194.60 921.67 0.1184 1265.29 616.08 0.3272 1354.35 203.38 0.2895 1383.37 200.43 0.4575 1378.09 1371.05 0.0209 1410.45 1295.24 0.0428 1161.94 1172.81 0.0111 1191.17 1172.21 0.0194 1203.92 988.80 0.0090 1328.47 936.87 0.0151
71 0.00 0.00 797.12 1481.09 0.9466 57.64 1025.88 0.0451 43.50 1003.38 0.0218 152.81 979.31 0.0250 23.59 1059.02 0.3572 371.12 963.62 0.3055 134.27 1430.28 0.2339 584.59 1284.19 0.8885 201.18 944.03 0.0376 580.37 799.57 0.8807 403.77 131.46 0.0827 439.57 193.88 0.9144 320.84 1490.85 0.0141 615.50 1427.96 0.0827 386.54 955.61 0.0036 558.76 1043.30 0.0208 369.25 722.75 0.0031 570.59 707.59 0.0085
72 0.00 955.03 638.69 1486.44 0.6191 83.90 958.72 0.0410 86.02 943.23 0.0082 90.17 939.87 0.0363 44.21 969.06 0.0131 52.00 955.81 0.0853 36.83 1082.06 0.1222 55.54 1099.98 0.2774 354.99 1130.52 0.1605 391.63 1136.38 0.5109 568.88 1068.94 0.2669 575.44 1065.68 0.5943 102.81 1409.50 0.0712 108.99 1436.28 0.0992 277.04 1275.83 0.0305 269.67 1307.87 0.0426 294.65 1346.51 0.0164 361.82 1301.34 0.0206
82 0.00 493.07 131.66 1095.68 0.8125 15.77 590.33 0.0148 14.10 582.00 0.0034 14.54 581.65 0.0116 0.00 590.55 0.0019 6.63 591.29 0.0138 0.00 633.79 0.0028 0.00 641.37 0.0552 23.05 685.05 0.0229 30.25 697.17 0.6116 74.80 704.98 0.2414 82.20 708.79 0.8549 0.00 768.94 0.0587 1.88 775.83 0.2527 5.41 882.19 0.1893 6.32 894.67 0.6090 7.28 1019.34 0.1795 7.99 1036.18 0.4792
83 0.11 351.60 202.83 1042.80 0.8965 7.58 398.78 0.0298 4.95 391.87 0.0054 1.21 387.46 0.0374 0.00 417.55 0.0092 0.00 410.09 0.1926 0.00 492.42 0.0271 30.10 494.25 0.9140 131.59 498.26 0.0100 163.78 492.93 0.9800 137.98 414.60 0.0632 151.14 415.85 0.9685 37.21 692.20 0.6921 50.62 701.27 0.9834 107.69 790.27 0.8665 102.05 841.47 0.9969 138.31 899.38 0.9196 49.76 969.93 0.9954
84 1.30 334.13 347.78 940.10 0.9410 124.27 399.46 0.2695 123.36 387.00 0.0249 120.22 386.46 0.2783 45.36 389.79 0.1993 111.18 390.83 0.9422 19.44 449.86 0.9975 112.26 463.77 0.9995 82.90 486.86 0.9516 109.82 564.45 0.9993 145.78 426.12 0.9247 128.10 653.37 0.9971 72.62 650.50 0.9996 151.52 655.55 0.9998 112.90 768.51 0.9993 235.38 750.95 0.9997 160.66 895.85 0.9961 283.18 829.20 0.9981
85 127.50 330.18 374.85 857.04 0.9371 240.22 383.93 0.1142 232.35 373.71 0.0161 238.26 373.37 0.1516 180.77 380.09 0.2760 230.14 378.38 0.9371 152.80 444.64 0.9851 246.43 448.37 0.9995 166.10 519.05 0.3846 289.90 544.61 0.9982 210.57 566.52 0.1659 340.96 595.93 0.9809 204.06 609.49 0.9981 267.35 614.81 0.9997 243.64 705.72 0.9972 298.78 712.64 0.9997 231.56 800.07 0.9947 298.63 824.37 0.9991
86 180.17 329.17 411.62 838.95 0.9325 318.79 382.28 0.0483 311.09 373.14 0.0137 312.53 374.87 0.0486 262.33 378.96 0.6109 309.19 382.04 0.9528 229.77 432.83 0.9997 329.81 432.23 0.9994 193.10 498.15 0.9987 396.14 430.64 0.9904 194.25 555.02 0.9810 373.88 362.88 0.8826 291.27 582.22 0.9998 334.30 590.74 0.9998 339.27 659.27 0.9994 338.17 691.64 0.9991 381.13 740.87 0.9977 309.36 793.52 0.9963
87 282.54 320.99 520.32 774.17 0.9345 374.67 367.86 0.0938 370.41 359.20 0.0219 374.53 359.01 0.1182 333.13 361.35 0.4353 374.17 362.59 0.9224 307.86 414.10 0.9879 386.75 421.70 0.9991 310.74 438.81 0.4663 433.50 496.08 0.9950 352.54 437.72 0.1454 484.90 537.27 0.9406 344.74 555.37 0.9962 398.19 555.50 0.9989 363.75 649.40 0.9850 441.26 621.19 0.9972 382.76 745.84 0.9643 472.33 703.52 0.9910
88 359.25 209.83 560.64 718.84 0.9320 444.48 336.43 0.1087 436.91 331.65 0.0203 441.82 331.01 0.0799 403.89 343.14 0.2594 440.27 341.71 0.8489 395.62 379.59 0.9982 456.78 379.70 0.9981 380.20 322.94 0.9951 503.35 335.60 0.9967 379.61 249.15 0.9864 529.21 282.52 0.9911 425.08 511.36 0.9998 460.72 514.06 0.9998 445.07 591.23 0.9993 484.21 600.10 0.9994 435.90 670.33 0.9962 484.57 692.02 0.9965
89 409.30 249.20 539.98 706.54 0.9014 483.47 336.52 0.0550 477.61 331.52 0.0212 480.99 331.62 0.0359 445.33 341.99 0.3416 480.79 341.74 0.6038 433.40 372.93 0.9934 495.57 374.50 0.9925 423.71 313.52 0.9845 508.68 317.59 0.9809 444.63 273.58 0.9559 486.38 284.38 0.9478 462.40 501.52 0.9989 498.05 504.95 0.9989 497.23 573.24 0.9973 510.02 584.40 0.9973 502.26 648.10 0.9899 492.24 664.06 0.9896
90 442.98 231.74 608.17 671.06 0.9204 513.20 329.73 0.1564 508.18 323.97 0.0346 510.88 325.24 0.1207 475.04 333.76 0.3229 508.04 335.35 0.8673 463.57 366.54 0.9981 521.72 368.49 0.9985 458.98 327.23 0.9943 559.34 325.41 0.9962 463.57 272.20 0.9851 580.40 272.74 0.9881 482.81 485.47 0.9997 520.90 486.54 0.9997 500.80 564.67 0.9991 547.84 555.19 0.9991 516.07 644.17 0.9954 570.28 610.42 0.9954
91 488.71 296.97 616.00 634.95 0.9071 551.58 326.73 0.0421 546.43 320.76 0.0168 549.56 321.16 0.0478 519.67 327.15 0.5106 549.52 325.72 0.8509 502.71 368.36 0.9812 565.78 366.34 0.9989 512.98 407.86 0.4246 595.46 410.68 0.9912 546.50 440.18 0.1168 603.40 447.95 0.8723 523.48 469.03 0.9967 567.54 470.37 0.9992 536.06 535.11 0.9927 578.25 537.80 0.9988 536.00 598.41 0.9900 575.92 612.13 0.9975
92 479.96 300.51 608.14 628.50 0.9038 568.89 326.46 0.0554 564.55 321.19 0.0314 567.05 322.18 0.0387 542.22 324.34 0.7090 569.21 325.23 0.8369 523.27 355.09 0.9991 582.19 358.51 0.9988 499.77 392.52 0.9943 595.89 402.79 0.9906 491.79 432.00 0.9505 594.76 446.21 0.9217 536.66 453.85 0.9995 573.56 458.03 0.9994 558.32 518.40 0.9964 586.57 527.81 0.9960 566.00 581.35 0.9823 575.33 603.41 0.9801
93 498.82 296.73 644.45 604.20 0.9081 595.46 326.57 0.1690 592.59 320.71 0.0420 593.76 321.78 0.1420 565.42 320.55 0.3943 589.12 322.29 0.9082 539.70 352.04 0.9988 593.08 352.85 0.9989 519.09 401.08 0.9927 594.38 402.71 0.9922 512.12 447.53 0.9609 593.76 444.56 0.9542 548.00 445.79 0.9995 584.64 446.46 0.9994 563.68 513.43 0.9976 606.28 501.72 0.9973 576.80 577.20 0.9872 615.38 559.55 0.9857
94 550.34 296.10 678.58 583.57 0.9038 630.84 327.78 0.6125 630.68 321.97 0.0741 629.19 322.72 0.5912 601.60 320.58 0.0344 619.65 324.02 0.8948 587.37 340.47 0.9925 605.20 353.27 0.9957 633.19 333.47 0.9736 591.01 382.78 0.9914 662.27 312.88 0.9722 570.93 408.50 0.9861 586.37 434.88 0.9985 605.93 440.49 0.9987 588.05 494.69 0.9980 622.76 491.85 0.9984 581.14 552.24 0.9929 617.06 554.72 0.9935
95 578.62 272.45 687.46 575.01 0.9066 650.69 329.46 0.9782 654.71 323.64 0.6703 646.21 322.66 0.9804 655.73 319.62 0.0383 629.46 317.10 0.9561 650.25 334.81 0.9932 612.11 346.56 0.9943 677.61 321.10 0.9644 587.66 385.38 0.9701 668.28 294.08 0.9701 593.02 417.72 0.9672 643.70 424.44 0.9955 620.20 428.90 0.9955 646.51 482.71 0.9953 628.03 484.48 0.9951 639.69 540.46 0.9872 613.29 546.99 0.9853
96 598.98 289.93 760.14 561.65 0.9218 675.69 320.03 0.9788 676.97 314.56 0.5245 671.09 314.32 0.9811 670.62 313.72 0.0177 652.97 313.19 0.9680 668.89 337.03 0.9940 634.80 342.47 0.9961 706.95 341.52 0.9761 609.24 379.47 0.9905 737.76 326.16 0.9840 621.47 408.25 0.9916 658.02 419.42 0.9974 644.23 421.71 0.9978 649.05 480.26 0.9969 674.55 478.13 0.9973 632.98 537.12 0.9873 682.49 541.65 0.9872
97 641.29 290.70 772.08 564.29 0.9112 728.07 318.91 0.9877 728.61 312.95 0.6310 722.76 313.50 0.9895 723.28 313.43 0.0161 705.57 313.69 0.9755 723.04 345.39 0.9936 689.43 344.54 0.9966 730.12 386.29 0.9672 670.11 387.28 0.9906 751.10 420.25 0.9802 661.60 428.79 0.9929 715.11 424.65 0.9970 698.61 425.81 0.9976 707.19 483.28 0.9977 720.30 480.81 0.9982 662.39 523.54 0.9930 727.55 542.34 0.9935
98 716.98 290.17 860.32 565.08 0.9027 782.54 316.52 0.9712 783.39 311.03 0.5088 777.09 311.34 0.9851 776.18 312.72 0.0208 760.69 313.37 0.9787 771.80 342.16 0.9293 753.73 344.41 0.9972 785.15 376.08 0.3122 790.10 376.51 0.9859 813.78 380.87 0.3992 835.83 372.78 0.9658 775.50 426.14 0.9787 755.90 429.25 0.9961 793.05 480.26 0.9864 745.87 487.82 0.9980 813.09 533.72 0.9864 729.09 541.41 0.9965
99 800.42 287.65 883.86 562.70 0.8653 845.66 310.94 0.9671 846.16 305.57 0.4298 840.15 305.53 0.9776 839.20 308.45 0.0131 823.74 308.09 0.9615 830.62 340.06 0.9287 818.29 342.37 0.9940 841.95 380.90 0.4205 827.72 387.84 0.9867 863.49 415.17 0.5593 857.79 418.74 0.9819 838.69 417.75 0.9615 829.59 421.06 0.9886 853.27 474.91 0.9641 854.83 476.82 0.9920 825.72 529.06 0.9405 825.50 533.17 0.9793
100 813.91 289.78 978.81 564.32 0.9238 921.57 315.75 0.9912 921.29 310.42 0.6112 915.33 310.57 0.9927 916.00 313.60 0.0108 898.42 313.87 0.9841 918.36 342.01 0.9961 887.38 344.91 0.9979 946.49 348.94 0.9796 856.48 374.53 0.9942 963.80 317.71 0.9885 828.48 406.63 0.9954 911.80 422.64 0.9983 897.74 423.97 0.9986 910.33 481.43 0.9987 920.12 477.02 0.9990 860.44 520.28 0.9961 923.60 541.63 0.9963
101 915.57 259.85 1044.67 564.44 0.8879 985.65 319.04 0.9824 988.05 313.53 0.6330 981.86 312.59 0.9863 983.27 312.38 0.0286 965.07 310.39 0.9740 976.37 329.58 0.9938 950.83 344.65 0.9972 988.85 305.66 0.9566 961.58 387.33 0.9913 973.10 275.99 0.9652 993.98 419.43 0.9882 976.31 422.84 0.9970 953.33 427.78 0.9977 986.06 481.97 0.9962 942.18 486.14 0.9971 1005.09 533.20 0.9881 925.95 539.16 0.9894
102 1000.02 250.78 1117.00 568.34 0.8678 1055.12 319.95 0.8534 1055.12 313.43 0.1967 1052.06 313.70 0.8730 1039.26 310.94 0.0272 1038.36 311.46 0.9341 1026.51 329.81 0.9825 1027.55 336.83 0.9931 1046.77 295.42 0.9016 1064.32 326.54 0.9882 1054.80 268.60 0.9194 1096.39 308.29 0.9859 1030.42 418.28 0.9941 1028.53 422.41 0.9960 1048.10 475.96 0.9906 1053.34 475.72 0.9945 1019.30 530.44 0.9710 1022.30 530.70 0.9795
103 1029.86 294.78 1213.55 569.42 0.9236 1124.51 327.23 0.9251 1126.16 321.21 0.3246 1121.46 321.20 0.9340 1116.61 317.55 0.0221 1108.96 316.56 0.9293 1108.49 340.56 0.9733 1093.41 339.18 0.9917 1150.21 350.25 0.7826 1127.09 342.36 0.9720 1190.00 352.13 0.8217 1172.42 338.33 0.9648 1104.88 423.92 0.9942 1099.17 425.81 0.9966 1099.25 484.93 0.9971 1120.79 482.02 0.9985 1046.17 530.80 0.9952 1117.78 545.74 0.9968
104 1106.80 239.35 1230.64 567.67 0.8761 1179.58 314.18 0.3472 1179.88 309.64 0.0710 1176.88 309.73 0.3790 1165.35 312.99 0.0830 1169.48 313.14 0.7748 1159.45 344.15 0.9151 1163.51 334.42 0.9920 1169.50 378.71 0.4900 1188.42 315.20 0.9782 1182.37 401.25 0.3477 1191.19 265.11 0.9251 1167.17 431.26 0.9883 1162.29 430.41 0.9967 1181.00 483.18 0.9832 1147.57 486.91 0.9961 1194.75 535.17 0.9762 1122.17 543.17 0.9917
105 1191.37 289.54 1303.33 565.92 0.9019 1246.67 318.20 0.9521 1247.80 312.38 0.2602 1242.65 312.62 0.9648 1231.03 312.48 0.0106 1226.93 312.81 0.9691 1211.84 341.95 0.9665 1225.19 340.78 0.9960 1228.49 384.47 0.6273 1250.20 373.05 0.9914 1253.38 410.91 0.7233 1280.54 388.12 0.9887 1215.65 424.94 0.9869 1226.97 425.79 0.9953 1221.64 479.40 0.9907 1245.15 479.56 0.9974 1203.27 539.92 0.9834 1222.71 536.99 0.9930
106 1219.28 295.87 1326.35 571.18 0.8920 1313.68 325.36 0.9686 1314.49 319.47 0.5066 1307.22 320.36 0.9837 1309.34 320.25 0.0207 1290.92 321.99 0.9751 1302.77 351.47 0.9268 1278.50 353.08 0.9962 1303.35 391.47 0.3382 1256.65 396.24 0.9829 1320.84 422.01 0.4360 1247.58 439.19 0.9651 1298.70 432.00 0.9743 1287.39 434.28 0.9944 1285.09 487.27 0.9808 1303.46 488.42 0.9965 1237.70 524.18 0.9781 1293.20 549.51 0.9933
107 1275.18 299.55 1417.74 576.04 0.8994 1363.88 331.32 0.9888 1367.97 325.94 0.8687 1358.18 325.43 0.9956 1370.12 325.61 0.1005 1343.78 324.03 0.9870 1368.09 350.50 0.9503 1324.43 352.00 0.9987 1382.72 366.90 0.2911 1297.42 385.66 0.9887 1405.99 377.12 0.3630 1285.33 423.09 0.9643 1358.55 436.06 0.9801 1328.41 437.26 0.9970 1370.34 495.65 0.9856 1317.81 498.26 0.9982 1383.36 550.82 0.9885 1297.01 551.56 0.9974
108 1345.74 300.42 1462.69 589.00 0.9133 1407.37 333.09 0.9883 1412.86 327.67 0.9553 1401.80 327.51 0.9849 1420.66 327.25 0.5472 1391.78 326.01 0.9138 1430.18 357.41 0.9974 1380.30 355.14 0.9981 1438.88 399.57 0.9835 1366.30 395.19 0.9922 1448.98 436.92 0.9839 1363.54 433.67 0.9918 1420.54 443.32 0.9978 1388.97 441.99 0.9980 1416.76 504.93 0.9965 1392.27 501.12 0.9969 1400.99 563.00 0.9884 1358.56 549.87 0.9893
109 1374.39 307.33 1520.84 622.00 0.9175 1442.69 341.42 0.9922 1448.00 335.28 0.9743 1436.64 335.13 0.9855 1456.05 334.67 0.7137 1425.94 334.41 0.8957 1470.35 365.71 0.9982 1411.20 365.11 0.9985 1484.26 401.65 0.9858 1393.55 403.04 0.9902 1497.90 418.85 0.9834 1385.38 436.43 0.9869 1451.78 456.32 0.9967 1416.87 456.36 0.9969 1434.36 523.69 0.9910 1421.30 528.18 0.9918 1419.76 576.49 0.9638 1427.06 590.61 0.9656
110 1409.75 308.41 1516.28 635.01 0.9005 1477.57 342.77 0.9880 1482.49 335.99 0.9528 1471.08 336.29 0.9858 1490.13 337.35 0.5194 1459.47 337.00 0.9278 1501.58 373.60 0.9974 1445.79 363.48 0.9978 1504.89 418.44 0.9734 1429.10 374.45 0.9809 1500.23 464.81 0.9647 1460.87 356.19 0.9776 1480.65 471.58 0.9972 1442.21 467.57 0.9974 1478.58 539.55 0.9967 1434.96 536.88 0.9968 1472.55 606.74 0.9917 1427.75 597.53 0.9915
111 1427.28 296.64 1561.66 663.80 0.9062 1518.34 351.83 0.9886 1523.42 343.46 0.9365 1510.27 344.71 0.9894 1531.29 342.11 0.3666 1496.05 342.57 0.9492 1541.51 386.21 0.9959 1483.55 362.81 0.9979 1549.68 431.45 0.9338 1474.90 328.57 0.9869 1544.15 479.84 0.9161 1512.98 305.37 0.9852 1520.69 489.24 0.9965 1481.11 480.69 0.9974 1508.29 563.36 0.9954 1478.50 553.23 0.9968 1476.17 631.54 0.9889 1448.12 611.72 0.9911
112 1478.44 315.14 1591.58 705.90 0.9025 1548.60 367.62 0.9841 1552.90 358.99 0.9304 1539.54 360.75 0.9857 1559.68 357.17 0.3782 1524.45 359.77 0.9291 1573.65 402.47 0.9883 1506.71 379.15 0.9957 1573.98 444.31 0.7665 1493.26 345.09 0.9527 1558.75 446.97 0.7117 1518.04 325.21 0.9308 1549.53 507.36 0.9877 1504.75 501.83 0.9929 1543.12 585.54 0.9808 1507.14 588.77 0.9901 1504.06 626.96 0.9641 1500.38 665.13 0.9763
113 1481.31 241.80 1623.31 736.40 0.9047 1587.39 375.00 0.9792 1594.76 366.32 0.9004 1578.95 365.84 0.9865 1602.13 367.40 0.2599 1560.17 363.98 0.9425 1604.56 418.17 0.9639 1539.21 393.56 0.9973 1600.97 463.14 0.5316 1538.13 355.25 0.9807 1594.20 495.06 0.5174 1567.51 280.84 0.9622 1576.48 536.42 0.9888 1527.93 527.87 0.9968 1574.06 620.60 0.9923 1512.30 611.09 0.9980 1569.23 701.25 0.9898 1502.19 675.60 0.9963
114 1499.55 329.19 1698.76 754.94 0.9275 1619.18 384.48 0.9919 1628.01 375.44 0.9830 1611.13 374.47 0.9865 1641.43 370.33 0.8320 1598.32 368.05 0.8606 1660.53 420.38 0.9980 1572.96 407.81 0.9989 1681.74 490.24 0.9602 1544.30 469.96 0.9936 1675.13 495.21 0.9492 1537.61 531.79 0.9894 1619.81 548.77 0.9978 1564.91 540.19 0.9983 1598.67 638.80 0.9958 1549.35 623.33 0.9971 1567.68 713.69 0.9861 1532.44 699.19 0.9897
115 1469.58 302.87 1714.06 779.63 0.9314 1568.85 401.41 0.9956 1578.16 392.71 0.9964 1563.36 391.11 0.8718 1604.30 384.26 0.9732 1560.36 383.73 0.0282 1634.68 411.57 0.9965 1565.91 420.08 0.9959 1666.74 389.16 0.9827 1565.62 453.66 0.9807 1691.74 341.45 0.9881 1548.43 472.01 0.9835 1606.92 565.38 0.9986 1560.72 564.44 0.9987 1594.51 657.98 0.9988 1534.16 656.76 0.9990 1577.10 714.30 0.9950 1517.63 746.05 0.9961
116 1457.66 336.34 1792.23 817.17 0.9390 1508.85 397.70 0.9957 1516.71 385.81 0.9973 1503.34 387.98 0.8412 1544.73 375.45 0.9867 1507.06 383.14 0.0235 1588.81 412.19 0.9986 1520.94 420.37 0.9956 1670.04 408.18 0.9943 1521.21 457.24 0.9518 1749.41 389.36 0.9933 1489.82 485.39 0.9508 1556.67 573.99 0.9989 1511.94 571.39 0.9984 1559.13 680.15 0.9982 1500.44 669.01 0.9974 1580.76 768.79 0.9889 1515.51 758.02 0.9873
117 1407.40 352.56 1745.66 862.02 0.9450 1452.24 420.12 0.9914 1459.55 407.17 0.9962 1447.98 410.39 0.6038 1490.86 396.43 0.9910 1457.56 405.31 0.0094 1539.89 439.75 0.9988 1475.22 442.11 0.9770 1614.61 458.83 0.9959 1480.06 469.97 0.5063 1696.09 471.88 0.9923 1455.97 476.11 0.5756 1498.20 595.93 0.9984 1462.49 587.26 0.9939 1458.35 703.69 0.9989 1456.53 678.01 0.9943 1459.18 811.48 0.9954 1514.10 733.92 0.9869
118 1216.50 353.60 1536.03 862.06 0.9271 1346.32 415.64 0.9717 1349.89 403.83 0.9892 1342.88 405.11 0.1692 1382.02 393.02 0.9917 1366.51 399.28 0.0018 1427.62 434.31 0.9983 1402.38 435.47 0.9014 1461.97 449.47 0.9920 1452.80 470.47 0.2074 1489.48 470.23 0.9741 1501.56 497.02 0.2305 1411.70 612.92 0.9985 1379.86 601.61 0.9884 1428.17 723.51 0.9988 1329.55 674.41 0.9879 1463.10 820.98 0.9961 1275.16 752.66 0.9832
119 1184.37 328.03 1342.99 826.16 0.8883 1220.20 384.35 0.9158 1225.36 373.30 0.9684 1218.78 374.57 0.1075 1254.12 368.62 0.9888 1245.52 372.44 0.0044 1287.06 422.84 0.9988 1270.33 422.23 0.8775 1292.05 512.43 0.9943 1270.33 507.47 0.1188 1267.31 587.51 0.9705 1251.56 581.00 0.1316 1266.61 584.93 0.9979 1249.80 580.35 0.9772 1239.37 679.69 0.9985 1220.78 678.35 0.9787 1300.27 767.02 0.9961 1245.29 767.77 0.9732
120 1015.05 326.12 1255.44 790.69 0.9268 1110.11 362.65 0.9373 1119.55 355.70 0.9570 1114.53 353.90 0.1628 1147.54 368.34 0.9686 1145.45 363.28 0.0058 1153.97 426.84 0.9948 1158.66 419.97 0.9501 1149.12 521.84 0.9913 1139.57 499.45 0.6371 1118.40 596.33 0.9887 1094.83 529.08 0.7753 1138.28 576.08 0.9972 1154.76 571.17 0.9913 1088.51 662.04 0.9989 1173.80 660.35 0.9957 1071.84 757.88 0.9964 1226.77 745.50 0.9905
121 919.50 315.16 1091.03 789.71 0.9154 1008.72 337.53 0.9467 1020.28 336.13 0.9748 1014.32 332.53 0.2103 1038.55 361.09 0.9880 1034.92 348.79 0.0102 1044.95 418.93 0.9989 1032.87 395.50 0.9378 1046.44 499.32 0.9922 1033.93 443.93 0.2119 1000.39 559.37 0.9603 1023.79 463.67 0.2115 1036.42 564.61 0.9985 1018.78 550.37 0.9873 1038.16 661.47 0.9990 989.84 639.96 0.9882 1067.21 756.79 0.9969 975.95 725.29 0.9827
122 816.32 312.49 1074.28 785.55 0.9308 942.03 354.07 0.4594 947.05 347.36 0.3338 941.70 346.42 0.1130 951.18 355.01 0.7086 943.54 353.89 0.1637 985.50 410.58 0.9980 909.45 408.49 0.9975 1017.61 478.96 0.9977 886.12 471.08 0.9959 1044.45 542.75 0.9958 850.76 526.71 0.9926 966.91 556.54 0.9998 915.73 555.40 0.9998 970.97 651.64 0.9996 913.82 648.77 0.9995 1006.16 739.75 0.9970 926.65 734.29 0.9968
123 720.22 303.53 1162.17 781.13 0.9352 932.80 348.57 0.0901 934.06 343.55 0.0580 930.24 342.28 0.0821 911.44 353.01 0.7813 948.11 353.17 0.8930 902.08 395.48 0.9991 967.96 400.04 0.9990 801.11 364.29 0.9974 1065.58 385.82 0.9980 751.99 335.88 0.9871 1140.30 355.65 0.9904 928.48 555.33 0.9999 949.36 555.16 0.9999 934.00 655.68 0.9995 953.97 653.33 0.9996 941.82 737.14 0.9980 944.91 741.33 0.9983
124 831.89 242.00 1058.01 791.53 0.9139 931.81 345.37 0.9927 937.65 336.43 0.9835 919.92 340.43 0.9907 950.18 346.51 0.7153 906.44 356.36 0.9095 983.57 389.31 0.9987 892.95 395.30 0.9980 1032.98 342.36 0.9906 852.10 347.43 0.9701 1043.40 274.66 0.9876 853.93 290.17 0.9630 971.57 551.92 0.9993 912.44 554.42 0.9992 975.61 657.96 0.9990 906.00 657.50 0.9987 969.10 742.65 0.9965 904.06 745.81 0.9956
125 814.68 314.52 1013.56 819.61 0.9176 900.11 384.85 0.9914 908.55 373.67 0.9816 889.59 375.12 0.9851 921.58 368.96 0.7395 873.06 372.54 0.8188 942.60 404.73 0.9970 858.16 404.31 0.9974 980.33 363.45 0.9658 832.77 352.15 0.9785 993.83 335.98 0.9576 878.24 325.09 0.9744 934.00 566.75 0.9986 878.55 571.33 0.9987 952.23 670.24 0.9974 884.44 682.33 0.9979 958.14 738.53 0.9913 898.88 766.55 0.9922
126 757.49 246.14 1038.07 878.55 0.9228 867.62 404.65 0.9943 877.49 392.42 0.9956 857.13 393.99 0.9755 895.11 383.30 0.9626 841.77 388.36 0.5201 926.98 415.59 0.9989 831.01 418.31 0.9982 980.10 369.15 0.9946 794.40 367.38 0.9833 1014.93 293.67 0.9939 776.36 283.67 0.9835 908.46 595.90 0.9993 850.14 594.12 0.9991 910.47 721.72 0.9980 868.23 706.37 0.9973 900.90 828.44 0.9892 895.68 770.42 0.9882
127 663.82 338.05 1088.56 916.12 0.9468 859.67 409.01 0.9969 872.05 394.74 0.9971 846.62 396.82 0.9910 892.32 387.24 0.9653 830.29 392.87 0.7832 934.54 456.62 0.9997 813.42 457.66 0.9996 987.16 533.91 0.9982 766.72 526.65 0.9959 1040.33 603.18 0.9976 708.97 582.92 0.9954 907.34 641.99 0.9998 834.86 640.87 0.9998 905.43 765.41 0.9996 828.26 760.09 0.9995 896.19 855.62 0.9976 842.36 851.29 0.9973
128 722.18 354.45 938.67 1045.26 0.9264 787.79 428.68 0.9952 798.83 412.37 0.9961 771.16 418.31 0.9758 822.55 408.42 0.9634 755.12 424.39 0.5229 879.89 489.53 0.9994 755.08 503.59 0.9966 916.78 596.12 0.9970 753.33 605.90 0.9416 876.99 685.32 0.9949 759.95 688.63 0.9455 862.97 698.61 0.9988 779.33 708.86 0.9976 884.68 829.92 0.9972 793.10 844.43 0.9945 901.30 863.84 0.9866 807.55 971.84 0.9765
129 509.33 365.13 952.91 1191.57 0.9450 743.52 456.02 0.9968 760.27 437.07 0.9977 726.12 441.89 0.9928 785.92 434.97 0.9749 704.53 446.74 0.8350 843.46 530.63 0.9997 684.13 545.00 0.9995 886.40 642.22 0.9978 628.80 649.94 0.9928 919.70 741.06 0.9969 554.64 733.10 0.9918 830.23 775.75 0.9997 736.36 773.49 0.9996 831.33 946.57 0.9995 775.62 906.06 0.9993 824.10 1107.96 0.9969 812.60 969.96 0.9964
130 623.17 367.09 935.09 1296.99 0.9339 697.45 478.16 0.9937 716.16 454.93 0.9976 676.45 461.01 0.9630 755.26 453.05 0.9772 658.30 469.43 0.2857 836.65 567.95 0.9991 655.11 584.63 0.9722 884.48 720.80 0.9944 665.79 718.29 0.4002 900.60 864.51 0.9846 690.51 844.39 0.4551 817.52 875.79 0.9989 701.36 882.50 0.9941 820.30 1053.92 0.9991 694.88 1073.39 0.9943 805.74 1155.23 0.9972 727.80 1171.37 0.9888
131 491.16 402.48 886.14 1488.64 0.9430 595.41 560.49 0.9968 616.21 525.96 0.9949 566.60 538.84 0.9634 674.59 513.98 0.9568 547.79 544.84 0.3827 777.82 659.51 0.9981 553.06 678.78 0.9880 829.69 856.22 0.9929 542.95 864.92 0.9871 858.65 1052.71 0.9886 537.55 1022.78 0.9912 771.96 1020.99 0.9995 615.64 1041.44 0.9993 805.65 1228.33 0.9860 666.14 1279.85 0.9864 814.61 1211.23 0.7945 692.97 1433.00 0.7744
132 0.10 471.39 927.00 1486.68 0.9600 540.17 716.71 0.9982 574.15 672.09 0.9979 501.70 678.62 0.9748 655.73 628.07 0.9878 473.61 649.99 0.4214 768.96 786.71 0.9989 427.86 830.01 0.9974 826.89 942.18 0.9895 296.89 1051.46 0.9857 882.90 1066.24 0.9652 126.06 1314.03 0.9567 746.93 1261.74 0.9890 545.08 1272.58 0.9881 755.57 1475.92 0.3484 636.49 1431.59 0.3452 718.83 1411.09 0.0129 681.32 1412.97 0.0153
133 59.32 595.61 1004.87 1489.47 0.9437 215.16 1055.62 0.9863 263.12 983.98 0.9971 166.26 984.61 0.7720 468.38 865.38 0.9970 201.44 885.99 0.0512 784.56 1070.60 0.9748 330.13 1038.66 0.9851 913.15 1366.62 0.3837 316.71 1257.33 0.8310 873.35 1500.00 0.1359 232.27 1456.51 0.4994 723.50 1494.28 0.1008 428.00 1447.34 0.2104 651.68 1309.77 0.0052 263.64 1285.55 0.0122 646.82 1378.53 0.0009 415.41 1335.50 0.0018
139 0.00 1007.48 195.48 1493.26 0.4560 105.24 1312.34 0.0598 98.95 1293.15 0.0089 101.86 1296.91 0.0744 65.27 1338.69 0.0092 80.52 1347.58 0.3487 84.38 1436.25 0.0364 95.31 1458.10 0.1695 100.26 1316.79 0.0127 106.03 1321.19 0.0648 75.77 1367.41 0.0335 98.97 1325.49 0.0881 48.02 1383.67 0.0089 64.56 1396.96 0.0226 104.68 1285.00 0.0150 118.67 1308.51 0.0410 76.62 1433.06 0.0403 71.96 1421.43 0.0814
140 71.68 391.58 664.84 1490.75 0.9413 369.16 513.21 0.4733 344.90 495.20 0.0529 354.92 498.29 0.6385 198.07 535.42 0.1420 307.46 553.52 0.9772 130.77 688.03 0.9349 344.15 749.35 0.9975 193.96 820.65 0.3604 430.32 1009.05 0.9759 342.32 909.76 0.1400 540.59 1160.87 0.8377 213.17 1094.66 0.9730 366.81 1123.06 0.9928 331.14 1267.86 0.9062 523.23 1238.24 0.9702 329.12 1468.95 0.6329 505.92 1450.77 0.7913
141 413.30 403.71 811.55 1427.60 0.9237 683.30 508.35 0.2736 671.10 492.99 0.0292 681.14 497.33 0.2373 567.24 511.43 0.2413 658.67 523.72 0.9363 519.72 620.39 0.9884 664.95 660.33 0.9977 492.71 711.26 0.8536 691.12 866.32 0.9699 563.02 726.65 0.6737 740.33 1013.65 0.8806 542.20 932.83 0.9944 656.75 938.74 0.9967 558.23 1096.28 0.9921 716.67 1051.29 0.9940 465.66 1306.58 0.9728 723.10 1224.25 0.9774
142 612.03 372.40 980.78 1256.17 0.9405 880.66 464.32 0.8803 863.85 446.01 0.0937 865.42 449.79 0.9230 769.11 453.11 0.0520 824.32 466.61 0.9977 693.85 551.39 0.9998 848.01 581.32 0.9996 660.35 695.03 0.9977 920.83 710.47 0.9842 635.45 828.48 0.9875 964.95 667.66 0.9062 748.03 810.63 0.9991 818.35 837.52 0.9987 819.49 928.87 0.9983 781.41 1016.15 0.9975 858.76 1027.02 0.9936 719.83 1196.55 0.9869
143 816.38 353.31 1068.53 1072.46 0.9247 1005.63 440.44 0.9209 1007.79 424.78 0.0775 999.87 424.37 0.9705 926.54 422.65 0.0137 962.24 428.79 0.9977 862.79 494.96 0.9888 952.21 521.81 0.9998 832.98 572.21 0.2969 953.76 674.02 0.9982 886.50 649.40 0.1861 984.33 792.59 0.9852 863.32 734.53 0.9941 930.19 743.46 0.9990 895.53 872.54 0.9896 1013.58 848.07 0.9987 879.35 1030.15 0.9696 984.38 994.02 0.9938
144 902.50 360.21 1174.62 990.52 0.9325 1144.88 437.46 0.1521 1136.99 423.71 0.0354 1145.75 425.29 0.1336 1077.28 415.02 0.4245 1134.03 423.68 0.9014 1022.09 481.72 0.9973 1111.85 499.12 0.9990 985.82 581.34 0.9626 1111.92 630.12 0.9959 1026.37 653.37 0.8645 1137.92 727.24 0.9755 1023.09 692.42 0.9993 1089.26 703.15 0.9995 1027.53 807.84 0.9985 1124.25 809.62 0.9990 946.59 913.33 0.9928 1106.05 940.97 0.9946
145 1012.04 355.50 1310.56 969.22 0.9440 1205.46 417.77 0.0260 1198.17 405.52 0.0163 1202.79 408.03 0.0240 1155.18 403.53 0.8721 1203.13 411.67 0.9299 1099.98 468.80 0.9998 1210.54 479.73 0.9998 1066.41 561.10 0.9987 1255.94 565.89 0.9979 1032.09 648.31 0.9837 1292.79 586.25 0.9697 1114.11 657.29 0.9999 1172.84 666.14 0.9999 1145.12 771.63 0.9993 1151.08 791.22 0.9992 1155.31 853.48 0.9962 1107.85 915.76 0.9955
146 1097.89 335.37 1273.45 865.96 0.9230 1223.42 389.12 0.0260 1220.16 378.53 0.0155 1226.80 380.97 0.0179 1194.30 376.03 0.7782 1243.40 387.00 0.8246 1149.06 434.85 0.9987 1237.78 450.89 0.9994 1108.59 507.58 0.9824 1241.89 547.01 0.9973 1134.25 536.92 0.8626 1244.81 622.06 0.9702 1152.13 603.90 0.9997 1211.89 609.21 0.9997 1159.59 714.36 0.9986 1229.03 695.10 0.9989 1166.22 821.37 0.9925 1234.19 777.39 0.9944
147 1049.01 326.35 1424.06 788.81 0.9445 1212.54 370.97 0.1459 1215.21 362.52 0.1525 1215.37 362.67 0.0252 1216.58 365.06 0.9682 1253.23 365.88 0.5441 1192.83 417.07 0.9998 1283.76 420.63 0.9996 1141.34 479.95 0.9992 1337.66 474.76 0.9976 1081.94 530.99 0.9948 1398.43 518.30 0.9848 1204.52 564.83 0.9999 1261.59 566.60 0.9999 1186.22 655.23 0.9997 1252.44 656.02 0.9995 1189.75 752.25 0.9975 1244.97 749.99 0.9970
148 1097.18 233.57 1268.41 769.61 0.9201 1163.71 365.37 0.8602 1166.48 355.94 0.8884 1165.19 356.48 0.1026 1186.63 355.62 0.9858 1204.80 355.94 0.0230 1181.43 401.94 0.9982 1237.95 389.01 0.9978 1143.54 403.72 0.9839 1247.16 324.87 0.9845 1112.88 380.33 0.9607 1231.43 267.51 0.9698 1189.62 540.20 0.9995 1226.82 539.59 0.9995 1168.33 621.23 0.9994 1232.00 631.04 0.9995 1164.73 709.97 0.9979 1240.21 723.89 0.9984
149 1075.02 308.28 1204.92 728.83 0.8869 1087.20 363.03 0.9018 1089.60 353.57 0.9285 1086.30 353.87 0.1175 1107.53 347.18 0.9774 1110.44 348.22 0.0104 1127.17 396.58 0.9985 1135.46 374.19 0.9908 1159.90 454.04 0.9937 1158.58 358.91 0.8017 1183.67 508.16 0.9797 1161.61 336.55 0.7507 1133.50 520.38 0.9990 1134.46 509.90 0.9979 1133.01 603.89 0.9989 1118.01 588.35 0.9974 1158.43 695.76 0.9956 1105.84 665.18 0.9925
150 1000.87 305.77 1116.34 690.51 0.8829 1017.28 361.37 0.9057 1020.11 352.04 0.9363 1014.41 352.53 0.1246 1036.52 343.67 0.9660 1033.54 343.68 0.0074 1060.61 383.70 0.9965 1068.68 366.72 0.9659 1089.87 439.46 0.9913 1072.19 352.06 0.5686 1097.86 499.14 0.9774 1065.93 325.78 0.6129 1057.40 503.49 0.9969 1064.83 498.74 0.9911 1024.21 576.35 0.9965 1048.45 586.44 0.9885 1072.47 640.07 0.9859 1075.95 654.98 0.9675
151 892.94 317.97 1065.40 679.82 0.9094 939.07 359.35 0.8667 940.25 350.60 0.9317 936.87 350.21 0.1294 955.41 343.16 0.9857 964.51 341.30 0.0198 976.76 379.78 0.9981 1002.29 369.89 0.9396 971.73 424.97 0.9594 995.73 405.09 0.2049 954.01 402.29 0.8034 966.45 383.93 0.1686 970.46 499.38 0.9972 996.64 493.12 0.9834 938.97 570.46 0.9985 1008.10 572.22 0.9899 928.92 649.40 0.9974 1045.89 644.50 0.9898
152 780.28 310.41 1016.32 670.57 0.9263 872.01 347.58 0.2061 872.08 340.84 0.2282 872.78 341.00 0.0297 879.07 336.09 0.9558 902.52 338.39 0.2972 879.34 362.97 0.9992 935.00 372.12 0.9990 836.32 369.01 0.9944 971.94 414.10 0.9931 803.11 354.35 0.9611 995.41 443.01 0.9592 902.18 484.40 0.9996 925.35 483.48 0.9995 899.79 561.25 0.9971 898.12 547.39 0.9967 940.57 640.21 0.9832 881.04 605.03 0.9844
153 770.84 299.47 929.62 637.30 0.9201 841.38 327.58 0.1773 842.72 322.24 0.1754 841.69 322.72 0.0345 846.41 324.74 0.9353 872.11 325.03 0.4567 836.08 358.95 0.9996 895.33 361.41 0.9992 821.70 408.97 0.9985 908.87 417.33 0.9933 794.07 447.48 0.9912 916.23 467.27 0.9688 842.98 462.70 0.9998 883.22 464.24 0.9998 823.84 527.01 0.9993 868.48 536.22 0.9990 838.13 592.15 0.9959 865.69 611.50 0.9947
154 756.87 296.61 875.99 623.10 0.9060 811.25 325.03 0.0630 811.10 319.17 0.0547 811.80 319.91 0.0288 807.72 323.62 0.8383 834.48 323.51 0.6845 796.04 363.16 0.9991 850.09 363.37 0.9981 782.03 414.32 0.9951 862.65 409.37 0.9708 769.79 459.33 0.9576 841.34 427.97 0.8248 802.76 453.83 0.9996 839.78 453.72 0.9995 801.51 518.76 0.9986 845.09 518.60 0.9979 810.74 578.52 0.9938 854.71 579.99 0.9915
155 738.43 293.62 844.39 599.12 0.8997 789.99 321.13 0.0440 790.20 315.72 0.0446 789.89 316.45 0.0215 785.37 320.24 0.7791 810.98 319.71 0.6230 775.63 355.21 0.9985 825.68 354.38 0.9924 763.67 398.99 0.9944 835.16 387.73 0.8063 750.20 433.96 0.9378 815.48 386.01 0.3630 786.05 443.58 0.9991 817.41 442.75 0.9980 793.68 510.07 0.9964 811.41 505.47 0.9900 808.97 573.63 0.9862 810.70 566.56 0.9696
156 755.64 285.64 822.29 582.52 0.8652 771.75 308.33 0.0626 773.05 303.41 0.0867 772.57 303.48 0.0184 774.55 309.27 0.7686 799.00 306.44 0.2589 779.34 345.36 0.9966 808.82 340.11 0.9054 784.85 397.14 0.9886 807.04 386.24 0.2489 771.41 438.18 0.9015 792.75 424.31 0.1105 790.33 431.62 0.9969 812.03 429.33 0.9819 778.20 489.97 0.9934 797.35 490.25 0.9500 796.12 548.33 0.9842 803.51 549.72 0.9263
157 738.55 283.29 820.69 573.97 0.8585 769.29 308.84 0.0345 769.49 303.33 0.0447 768.99 303.79 0.0165 768.12 307.83 0.7621 792.19 305.17 0.4808 766.67 344.03 0.9976 808.54 338.42 0.9478 759.87 390.31 0.9773 808.30 378.00 0.3087 743.97 381.18 0.7437 774.97 376.73 0.0945 777.49 427.08 0.9985 808.49 424.73 0.9924 770.54 487.53 0.9979 803.29 488.15 0.9866 774.05 548.07 0.9962 801.77 549.71 0.9840
158 712.55 288.00 810.27 570.30 0.8556 747.99 311.16 0.0569 747.72 306.56 0.0622 747.91 306.41 0.0198 748.31 312.22 0.7788 772.05 308.76 0.4217 750.21 345.95 0.9982 785.68 339.98 0.9761 748.94 388.59 0.9897 778.07 374.52 0.4759 727.79 378.17 0.9040 736.90 369.11 0.1869 758.70 427.24 0.9991 787.47 424.80 0.9967 748.84 482.99 0.9988 790.55 488.02 0.9944 749.71 534.62 0.9974 796.89 546.45 0.9912
159 688.77 284.21 776.62 555.06 0.8844 714.18 310.05 0.1446 715.19 304.84 0.1742 714.50 304.41 0.0321 719.11 307.18 0.8178 740.40 303.77 0.2217 729.50 339.41 0.9970 755.31 332.45 0.9623 730.90 382.41 0.9895 747.58 367.96 0.4540 704.91 365.90 0.9279 714.43 358.93 0.2284 738.12 419.13 0.9978 758.15 415.03 0.9920 737.15 476.52 0.9958 756.19 471.76 0.9806 750.26 532.85 0.9879 766.68 524.82 0.9622
160 689.47 288.44 763.51 554.23 0.3565 699.31 311.12 0.4448 702.83 305.54 0.5359 696.92 306.20 0.0953 712.37 305.39 0.7382 701.07 307.06 0.0431 732.05 331.04 0.9793 708.67 334.97 0.6159 746.22 364.39 0.9569 713.49 375.84 0.1635 729.29 361.63 0.8853 709.11 404.86 0.1863 737.89 410.37 0.9724 722.41 411.29 0.8601 737.22 470.23 0.9572 729.80 470.58 0.7676 748.64 529.94 0.9073 741.35 526.99 0.7000
161 673.47 287.95 753.36 534.29 0.7411 683.38 314.41 0.4316 686.04 308.11 0.5090 680.70 308.93 0.1038 697.68 306.74 0.7147 687.92 309.03 0.0502 723.16 332.06 0.9537 699.06 335.10 0.6408 735.21 362.74 0.8072 709.41 363.53 0.1891 710.77 353.91 0.5580 709.93 356.32 0.1584 727.55 417.09 0.9242 709.98 417.26 0.7654 735.07 473.62 0.8211 715.95 474.54 0.5451 738.85 518.36 0.6610 722.83 515.54 0.4236
162 660.36 291.54 746.93 529.73 0.8191 669.73 318.07 0.6720 671.82 312.40 0.7442 667.61 313.33 0.1711 681.66 308.03 0.8589 671.26 311.39 0.0532 700.76 328.67 0.9906 678.57 334.72 0.8691 718.66 349.37 0.9532 681.74 365.59 0.2913 720.74 360.42 0.8465 678.18 385.89 0.2327 705.74 399.34 0.9915 689.41 401.43 0.9654 713.30 452.76 0.9910 689.23 455.00 0.9596 733.22 503.49 0.9835 698.22 507.50 0.9504
163 652.70 292.37 721.94 530.53 0.7654 658.38 316.69 0.0340 657.39 311.98 0.0310 660.36 311.33 0.0108 660.22 311.23 0.5235 676.96 308.67 0.1259 669.51 334.61 0.9441 696.18 331.37 0.9385 674.21 371.77 0.8048 714.17 369.12 0.7364 673.10 403.98 0.5526 713.29 405.68 0.4829 681.76 404.97 0.9813 699.05 403.12 0.9822 682.36 455.86 0.9505 691.41 453.83 0.9518 692.31 506.38 0.8843 695.26 502.98 0.8883
164 635.30 286.54 729.38 513.09 0.7896 667.54 306.58 0.0265 667.31 302.53 0.0181 667.86 302.70 0.0134 664.49 303.45 0.5512 683.99 302.07 0.4747 662.64 327.20 0.9934 699.62 327.09 0.9926 658.02 360.07 0.9807 711.97 363.78 0.9815 647.66 386.14 0.9099 718.38 395.89 0.9180 673.39 393.74 0.9972 697.84 393.32 0.9970 671.54 443.13 0.9750 687.65 444.69 0.9754 685.06 487.54 0.8802 689.37 488.75 0.8825
165 633.15 285.02 725.26 509.56 0.7936 664.71 305.86 0.0287 664.27 301.90 0.0190 664.99 301.94 0.0149 661.55 303.30 0.5098 681.11 301.58 0.4494 657.37 327.92 0.9913 694.27 326.14 0.9904 648.45 360.99 0.9769 706.39 359.68 0.9798 645.82 392.03 0.9075 714.61 390.99 0.9222 667.68 390.94 0.9964 691.91 390.24 0.9963 672.02 439.13 0.9713 689.67 439.79 0.9730 673.91 482.71 0.8693 688.63 483.98 0.8756
166 630.07 282.24 717.70 484.44 0.7577 689.18 304.89 0.0283 687.30 300.85 0.0114 687.89 300.83 0.0205 671.65 301.27 0.3534 688.55 301.88 0.6453 659.46 324.54 0.9854 693.46 325.88 0.9875 642.00 353.25 0.9201 701.11 358.42 0.9408 639.56 378.79 0.6687 708.12 388.89 0.7230 665.73 386.56 0.9888 687.71 387.49 0.9896 669.97 432.00 0.8601 693.56 432.09 0.8706 671.14 468.66 0.5333 695.04 468.72 0.5467
167 654.97 279.09 729.84 480.26 0.7919 684.25 296.50 0.0604 683.45 292.84 0.0410 683.88 293.13 0.0363 677.57 295.03 0.4284 694.47 294.00 0.4048 674.85 318.53 0.9707 704.52 316.44 0.9738 666.26 349.09 0.8964 716.26 345.08 0.9309 663.28 376.51 0.7137 722.68 371.30 0.7913 683.28 375.04 0.9839 701.93 374.18 0.9849 689.56 419.13 0.9210 700.92 418.97 0.9300 692.28 458.51 0.7681 699.37 458.04 0.7870
