32 0.00 675.21 49.54 924.78 0.4642 17.92 693.13 0.1905 17.68 688.18 0.0785 16.17 688.06 0.1567 9.10 692.04 0.0289 11.05 691.37 0.1057 8.20 720.78 0.1626 8.44 719.71 0.3082 15.08 751.51 0.1883 13.63 752.36 0.5073 33.46 773.90 0.3990 34.39 773.87 0.6834 11.55 794.94 0.4069 10.93 795.56 0.5164 16.57 846.56 0.4025 15.13 847.42 0.5331 16.58 900.10 0.3255 16.56 901.38 0.4166
33 0.29 632.06 116.52 927.97 0.8944 12.04 665.99 0.8795 18.42 659.29 0.9342 7.74 660.08 0.5096 33.46 658.07 0.8755 6.30 660.09 0.0691 61.39 685.43 0.9871 3.67 688.26 0.6557 88.39 719.44 0.9764 0.00 722.09 0.1420 102.59 743.80 0.9518 4.55 706.59 0.2463 50.31 780.17 0.9725 14.27 780.19 0.8465 39.16 845.48 0.9613 20.90 842.69 0.7508 26.01 902.89 0.9150 21.85 901.16 0.6864
34 1.01 626.28 117.79 924.88 0.8779 48.42 658.93 0.9754 54.57 651.99 0.9764 41.96 652.93 0.9316 65.73 651.83 0.8709 34.03 654.85 0.5072 90.05 683.59 0.9935 23.34 686.96 0.9776 108.10 724.09 0.9605 6.18 723.53 0.7398 79.56 731.42 0.9388 14.13 703.61 0.7432 76.05 777.60 0.9845 34.19 778.30 0.9703 74.22 839.62 0.9741 41.62 841.96 0.9475 51.99 891.44 0.9395 44.80 899.56 0.8993
35 0.89 624.49 192.24 933.11 0.9078 95.45 654.95 0.9885 100.31 648.62 0.9370 89.06 649.08 0.9876 105.12 650.70 0.3458 74.97 651.76 0.9478 124.40 684.88 0.9982 54.14 686.41 0.9955 147.87 729.12 0.9910 19.67 719.95 0.9250 121.99 749.73 0.9849 4.74 703.85 0.9157 115.52 776.93 0.9974 67.64 778.28 0.9958 136.34 842.55 0.9962 62.26 846.07 0.9921 152.26 908.49 0.9885 58.37 912.29 0.9779
36 57.02 620.74 207.00 936.77 0.8829 151.56 653.04 0.9900 157.13 646.39 0.9566 144.54 646.54 0.9896 164.39 648.03 0.5071 131.60 648.33 0.9555 181.62 682.71 0.9983 114.94 683.47 0.9982 192.38 730.52 0.9903 96.84 726.69 0.9832 152.99 733.12 0.9880 78.38 709.37 0.9798 169.22 779.34 0.9970 125.63 778.30 0.9967 171.92 848.88 0.9932 128.23 844.79 0.9918 161.04 912.56 0.9741 117.91 910.22 0.9690
37 95.88 620.42 230.87 947.51 0.9046 153.80 653.49 0.9946 160.96 646.75 0.9967 150.92 646.78 0.8355 182.48 647.27 0.9885 149.62 649.08 0.0438 206.70 681.42 0.9989 148.14 684.13 0.9941 195.59 726.87 0.9954 135.92 726.43 0.8391 140.64 726.99 0.9928 113.51 721.57 0.8516 193.66 778.49 0.9978 152.03 778.99 0.9954 198.52 847.57 0.9978 152.38 848.84 0.9945 213.94 903.16 0.9928 161.41 919.61 0.9864
38 125.87 621.00 256.15 942.53 0.8968 170.33 658.72 0.9166 172.47 651.14 0.9467 169.92 651.92 0.1291 190.12 646.56 0.9673 186.24 651.05 0.0044 218.16 681.49 0.9963 201.21 679.32 0.9505 190.02 732.18 0.9930 189.17 714.82 0.5846 154.32 722.75 0.9851 162.74 696.79 0.6455 213.62 782.52 0.9977 194.21 779.34 0.9922 225.68 850.71 0.9985 178.53 843.85 0.9940 241.54 916.07 0.9952 174.68 914.91 0.9876
39 142.76 624.31 254.35 939.45 0.8985 158.11 663.89 0.6183 156.91 656.71 0.6912 156.95 657.13 0.0807 166.07 650.82 0.8991 175.01 652.65 0.0329 204.79 677.93 0.9955 193.14 675.99 0.9627 198.55 730.10 0.9948 187.27 709.17 0.7579 162.99 753.61 0.9887 165.71 697.74 0.7764 209.56 778.69 0.9972 198.08 775.43 0.9923 217.97 842.93 0.9965 190.24 843.55 0.9881 237.38 911.24 0.9876 201.70 907.55 0.9709
40 122.69 626.78 253.52 940.12 0.9109 138.49 666.94 0.7042 139.30 659.68 0.7774 137.09 661.45 0.1144 150.43 652.48 0.9051 150.97 656.56 0.0279 188.16 678.36 0.9954 169.35 680.57 0.8993 203.98 731.25 0.9895 176.00 717.58 0.3831 187.49 775.77 0.9637 158.65 714.45 0.3962 199.40 780.02 0.9962 183.43 780.12 0.9821 214.00 841.98 0.9965 182.74 842.68 0.9807 237.99 908.55 0.9916 198.48 908.45 0.9709
41 111.71 627.91 252.57 940.85 0.9144 128.95 667.22 0.7914 129.02 659.09 0.8873 127.41 660.71 0.1004 141.35 651.08 0.9591 144.91 656.68 0.0131 181.85 676.02 0.9967 162.51 684.26 0.8802 195.97 729.13 0.9915 171.64 739.14 0.2168 176.09 779.08 0.9677 165.81 784.54 0.2154 193.73 780.38 0.9961 176.86 782.79 0.9755 211.52 844.47 0.9973 177.48 848.56 0.9786 234.55 910.09 0.9944 199.57 908.60 0.9752
42 76.85 625.78 217.19 947.19 0.9078 110.81 663.75 0.9724 112.40 655.61 0.9794 108.56 657.41 0.2624 132.78 649.23 0.9824 122.73 656.41 0.0068 172.80 681.18 0.9978 141.78 689.43 0.9940 195.57 729.82 0.9951 139.91 734.60 0.9464 194.21 780.94 0.9939 105.86 731.21 0.9550 172.11 782.75 0.9984 157.08 783.44 0.9976 156.19 850.72 0.9983 171.12 848.01 0.9973 150.05 921.07 0.9905 201.33 908.43 0.9886
43 0.16 610.58 263.82 958.51 0.9462 81.43 641.63 0.9908 88.98 634.46 0.9949 79.08 635.82 0.7642 110.24 635.98 0.9856 80.96 640.31 0.0356 138.74 670.91 0.9980 76.61 674.24 0.9885 185.97 679.57 0.9901 32.42 669.34 0.7617 233.40 673.76 0.9840 0.73 656.74 0.7794 123.23 778.93 0.9966 88.56 778.98 0.9920 96.49 845.30 0.9958 82.01 846.99 0.9883 104.18 918.32 0.9857 140.90 891.55 0.9726
44 0.18 581.69 255.91 969.55 0.9122 60.78 626.52 0.9846 67.22 620.43 0.9801 51.53 621.43 0.9835 77.91 629.04 0.6421 37.72 630.69 0.8510 102.61 665.21 0.9978 20.56 660.65 0.7496 161.31 648.67 0.9932 0.00 630.61 0.1150 220.82 622.06 0.9778 0.00 602.86 0.1983 84.21 781.73 0.9913 31.33 780.35 0.8864 90.51 863.32 0.9786 7.66 859.15 0.6898 86.77 935.85 0.9485 0.00 936.88 0.6272
45 0.17 587.88 192.13 973.94 0.9330 41.41 615.99 0.9806 44.37 608.52 0.9041 30.65 609.91 0.9832 45.96 615.62 0.0694 7.14 618.51 0.8621 63.10 654.18 0.9921 0.00 658.44 0.1090 112.95 645.30 0.9817 0.00 655.76 0.0116 164.62 624.08 0.9545 8.53 634.88 0.0635 54.46 780.51 0.9584 11.25 783.54 0.3374 69.31 859.79 0.9478 3.61 867.43 0.2227 48.51 941.58 0.9094 3.46 942.25 0.2661
46 0.28 585.27 213.37 988.35 0.9336 73.90 615.68 0.9920 75.79 608.38 0.8652 64.34 609.42 0.9937 71.99 614.83 0.0238 36.61 616.54 0.9613 89.26 653.54 0.9963 15.64 657.78 0.5842 135.67 659.46 0.9837 0.00 681.58 0.0703 186.82 641.55 0.9633 0.00 750.87 0.1667 87.02 782.31 0.9857 38.42 784.52 0.7832 83.31 867.31 0.9788 25.87 872.40 0.6209 61.46 957.49 0.9455 0.00 940.79 0.5375
47 24.71 588.03 162.66 1003.45 0.9160 138.49 627.84 0.9925 141.21 619.09 0.6699 129.59 619.27 0.9962 135.26 620.53 0.0125 99.72 620.26 0.9912 140.39 668.79 0.9729 58.97 666.78 0.9985 144.70 728.58 0.3767 35.66 735.27 0.9839 147.91 781.29 0.4054 43.12 792.94 0.9600 133.31 790.96 0.9853 87.15 792.65 0.9965 107.03 877.68 0.9903 111.33 866.38 0.9979 59.27 949.61 0.9857 129.90 969.25 0.9952
48 80.22 573.20 259.75 1009.17 0.9164 213.85 620.46 0.9882 217.95 611.59 0.4672 207.08 609.97 0.9957 204.62 610.77 0.0057 177.62 605.53 0.9947 198.56 658.91 0.9486 131.24 654.47 0.9992 197.01 723.90 0.2036 91.95 717.91 0.9925 204.98 781.44 0.2009 105.82 783.11 0.9654 201.48 791.77 0.9802 151.98 795.38 0.9975 232.35 871.19 0.9779 141.33 881.79 0.9977 203.42 953.24 0.9718 128.18 974.49 0.9942
49 83.01 577.03 377.29 1002.54 0.9394 317.27 625.48 0.9826 320.90 618.41 0.5754 311.20 615.67 0.9888 302.02 617.38 0.0204 281.99 609.98 0.9859 306.30 654.09 0.9939 242.55 646.68 0.9987 331.64 679.52 0.9276 185.69 650.25 0.9939 354.44 676.86 0.9111 125.48 628.80 0.9887 307.39 791.43 0.9978 262.29 788.57 0.9988 316.10 878.70 0.9964 261.41 876.22 0.9981 297.17 971.48 0.9839 190.44 941.43 0.9896
50 274.74 469.45 494.34 1011.56 0.9241 415.80 629.33 0.9787 418.16 621.44 0.4476 410.15 620.06 0.9816 407.66 619.66 0.0094 384.43 615.67 0.9629 399.73 653.10 0.9872 354.50 645.87 0.9940 413.47 611.54 0.9527 337.09 602.42 0.9895 433.09 546.16 0.9751 354.78 527.21 0.9931 391.78 780.98 0.9978 374.23 780.58 0.9984 361.83 881.07 0.9982 416.94 872.94 0.9987 304.06 963.19 0.9916 440.28 974.91 0.9924
51 421.71 515.53 588.17 1016.87 0.9160 517.98 621.78 0.9691 523.33 614.13 0.4919 511.98 611.50 0.9836 517.38 611.59 0.0131 486.51 604.90 0.9633 499.41 636.36 0.8944 459.71 637.84 0.9948 494.89 582.98 0.3510 462.24 605.31 0.9885 510.18 527.41 0.4820 498.73 564.07 0.9789 504.87 777.29 0.9850 471.36 782.21 0.9969 540.32 872.41 0.9890 464.08 880.42 0.9982 530.53 968.46 0.9818 444.73 979.84 0.9949
52 518.79 554.86 678.09 1011.63 0.9022 638.21 618.59 0.9783 642.35 610.83 0.4895 631.64 609.61 0.9902 636.11 612.20 0.0098 608.13 607.20 0.9822 626.39 655.63 0.8837 586.54 642.12 0.9979 630.63 714.06 0.1973 557.79 644.61 0.9888 638.36 768.00 0.2985 581.76 600.95 0.9780 629.49 779.94 0.9800 600.30 777.19 0.9975 644.37 876.29 0.9913 629.18 868.73 0.9991 618.79 979.32 0.9909 547.12 937.73 0.9983
53 605.30 571.37 836.58 1021.83 0.9297 754.76 628.87 0.9604 756.63 619.51 0.1594 750.64 619.21 0.9827 737.91 614.32 0.0028 726.94 611.55 0.9904 726.46 657.70 0.8748 696.04 641.90 0.9981 726.23 696.00 0.1434 686.58 613.52 0.9825 741.14 733.50 0.1928 691.19 597.49 0.9480 725.68 786.45 0.9837 715.10 785.58 0.9982 693.69 881.81 0.9923 759.12 878.64 0.9992 632.16 965.78 0.9913 773.41 983.92 0.9982
54 753.26 468.96 940.93 1023.90 0.9180 865.93 625.09 0.9363 870.08 617.26 0.2134 865.67 614.66 0.9605 854.44 610.80 0.0103 845.25 600.69 0.9743 823.60 652.03 0.9561 805.79 618.85 0.9978 802.11 714.15 0.3984 820.03 565.52 0.9924 801.82 786.02 0.3198 859.78 494.83 0.9826 834.54 778.17 0.9902 810.08 776.34 0.9979 877.74 863.76 0.9858 798.02 884.22 0.9977 888.20 958.14 0.9715 781.30 990.09 0.9917
55 794.23 509.50 1084.87 1020.37 0.9336 993.94 650.36 0.8480 1000.10 644.39 0.2167 991.43 640.28 0.9071 985.35 638.83 0.0255 973.57 626.81 0.9328 948.24 667.18 0.9390 950.53 638.38 0.9957 900.16 725.74 0.7292 994.46 581.32 0.9961 868.84 754.33 0.7859 1034.94 545.61 0.9924 972.36 792.47 0.9954 947.56 789.06 0.9986 1012.20 878.11 0.9970 926.16 888.68 0.9992 1023.83 975.19 0.9956 825.01 956.64 0.9982
56 998.25 576.18 1172.01 1001.22 0.9111 1097.52 628.59 0.9785 1102.89 620.29 0.3154 1094.98 618.25 0.9916 1083.54 611.15 0.0048 1073.16 605.83 0.9924 1052.70 646.85 0.8856 1041.69 635.27 0.9984 1042.53 704.42 0.1402 1020.45 668.62 0.9866 1051.38 749.99 0.2186 1009.21 718.95 0.9591 1042.79 771.34 0.9648 1042.77 768.60 0.9958 1042.54 868.73 0.9797 1082.82 854.78 0.9979 1022.02 966.72 0.9784 1108.52 954.73 0.9958
57 1008.90 520.28 1271.77 1010.05 0.9369 1193.66 640.40 0.9750 1194.76 630.60 0.2239 1187.44 631.48 0.9803 1173.80 623.15 0.0030 1158.76 626.39 0.9824 1166.03 643.28 0.9926 1129.14 668.14 0.9972 1198.89 599.38 0.9633 1087.24 721.67 0.9951 1235.12 544.05 0.9803 1089.94 782.38 0.9941 1145.14 783.82 0.9987 1139.39 792.11 0.9991 1090.58 876.48 0.9985 1192.27 871.93 0.9989 1034.91 958.84 0.9914 1208.71 971.51 0.9923
58 1189.75 556.44 1316.06 1010.82 0.8930 1300.29 610.95 0.9819 1301.95 602.21 0.3369 1294.68 601.34 0.9910 1283.45 600.14 0.0042 1268.45 598.10 0.9885 1269.09 636.52 0.9591 1235.57 645.75 0.9979 1272.97 651.41 0.3871 1210.16 711.00 0.9909 1290.48 649.51 0.4521 1209.99 778.00 0.9749 1262.40 773.46 0.9862 1238.40 777.99 0.9967 1270.01 871.28 0.9866 1244.86 873.57 0.9973 1219.90 951.25 0.9690 1211.94 969.66 0.9897
59 1213.27 462.83 1484.97 1014.95 0.9377 1405.29 598.30 0.8972 1410.72 590.52 0.2936 1398.83 588.29 0.9595 1400.36 593.16 0.0177 1375.13 586.06 0.9654 1382.27 641.78 0.6632 1351.26 622.90 0.9975 1377.64 664.60 0.0720 1381.07 571.96 0.9864 1401.78 662.46 0.1121 1420.84 502.82 0.9447 1390.51 783.18 0.9757 1353.82 780.03 0.9984 1407.39 878.61 0.9896 1325.29 878.13 0.9994 1419.98 984.15 0.9936 1242.33 955.41 0.9992
60 1404.13 523.67 1673.85 1014.27 0.9307 1542.28 597.52 0.9013 1546.42 586.45 0.1528 1537.56 586.14 0.9275 1524.16 584.98 0.0078 1514.24 582.57 0.9531 1502.62 640.55 0.9346 1486.14 613.50 0.9941 1502.22 709.27 0.4849 1496.92 576.43 0.9759 1532.82 775.55 0.5059 1523.19 533.95 0.9622 1490.18 770.94 0.9918 1488.58 767.06 0.9973 1464.03 876.85 0.9966 1542.16 869.23 0.9990 1428.35 979.05 0.9937 1587.65 975.05 0.9971
61 1574.91 495.42 1711.64 1022.16 0.8922 1681.94 579.08 0.6788 1681.30 571.03 0.0762 1675.80 571.90 0.7234 1642.35 577.33 0.0276 1651.36 576.32 0.9419 1606.33 631.42 0.9915 1641.33 603.26 0.9938 1591.56 703.28 0.9791 1690.57 524.32 0.9838 1583.96 773.14 0.9663 1668.57 522.68 0.9656 1625.07 759.16 0.9976 1637.40 758.96 0.9978 1651.44 861.75 0.9959 1667.24 870.03 0.9963 1625.89 966.67 0.9820 1623.52 980.11 0.9798
62 1666.20 433.40 1918.70 1010.03 0.9401 1817.93 584.63 0.5997 1821.26 577.75 0.0668 1812.37 576.88 0.6761 1780.19 581.01 0.0360 1785.15 576.85 0.9343 1740.34 627.25 0.9922 1771.18 604.65 0.9947 1701.20 704.18 0.9878 1833.58 535.34 0.9937 1696.48 768.24 0.9851 1884.43 479.41 0.9887 1757.13 768.14 0.9993 1760.30 769.26 0.9994 1797.79 866.16 0.9994 1809.02 876.52 0.9995 1787.15 967.94 0.9983 1705.20 950.34 0.9983
63 1787.22 532.70 1985.94 1027.48 0.9111 1957.14 593.67 0.9608 1958.45 583.38 0.2007 1951.37 582.43 0.9778 1932.31 582.15 0.0034 1919.14 576.91 0.9830 1919.14 638.61 0.9476 1875.11 612.90 0.9974 1925.39 704.98 0.3150 1837.92 611.41 0.9633 1933.89 767.67 0.2717 1850.20 595.79 0.8992 1910.29 777.84 0.9877 1879.46 772.15 0.9971 1925.03 871.64 0.9934 1913.38 861.81 0.9986 1857.91 967.65 0.9909 1855.94 963.81 0.9969
64 1897.33 524.22 2047.94 1031.08 0.9142 2020.52 588.55 0.9760 2028.65 578.42 0.8076 2009.11 577.62 0.9946 2033.89 576.14 0.0682 1983.25 573.89 0.9857 2043.13 629.78 0.4181 1944.05 631.33 0.9981 2048.00 699.83 0.0169 1915.22 710.09 0.9928 2043.00 772.52 0.0398 1913.72 777.81 0.9604 2032.16 785.62 0.5741 1967.16 787.77 0.9775 2030.93 889.43 0.2552 1963.85 889.01 0.9361 2008.10 984.29 0.2318 1931.64 985.99 0.8386
65 1952.27 517.21 2047.90 1023.21 0.8329 2027.31 579.98 0.7001 2032.65 567.55 0.5084 2019.24 569.92 0.7333 2032.94 565.39 0.1394 2004.14 570.96 0.5134 2003.01 619.00 0.6991 1990.75 622.04 0.4624 1986.56 708.97 0.1795 1981.53 705.62 0.1047 2005.85 752.37 0.1264 2000.12 748.79 0.1040 2019.51 766.75 0.5444 2011.57 771.16 0.3975 2006.72 876.00 0.5142 2002.92 873.91 0.3554 2001.07 983.63 0.4584 1999.89 985.67 0.3319
66 1927.23 516.46 2047.98 1064.60 0.8792 1987.94 580.56 0.9531 1998.71 567.01 0.9641 1974.56 570.76 0.9614 2021.94 563.99 0.7469 1962.29 574.78 0.7062 2038.88 617.64 0.3369 1960.04 632.48 0.9876 2046.41 685.21 0.0197 1962.25 707.70 0.6631 2029.83 760.12 0.0307 1972.80 774.99 0.2297 2035.41 781.64 0.3493 1983.06 785.75 0.9048 2026.48 905.58 0.2125 1976.77 905.68 0.8325 2014.62 1023.25 0.2668 1976.02 1021.36 0.7815
67 1681.67 477.87 2048.00 1082.89 0.9263 1979.76 539.87 0.9818 1993.23 527.29 0.9829 1965.79 529.04 0.9858 2016.38 529.59 0.7969 1949.05 534.78 0.7725 2038.75 589.66 0.6162 1926.97 593.41 0.9977 2042.30 619.55 0.0467 1824.69 603.60 0.9814 2020.81 640.73 0.0829 1730.26 596.85 0.9203 2021.98 781.77 0.8428 1953.51 782.46 0.9907 2033.81 907.12 0.7318 1959.47 905.02 0.9843 2035.37 1029.27 0.7195 1975.17 1014.64 0.9675
68 1851.90 326.68 2047.90 1120.53 0.9082 1959.30 504.59 0.9755 1970.98 486.44 0.9819 1942.87 496.72 0.9501 2004.47 488.70 0.8245 1930.41 512.07 0.2931 2040.93 560.66 0.5629 1937.85 560.50 0.9929 2010.96 517.81 0.1021 1879.05 462.89 0.9817 1987.14 425.54 0.2388 1929.83 383.32 0.9611 2018.15 768.78 0.9102 1945.87 766.35 0.9926 2033.54 907.10 0.9215 1912.33 890.51 0.9948 2009.22 1061.05 0.9183 1965.44 1010.87 0.9910
69 1803.21 431.34 2048.00 1163.49 0.9203 1897.01 505.96 0.9847 1906.86 485.66 0.9897 1881.02 496.23 0.8762 1948.11 477.46 0.9317 1874.37 503.75 0.0619 2016.40 553.71 0.9113 1882.57 550.70 0.9937 2023.72 564.22 0.3844 1813.19 479.61 0.9752 1959.18 537.63 0.4193 1884.13 469.89 0.9490 1988.06 781.01 0.9791 1894.89 782.18 0.9957 2015.07 935.60 0.9522 1884.49 942.34 0.9925 2030.69 1090.05 0.8676 1890.11 1100.40 0.9681
70 1742.72 232.28 2047.99 1217.39 0.9205 1861.46 465.68 0.9971 1872.34 440.40 0.9982 1840.03 454.81 0.9773 1913.19 431.71 0.9739 1824.83 463.40 0.1857 1989.37 538.94 0.9960 1821.66 505.93 0.9985 2020.46 657.18 0.8382 1772.25 400.66 0.9839 2028.06 775.51 0.6806 1838.34 290.32 0.9811 1949.06 784.93 0.9981 1838.66 778.20 0.9990 1944.04 959.52 0.9957 1854.65 962.60 0.9983 1957.88 1148.71 0.9763 1900.76 1125.16 0.9887
71 1581.26 188.77 2048.00 1289.11 0.9480 1829.57 407.64 0.9835 1842.47 379.09 0.9865 1805.68 395.84 0.9156 1892.57 369.28 0.9642 1796.27 404.00 0.3072 2000.41 493.95 0.8823 1789.95 460.32 0.9948 2042.57 624.53 0.2717 1690.85 374.69 0.9605 2035.02 741.79 0.2716 1617.94 263.19 0.9243 1925.41 797.83 0.9676 1792.05 775.41 0.9938 1916.12 990.01 0.9717 1759.91 964.80 0.9931 1913.85 1171.06 0.9381 1830.67 1099.11 0.9789
72 1432.65 127.39 2047.45 1385.47 0.9259 1719.61 351.95 0.9927 1735.04 323.48 0.9915 1691.43 342.98 0.9702 1790.42 326.33 0.9481 1678.19 372.82 0.4909 1888.24 415.94 0.9175 1676.45 503.55 0.9969 2013.02 308.35 0.3502 1602.14 603.59 0.9834 2035.98 235.96 0.2272 1489.49 670.45 0.9489 1844.88 782.94 0.9934 1704.83 805.38 0.9988 1897.83 1035.27 0.9819 1687.10 1030.40 0.9967 1911.20 1191.05 0.9290 1708.84 1269.27 0.9786
73 1465.66 166.25 2048.00 1444.97 0.9380 1545.00 276.55 0.9816 1563.60 243.04 0.9837 1515.42 263.56 0.9272 1620.76 245.19 0.9514 1502.71 293.89 0.4579 1745.11 336.78 0.9821 1514.11 437.62 0.9720 1986.56 308.13 0.6846 1540.47 591.30 0.5349 2028.25 250.33 0.4170 1604.86 669.23 0.2829 1747.41 752.88 0.9809 1610.68 787.25 0.9780 1760.89 1050.04 0.9776 1638.85 1054.90 0.9728 1767.60 1340.94 0.9090 1718.76 1308.59 0.9101
74 1337.25 0.16 2048.00 1485.65 0.9606 1469.71 118.73 0.9943 1494.65 73.73 0.9860 1432.60 100.53 0.9554 1574.13 77.32 0.9486 1418.82 138.91 0.5774 1718.98 265.33 0.9964 1424.04 329.69 0.9973 1880.21 498.10 0.9122 1435.88 588.13 0.9444 2030.68 679.17 0.8508 1408.68 777.35 0.8773 1666.94 789.79 0.9900 1475.27 798.41 0.9922 1652.44 1169.39 0.9746 1436.51 1127.58 0.9753 1635.28 1444.42 0.7726 1551.22 1344.89 0.8052
75 937.20 6.97 1657.33 1487.46 0.9459 1239.72 6.43 0.5432 1276.12 0.00 0.2402 1206.51 0.00 0.0866 1384.27 0.00 0.4485 1202.04 26.01 0.0697 1474.06 183.49 0.9855 1161.29 256.68 0.9930 1458.66 437.06 0.9863 1066.74 557.84 0.9932 1318.89 763.21 0.9783 1015.88 811.62 0.9835 1429.63 860.26 0.9970 1193.68 877.00 0.9979 1513.67 1324.26 0.8342 1100.20 1318.86 0.8608 1582.97 1488.49 0.0778 1088.54 1500.00 0.1001
76 465.70 25.74 1310.57 1481.81 0.8875 803.38 38.06 0.0068 800.72 21.32 0.0038 809.84 24.39 0.0008 839.10 0.14 0.0208 945.29 0.00 0.0039 844.34 61.46 0.3964 1077.73 45.58 0.0521 750.91 325.11 0.8969 1061.67 321.42 0.2166 564.59 762.95 0.9103 644.91 724.54 0.3817 960.16 756.11 0.9482 1098.03 746.81 0.8714 945.71 1386.88 0.6662 1025.06 1383.15 0.4190 984.16 1500.00 0.0784 976.95 1500.00 0.0444
77 163.10 9.51 1198.75 1476.85 0.9266 588.79 80.12 0.0006 554.28 81.19 0.0001 624.91 72.44 0.0004 421.93 40.99 0.0011 676.88 19.27 0.0039 365.30 21.98 0.0081 766.80 0.00 0.0781 535.77 248.74 0.1055 930.62 229.50 0.8291 1008.61 542.91 0.1447 1095.27 561.54 0.7501 492.14 709.98 0.8680 736.42 705.70 0.9561 419.57 1365.83 0.3172 525.74 1358.01 0.5935 530.37 1370.28 0.0362 474.27 1423.83 0.0741
78 0.00 0.00 916.25 1480.02 0.9557 438.93 0.00 0.0009 397.57 0.00 0.0002 465.43 0.00 0.0007 208.19 0.00 0.0039 507.45 0.00 0.0171 81.41 26.91 0.0099 631.94 18.63 0.4061 38.50 433.29 0.0334 760.07 424.23 0.9269 99.10 735.12 0.0353 850.52 842.32 0.8296 183.43 795.40 0.7962 533.24 796.67 0.9691 244.57 1429.40 0.1658 466.06 1418.54 0.5815 376.34 1450.26 0.0131 419.84 1500.00 0.0472
79 0.23 5.66 681.74 1484.88 0.9675 325.22 122.26 0.0613 307.20 85.66 0.0158 346.49 109.94 0.0155 271.63 15.22 0.2979 460.15 79.31 0.3297 145.21 99.40 0.9453 572.64 225.36 0.9758 35.36 324.46 0.8708 632.38 551.99 0.9434 2.42 687.84 0.7171 612.24 799.38 0.7981 177.52 792.83 0.9867 471.28 829.96 0.9908 108.09 1292.97 0.7717 438.06 1279.50 0.8091 118.73 1461.81 0.1000 388.21 1490.78 0.1189
80 0.47 56.14 483.35 1486.75 0.9571 226.56 206.42 0.0627 212.75 183.03 0.0186 251.85 199.36 0.0135 161.45 188.20 0.7592 329.04 229.79 0.6768 73.31 294.60 0.9976 384.73 399.14 0.9985 25.76 439.69 0.9618 432.90 649.40 0.9677 19.01 708.17 0.7429 379.36 761.58 0.7127 103.98 819.41 0.9988 316.32 855.70 0.9989 134.76 1158.69 0.9908 331.29 1152.98 0.9899 185.95 1435.85 0.8539 359.13 1428.40 0.8500
81 0.40 201.60 404.98 1477.95 0.9532 201.06 321.25 0.1033 188.94 302.42 0.0479 215.82 309.09 0.0659 121.01 309.58 0.6377 253.90 322.29 0.6478 30.31 429.57 0.8186 292.35 428.92 0.9958 0.00 573.41 0.1164 376.01 560.76 0.9358 41.13 716.67 0.0306 345.78 737.77 0.5642 80.09 833.91 0.9772 239.25 825.91 0.9959 124.48 1144.48 0.9717 241.96 1057.93 0.9932 194.28 1387.51 0.9247 228.31 1290.31 0.9737
82 0.51 306.49 371.23 1338.18 0.9429 131.47 408.46 0.0617 127.55 390.47 0.0272 147.86 394.38 0.0342 102.43 394.25 0.7232 212.27 400.28 0.7241 45.05 488.15 0.9388 276.96 511.43 0.9985 0.00 635.96 0.2431 331.59 692.06 0.9836 25.86 731.35 0.0372 349.50 810.22 0.7609 92.29 820.45 0.9951 249.45 835.04 0.9992 60.00 1009.91 0.9851 207.37 1041.92 0.9972 80.01 1194.92 0.9492 188.29 1272.48 0.9813
83 0.25 385.82 262.44 1283.93 0.9382 91.66 470.06 0.0222 90.74 454.37 0.0132 98.75 455.28 0.0196 67.64 454.67 0.5956 156.31 457.34 0.6985 23.87 535.63 0.9302 198.56 536.16 0.9911 0.00 616.77 0.4562 243.04 591.78 0.9612 15.40 655.09 0.1434 197.36 529.20 0.6919 39.12 810.94 0.9899 159.05 811.04 0.9968 38.01 997.68 0.9872 178.71 996.44 0.9969 64.14 1174.93 0.9748 183.61 1185.08 0.9911
84 0.09 423.74 239.53 1230.71 0.9464 80.99 505.33 0.0247 75.04 491.68 0.0150 87.84 492.10 0.0433 31.28 491.37 0.6541 118.87 492.20 0.8982 0.00 562.10 0.7668 162.09 567.08 0.9984 0.00 674.09 0.0675 216.31 673.39 0.9903 11.62 774.34 0.0281 213.48 790.12 0.8305 20.92 807.28 0.9633 132.49 805.20 0.9976 26.74 983.58 0.9649 135.66 964.13 0.9982 61.62 1167.44 0.9715 135.94 1103.40 0.9974
85 0.23 466.52 246.50 1155.40 0.9441 88.06 534.45 0.0116 82.98 523.20 0.0078 90.47 525.15 0.0208 51.41 526.41 0.7814 125.57 529.78 0.9400 13.10 587.65 0.9374 175.67 601.29 0.9996 0.00 696.53 0.0938 221.68 712.01 0.9967 9.37 793.76 0.0169 226.54 801.56 0.8767 40.67 807.92 0.9845 154.20 816.62 0.9989 14.00 938.79 0.9464 131.87 959.39 0.9973 31.97 1070.62 0.9357 110.15 1105.70 0.9933
86 0.27 509.22 177.16 1136.46 0.9268 55.95 571.16 0.0481 53.34 559.74 0.0340 59.92 560.72 0.0432 38.48 562.81 0.6876 102.67 564.50 0.7251 7.73 620.75 0.9563 130.85 625.29 0.9954 0.00 657.82 0.4546 172.83 637.01 0.9853 21.11 728.72 0.1783 128.75 590.24 0.8930 37.02 812.13 0.9870 117.42 816.38 0.9961 23.23 933.98 0.9682 111.53 942.61 0.9930 27.13 1064.91 0.9345 108.40 1079.33 0.9785
87 0.25 520.13 192.49 1101.14 0.9380 55.44 579.48 0.0165 53.92 568.43 0.0096 59.50 569.68 0.0396 20.06 568.45 0.6090 85.60 572.73 0.9163 0.00 620.91 0.6864 115.88 637.13 0.9994 0.00 707.92 0.0200 154.67 729.45 0.9972 0.00 788.92 0.0098 175.91 795.15 0.9221 6.42 799.80 0.9376 94.10 803.82 0.9981 7.09 914.24 0.8668 98.33 907.68 0.9971 23.16 1055.28 0.9054 99.62 1017.09 0.9954
88 0.24 483.68 275.59 1055.88 0.9314 80.95 582.32 0.0152 75.48 573.23 0.0083 82.71 573.39 0.0236 33.07 578.14 0.6099 94.27 579.27 0.8418 15.34 613.83 0.9049 124.18 627.71 0.9990 1.35 562.67 0.1390 189.60 591.81 0.9982 0.00 518.08 0.0510 241.05 536.50 0.9695 34.31 782.34 0.9914 106.08 789.63 0.9992 10.43 882.79 0.9451 97.39 907.23 0.9965 13.09 988.61 0.9079 90.63 1016.10 0.9884
89 0.22 492.94 129.30 1042.09 0.9148 60.51 597.18 0.0288 56.11 589.13 0.0153 63.11 589.36 0.0174 27.53 599.71 0.4173 79.04 597.76 0.4236 15.96 639.45 0.9765 100.31 640.31 0.9885 13.74 548.92 0.8848 104.02 560.48 0.9864 40.39 506.10 0.7788 82.59 537.08 0.9667 29.27 785.82 0.9983 92.20 786.35 0.9988 13.19 890.37 0.9954 87.64 892.26 0.9971 12.23 992.39 0.9806 92.01 987.37 0.9866
90 0.16 515.00 164.66 1013.67 0.9316 51.05 603.99 0.0272 49.24 596.12 0.0108 51.60 596.35 0.0556 4.32 602.25 0.1823 54.31 604.55 0.6644 0.00 638.64 0.2158 73.99 645.76 0.9935 22.70 601.65 0.0167 120.80 608.53 0.9949 52.06 553.52 0.0323 139.86 558.36 0.9659 5.03 780.54 0.8768 58.79 782.37 0.9953 10.39 878.41 0.8117 52.36 877.32 0.9950 23.06 972.80 0.8575 54.20 963.32 0.9916
91 0.00 575.57 118.46 1000.70 0.9243 49.36 617.54 0.0302 43.88 609.15 0.0231 47.20 609.86 0.0601 12.75 612.23 0.4928 58.72 613.49 0.8355 3.94 658.42 0.4420 91.78 663.39 0.9952 0.00 718.42 0.0176 94.89 730.49 0.9218 9.05 750.63 0.0073 70.19 753.63 0.3132 6.81 790.35 0.6711 67.87 791.01 0.9779 3.06 870.87 0.3290 51.53 878.49 0.9271 9.45 948.08 0.3982 40.31 968.24 0.8894
92 0.11 594.49 127.31 997.71 0.9232 28.24 633.38 0.0612 25.45 626.36 0.0154 28.03 626.27 0.1249 0.81 627.36 0.0617 27.57 627.12 0.6958 0.00 659.54 0.1143 47.45 660.41 0.9840 38.95 703.10 0.0096 87.72 700.34 0.9832 80.52 746.55 0.0175 104.28 748.94 0.8933 3.44 788.54 0.4573 39.34 788.44 0.9611 7.55 867.10 0.2489 39.10 873.84 0.9374 18.91 956.62 0.3282 37.77 966.91 0.9000
93 0.00 600.07 56.44 971.35 0.8678 13.10 635.53 0.0607 11.73 629.36 0.0209 11.75 629.56 0.0905 0.75 631.60 0.0480 12.02 630.88 0.3996 8.99 661.97 0.0847 27.46 661.52 0.9298 28.32 709.13 0.0199 39.98 706.96 0.9527 41.14 755.59 0.0398 43.13 756.69 0.8455 0.39 777.59 0.2833 14.60 775.76 0.8560 0.60 858.32 0.1101 11.34 857.40 0.7174 4.62 938.43 0.1082 6.47 939.30 0.5565
94 0.00 612.49 72.35 967.85 0.8674 39.60 658.75 0.3316 39.77 650.92 0.0566 39.23 651.02 0.3821 17.17 644.49 0.0175 31.53 646.54 0.5591 9.18 665.07 0.3654 20.53 679.73 0.7654 22.32 661.69 0.1072 16.76 713.13 0.5812 49.69 650.82 0.1458 29.22 701.06 0.4589 0.00 779.45 0.3560 5.99 784.74 0.5722 2.43 853.70 0.1714 9.92 853.09 0.3496 0.00 934.62 0.1103 0.00 936.30 0.1991
95 0.00 591.07 87.77 970.28 0.8736 52.68 658.12 0.8579 56.48 651.17 0.2788 50.01 648.51 0.8540 40.88 647.27 0.0102 29.14 640.68 0.7298 28.44 671.88 0.8887 12.93 670.25 0.4069 77.24 652.75 0.8634 55.02 659.94 0.1675 73.13 611.84 0.8858 69.05 612.98 0.3542 13.61 783.29 0.6876 2.10 782.33 0.3499 7.83 852.89 0.4488 6.63 849.04 0.1386 0.36 926.12 0.2084 0.00 927.81 0.0643
96 0.12 615.60 174.42 949.30 0.9280 67.30 655.80 0.9188 70.89 649.06 0.2954 64.59 647.34 0.9262 51.19 646.10 0.0103 45.68 641.66 0.9062 42.35 674.05 0.9776 12.91 673.08 0.7107 97.26 677.33 0.9223 5.35 699.46 0.2138 148.03 658.09 0.8861 18.48 714.95 0.3046 23.15 779.92 0.9501 10.60 780.33 0.7880 24.89 843.25 0.9154 38.28 840.56 0.6297 14.17 919.80 0.7951 41.61 919.84 0.4490
97 0.00 622.66 184.46 944.55 0.9354 145.64 654.64 0.9590 146.03 648.36 0.1987 140.77 648.02 0.9668 124.60 649.06 0.0058 119.57 647.87 0.9776 111.80 686.29 0.9909 95.54 681.50 0.9964 120.98 736.03 0.9560 64.06 729.19 0.9934 160.15 771.47 0.9639 43.75 776.58 0.9923 93.29 782.89 0.9962 93.24 781.09 0.9973 71.81 852.03 0.9911 130.72 842.53 0.9937 8.72 908.90 0.9485 122.71 916.13 0.9541
98 92.28 625.96 309.94 934.86 0.9246 214.57 657.58 0.9435 215.13 651.08 0.2456 210.74 650.74 0.9548 186.39 651.57 0.0312 194.37 651.33 0.9878 161.50 684.60 0.9982 185.19 685.93 0.9988 130.53 728.70 0.9860 230.96 719.26 0.9961 110.83 771.09 0.9760 284.50 718.64 0.9918 172.59 778.29 0.9987 172.59 781.33 0.9989 207.53 836.81 0.9966 155.17 847.37 0.9975 235.78 902.13 0.9858 120.96 912.57 0.9868
99 224.69 629.57 344.32 924.99 0.9100 291.45 656.67 0.9311 292.41 650.70 0.1468 286.90 650.65 0.9660 264.96 651.99 0.0070 270.67 653.19 0.9867 249.59 681.84 0.9186 261.78 687.23 0.9983 268.23 726.40 0.2079 284.49 737.03 0.9930 295.18 756.16 0.2810 319.39 766.95 0.9783 255.73 771.56 0.9732 264.30 774.79 0.9961 277.63 833.54 0.9812 296.19 830.75 0.9980 249.79 896.55 0.9806 255.13 889.14 0.9963
100 251.92 638.13 431.64 921.41 0.9284 376.02 663.82 0.9252 374.66 658.57 0.1642 371.97 658.31 0.9272 358.82 661.30 0.0097 357.40 660.09 0.9623 359.00 692.42 0.9946 341.74 689.80 0.9970 388.37 704.74 0.9836 305.51 720.17 0.9956 413.72 675.59 0.9878 270.37 755.26 0.9954 354.40 779.34 0.9986 353.05 776.95 0.9989 341.77 840.35 0.9979 377.86 830.69 0.9982 285.66 890.80 0.9887 387.08 897.21 0.9889
101 368.63 607.32 502.87 918.67 0.8958 443.16 667.08 0.8089 443.21 661.31 0.0973 440.98 660.99 0.8089 425.68 660.77 0.0133 428.62 661.00 0.9240 416.60 678.23 0.9900 413.65 694.30 0.9960 432.92 653.31 0.9553 432.82 732.66 0.9955 435.33 628.00 0.9646 462.28 763.59 0.9939 424.55 768.12 0.9982 415.54 773.91 0.9987 441.62 829.63 0.9979 409.40 830.47 0.9987 464.36 885.84 0.9932 385.81 890.80 0.9947
102 457.95 597.31 585.16 907.67 0.8894 510.72 672.46 0.7609 509.57 667.06 0.1399 508.46 667.41 0.7611 491.03 665.22 0.0353 495.76 665.91 0.9056 478.26 678.59 0.9874 491.20 683.73 0.9922 496.90 649.13 0.9665 528.23 675.17 0.9918 506.23 625.49 0.9746 568.23 659.93 0.9921 478.06 761.19 0.9960 486.06 763.74 0.9968 498.82 814.44 0.9924 516.59 814.05 0.9946 474.26 875.74 0.9699 487.77 866.69 0.9750
103 483.32 609.02 648.20 906.57 0.9126 577.24 674.61 0.8674 578.40 669.49 0.2496 574.07 669.17 0.8692 567.70 670.01 0.0340 561.19 667.86 0.9145 560.15 697.44 0.9877 546.41 686.99 0.9946 592.81 707.42 0.9466 557.60 666.71 0.9905 624.36 692.06 0.9493 553.84 627.98 0.9890 551.97 773.96 0.9974 549.28 772.48 0.9982 541.92 831.67 0.9969 580.53 825.30 0.9980 499.54 876.63 0.9903 578.35 881.24 0.9924
104 568.35 607.78 657.78 895.85 0.8600 617.74 669.39 0.2523 616.65 666.01 0.0382 615.74 664.99 0.2832 596.16 671.27 0.1040 607.99 668.69 0.8669 584.10 697.86 0.9723 608.31 686.64 0.9957 585.93 706.69 0.6339 633.97 662.76 0.9798 601.80 668.27 0.3470 636.42 631.00 0.8803 598.65 766.83 0.9946 608.81 764.48 0.9979 619.96 820.30 0.9874 607.98 820.48 0.9961 633.00 870.01 0.9758 584.53 871.57 0.9896
105 623.50 653.33 722.16 893.90 0.8751 665.94 674.61 0.6560 665.55 670.28 0.1081 662.96 669.96 0.7580 645.27 672.64 0.0620 654.12 672.42 0.9547 633.24 697.50 0.9397 658.29 696.39 0.9976 651.36 723.92 0.2911 680.63 718.14 0.9887 676.15 733.32 0.2367 709.19 729.54 0.9489 638.63 767.23 0.9818 657.79 766.85 0.9966 650.06 816.58 0.9770 679.68 812.56 0.9968 640.24 868.53 0.9731 661.36 861.16 0.9938
106 649.20 658.64 755.46 891.72 0.8842 726.90 681.37 0.9482 726.72 676.36 0.4141 721.87 677.14 0.9760 716.87 677.55 0.0259 709.36 679.05 0.9800 710.22 704.13 0.8892 703.62 705.39 0.9972 707.29 737.65 0.1978 690.81 741.55 0.9823 721.08 767.57 0.2658 692.37 779.29 0.9474 713.31 773.94 0.9576 712.70 775.32 0.9937 708.12 824.15 0.9667 731.56 820.92 0.9959 667.54 861.64 0.9712 723.27 869.40 0.9938
107 695.69 658.11 829.20 886.77 0.9005 773.46 683.07 0.9785 775.22 678.26 0.6707 769.23 678.25 0.9878 772.37 679.33 0.0411 755.64 678.01 0.9761 765.95 706.11 0.9719 741.08 702.36 0.9976 765.45 738.57 0.5825 719.84 729.84 0.9897 776.10 763.16 0.6246 707.73 760.69 0.9800 764.62 771.69 0.9880 745.45 772.44 0.9963 780.14 818.38 0.9900 743.83 820.97 0.9974 795.60 862.26 0.9866 726.14 868.74 0.9947
108 768.09 658.46 858.85 887.75 0.8777 814.50 681.31 0.9877 817.65 676.52 0.9091 809.84 676.62 0.9886 821.32 677.67 0.2583 799.58 676.69 0.9621 826.22 703.39 0.9965 788.40 702.54 0.9976 835.13 736.54 0.9753 777.13 734.69 0.9881 845.88 764.09 0.9756 778.06 766.85 0.9868 828.23 766.20 0.9954 803.05 766.74 0.9958 835.19 817.04 0.9922 817.18 816.17 0.9931 822.02 866.20 0.9772 784.12 854.56 0.9784
109 791.41 659.08 926.44 899.34 0.9053 854.96 681.80 0.9882 858.42 676.85 0.9213 849.82 677.01 0.9879 863.46 678.13 0.2930 840.01 678.16 0.9520 873.18 706.38 0.9968 826.12 705.26 0.9974 888.05 733.06 0.9788 810.23 733.93 0.9846 906.23 737.75 0.9804 800.58 764.76 0.9839 866.72 772.40 0.9969 842.38 773.46 0.9971 854.40 822.11 0.9962 864.31 822.61 0.9964 827.08 860.45 0.9896 870.51 877.55 0.9893
110 858.38 653.01 952.32 901.20 0.8893 896.12 674.49 0.9767 899.43 669.64 0.8998 890.53 670.17 0.9816 904.23 671.70 0.3212 880.23 672.22 0.9291 909.70 699.82 0.9827 872.52 695.22 0.9962 917.82 733.74 0.7714 874.55 703.99 0.9788 924.78 772.42 0.7564 899.81 689.05 0.9677 908.17 771.43 0.9888 880.50 771.84 0.9947 918.82 825.81 0.9887 876.90 825.63 0.9953 927.59 877.14 0.9831 874.02 877.57 0.9910
111 900.59 639.20 972.14 904.87 0.8684 945.71 672.55 0.9733 948.14 667.61 0.8342 939.50 668.57 0.9830 950.95 670.90 0.1457 928.14 671.66 0.9392 953.43 700.80 0.9340 925.07 689.75 0.9950 956.89 732.85 0.4346 915.09 671.26 0.9756 964.80 769.82 0.5005 924.14 651.75 0.9618 955.44 767.85 0.9684 935.06 766.07 0.9917 961.00 822.89 0.9744 946.10 820.17 0.9943 947.57 879.18 0.9726 915.22 869.57 0.9909
112 939.42 646.84 1015.69 920.28 0.8752 988.77 676.67 0.9709 991.18 671.21 0.7898 983.25 671.38 0.9769 992.80 672.21 0.1101 971.12 671.96 0.9268 997.82 700.36 0.9702 958.41 693.74 0.9890 997.22 717.27 0.7180 942.13 688.00 0.9212 984.12 688.98 0.7437 955.04 662.27 0.9085 996.26 770.16 0.9844 973.46 770.35 0.9906 992.58 833.90 0.9914 994.60 831.12 0.9951 957.30 872.93 0.9894 998.52 893.94 0.9925
113 984.10 582.89 1104.11 920.17 0.9057 1033.81 670.06 0.9791 1037.01 664.58 0.8086 1028.08 664.66 0.9898 1038.04 666.66 0.1098 1014.22 665.70 0.9732 1035.05 700.16 0.9300 1001.29 686.32 0.9981 1040.28 728.40 0.2937 1000.43 661.65 0.9906 1042.59 750.17 0.3767 1021.38 616.92 0.9806 1039.42 777.38 0.9728 1012.11 775.87 0.9960 1058.08 834.22 0.9802 1004.43 837.20 0.9977 1068.78 893.51 0.9841 1001.10 896.40 0.9967
114 1023.53 637.14 1156.24 925.20 0.9172 1073.84 666.42 0.9908 1078.10 660.89 0.9330 1068.25 660.49 0.9913 1081.98 661.36 0.3059 1055.71 660.04 0.9637 1088.60 690.08 0.9974 1042.13 691.49 0.9979 1113.60 715.27 0.9820 1034.42 728.54 0.9904 1138.82 728.11 0.9813 1049.50 762.06 0.9889 1085.19 771.22 0.9963 1055.88 772.41 0.9966 1089.71 834.77 0.9924 1061.33 831.96 0.9931 1076.89 898.23 0.9726 1046.66 894.88 0.9733
115 996.44 605.17 1164.47 935.72 0.9232 1070.96 668.88 0.9923 1076.59 663.07 0.9827 1065.59 663.44 0.9723 1086.83 660.64 0.8390 1058.12 663.04 0.6553 1100.96 679.88 0.9978 1052.30 693.58 0.9981 1127.69 663.87 0.9851 1039.40 723.98 0.9924 1146.95 632.01 0.9857 1016.69 746.46 0.9914 1100.32 774.97 0.9979 1072.00 779.33 0.9981 1091.34 844.51 0.9961 1076.75 843.34 0.9968 1076.71 898.25 0.9842 1081.78 907.15 0.9865
116 985.70 622.76 1219.86 941.35 0.9338 1056.39 660.69 0.9934 1061.07 653.04 0.9940 1050.49 654.93 0.9449 1075.13 647.19 0.9639 1046.66 654.06 0.2813 1101.79 666.52 0.9982 1046.95 684.16 0.9978 1149.55 664.33 0.9914 1034.12 722.62 0.9881 1193.65 643.88 0.9917 1006.92 748.32 0.9867 1100.42 770.08 0.9975 1065.10 777.68 0.9974 1117.07 844.21 0.9935 1073.58 848.08 0.9938 1133.69 910.98 0.9694 1086.68 919.04 0.9729
117 987.34 624.06 1247.59 963.77 0.9341 1058.63 662.22 0.9937 1063.80 654.74 0.9952 1053.87 656.98 0.9023 1079.67 649.02 0.9793 1052.16 657.20 0.1204 1109.08 673.77 0.9988 1052.57 687.32 0.9978 1161.07 682.76 0.9948 1035.59 715.97 0.9787 1218.03 675.60 0.9945 1006.79 730.17 0.9789 1103.50 775.68 0.9989 1068.57 780.17 0.9986 1109.80 850.85 0.9987 1070.88 853.04 0.9984 1128.33 927.35 0.9952 1085.13 907.93 0.9948
118 936.35 617.12 1198.34 964.71 0.9358 1016.35 657.46 0.9827 1020.22 648.23 0.9915 1012.01 651.73 0.6660 1038.51 639.58 0.9823 1016.54 650.59 0.0338 1077.69 664.72 0.9987 1031.33 683.89 0.9627 1125.17 667.01 0.9938 1043.51 725.09 0.3837 1171.16 651.45 0.9822 1033.79 755.79 0.3620 1076.51 782.41 0.9979 1038.31 786.50 0.9894 1099.30 861.34 0.9979 1009.26 855.82 0.9867 1120.87 936.15 0.9945 983.75 927.39 0.9798
119 909.83 602.68 1047.35 966.09 0.9030 925.01 640.58 0.9803 929.35 632.29 0.9895 921.18 634.11 0.4625 950.15 628.59 0.9812 927.31 635.22 0.0100 973.24 663.45 0.9976 943.48 674.44 0.9613 1004.42 702.44 0.9889 952.28 732.92 0.4654 1013.03 753.45 0.9777 937.10 779.79 0.5253 967.95 778.26 0.9975 944.71 782.27 0.9903 964.87 851.26 0.9988 935.31 859.38 0.9947 1023.53 911.60 0.9972 948.45 937.69 0.9919
120 786.89 596.84 967.10 982.92 0.9214 851.61 623.97 0.9923 860.70 617.72 0.9944 850.75 617.11 0.7395 881.83 626.29 0.9829 853.66 624.74 0.0250 896.06 672.42 0.9978 859.83 671.64 0.9906 907.96 733.29 0.9919 862.04 728.95 0.8483 896.75 792.76 0.9917 842.99 755.32 0.8984 878.74 788.34 0.9980 864.95 786.14 0.9961 841.44 864.49 0.9991 898.43 864.57 0.9978 831.44 948.66 0.9968 943.92 934.15 0.9944
121 685.06 583.14 847.14 984.34 0.9235 780.40 605.17 0.9806 789.70 600.57 0.9902 778.27 599.50 0.7545 807.40 614.44 0.9757 777.84 611.77 0.0686 821.36 662.82 0.9983 774.97 660.75 0.9583 831.83 726.81 0.9942 774.77 725.18 0.4142 802.70 779.46 0.9862 762.47 778.06 0.4708 809.69 787.94 0.9978 773.69 784.71 0.9886 813.91 874.01 0.9989 748.33 865.98 0.9921 828.64 955.96 0.9976 740.11 949.54 0.9901
122 605.48 582.30 845.69 996.31 0.9299 710.80 624.08 0.1585 711.55 616.84 0.1171 710.34 616.89 0.0842 700.17 616.39 0.8521 729.27 616.67 0.7665 689.92 660.29 0.9992 746.03 659.61 0.9991 652.47 721.97 0.9976 787.50 717.91 0.9971 621.58 775.05 0.9905 825.26 766.83 0.9893 700.30 788.56 0.9998 734.24 786.63 0.9998 693.38 877.24 0.9995 742.52 869.35 0.9995 695.43 963.19 0.9975 761.99 948.15 0.9975
123 522.30 559.73 860.25 998.15 0.9381 689.94 616.27 0.2736 691.91 610.44 0.2714 690.19 609.65 0.0970 687.02 611.33 0.9115 716.13 612.45 0.5603 678.41 641.03 0.9986 735.39 645.79 0.9982 605.28 627.15 0.9960 800.00 644.42 0.9933 553.83 591.55 0.9829 839.17 624.61 0.9742 703.53 779.23 0.9996 726.06 779.41 0.9996 700.86 877.16 0.9990 718.66 874.26 0.9990 704.37 964.33 0.9957 708.03 965.66 0.9957
124 637.14 495.69 806.58 1005.33 0.9286 730.56 597.52 0.9931 731.28 590.39 0.8755 718.18 593.11 0.9946 732.11 600.31 0.0618 697.00 607.09 0.9770 748.65 638.03 0.9967 686.56 641.47 0.9980 786.92 599.38 0.9785 653.08 593.18 0.9915 798.06 536.23 0.9819 659.67 524.54 0.9920 751.82 774.42 0.9987 711.03 777.14 0.9989 744.61 873.22 0.9984 705.99 870.62 0.9986 730.65 958.97 0.9931 689.33 965.15 0.9935
125 656.52 556.85 800.89 1020.75 0.9152 743.62 617.46 0.9802 749.54 609.97 0.7934 736.32 608.15 0.9836 750.85 609.05 0.0698 715.09 604.12 0.9460 755.81 637.14 0.9922 690.16 636.15 0.9947 786.87 590.92 0.9683 675.44 596.72 0.9834 750.15 568.11 0.9745 684.06 572.83 0.9850 751.47 776.43 0.9977 707.95 778.76 0.9980 764.15 876.48 0.9977 711.64 881.11 0.9981 738.94 949.32 0.9921 707.15 983.56 0.9923
126 683.50 461.52 880.70 1024.17 0.9218 771.49 614.69 0.9892 777.53 605.65 0.8827 762.51 605.60 0.9911 781.46 605.05 0.0751 739.73 603.32 0.9483 786.79 640.01 0.9941 715.35 633.94 0.9959 827.13 598.02 0.9830 704.35 576.80 0.9899 863.79 535.60 0.9881 719.31 508.57 0.9922 774.62 785.38 0.9987 723.81 786.98 0.9989 798.94 885.54 0.9984 712.26 891.96 0.9986 815.70 983.89 0.9935 710.95 984.08 0.9934
127 641.72 542.45 978.52 1047.22 0.9419 858.81 591.57 0.9982 865.08 582.84 0.9299 849.02 581.09 0.9989 864.38 586.74 0.0548 821.83 581.10 0.9955 873.75 645.76 0.9993 786.06 636.16 0.9997 900.27 706.29 0.9895 728.25 691.41 0.9983 941.22 749.45 0.9892 674.28 733.20 0.9978 856.17 791.03 0.9995 803.69 787.44 0.9996 849.25 901.08 0.9993 813.21 888.86 0.9995 826.33 1000.93 0.9958 785.75 998.60 0.9963
128 815.23 522.55 974.13 1087.10 0.9220 923.86 570.36 0.9974 926.71 559.72 0.8909 910.51 561.00 0.9981 928.17 564.64 0.0400 881.44 569.55 0.9924 943.41 628.20 0.9986 850.95 639.16 0.9993 949.63 694.11 0.9776 832.49 729.74 0.9967 949.48 759.34 0.9830 833.73 809.82 0.9968 931.27 786.67 0.9991 878.26 794.84 0.9993 921.23 905.35 0.9993 914.82 900.52 0.9995 848.43 963.14 0.9970 925.07 1040.39 0.9975
129 890.29 492.60 1189.12 1097.62 0.9340 1028.78 542.72 0.9909 1032.94 531.72 0.7386 1016.78 531.67 0.9960 1023.65 539.80 0.0262 981.48 539.96 0.9905 1029.73 613.65 0.9648 945.46 614.79 0.9990 1026.75 703.80 0.3339 914.80 698.03 0.9916 1033.72 773.93 0.3243 944.20 736.74 0.9710 1033.31 800.28 0.9900 967.65 805.22 0.9984 1065.11 923.39 0.9923 941.05 930.03 0.9989 1103.97 1046.83 0.9872 923.11 1046.30 0.9967
130 1041.30 452.29 1289.53 1134.57 0.9356 1175.10 508.62 0.9974 1178.31 496.76 0.7975 1161.15 495.94 0.9981 1173.21 505.64 0.0086 1120.27 503.20 0.9928 1181.63 591.29 0.9986 1083.95 589.20 0.9991 1196.96 695.12 0.9933 1058.21 702.82 0.9971 1248.41 768.14 0.9961 1065.47 802.41 0.9980 1180.42 779.30 0.9990 1120.24 783.12 0.9991 1177.47 919.49 0.9988 1170.21 917.89 0.9989 1117.15 1060.75 0.9894 1119.58 1063.22 0.9891
131 1149.91 414.10 1494.07 1188.77 0.9480 1344.59 483.51 0.9972 1344.94 469.50 0.6407 1329.34 468.87 0.9979 1334.14 476.51 0.0041 1282.89 475.62 0.9955 1341.54 572.91 0.9989 1241.70 573.62 0.9994 1367.81 686.09 0.9936 1214.78 701.06 0.9987 1443.64 751.81 0.9967 1231.13 812.40 0.9991 1340.54 785.22 0.9995 1287.99 795.21 0.9996 1320.69 941.76 0.9994 1365.62 948.56 0.9996 1195.98 1028.18 0.9943 1341.90 1126.18 0.9949
132 1315.03 386.30 1778.81 1191.51 0.9344 1554.54 459.43 0.9919 1556.95 445.96 0.3266 1540.46 443.67 0.9971 1520.66 452.68 0.0013 1488.40 447.23 0.9958 1501.29 539.24 0.9406 1440.32 532.71 0.9991 1490.64 651.25 0.2263 1469.81 633.55 0.9945 1577.27 694.18 0.2598 1603.14 662.28 0.9757 1518.11 793.25 0.9935 1453.25 799.07 0.9991 1584.44 961.68 0.9951 1418.11 972.33 0.9994 1663.77 1124.77 0.9894 1346.66 1118.44 0.9975
133 1573.18 334.06 1962.46 1218.73 0.9199 1796.64 423.98 0.9985 1802.44 408.02 0.6074 1777.97 404.91 0.9994 1773.34 413.81 0.0016 1719.23 406.93 0.9985 1737.19 526.23 0.9872 1658.14 495.86 0.9994 1727.19 649.05 0.4411 1600.07 632.85 0.9945 1766.15 678.42 0.5759 1736.92 670.99 0.9910 1713.16 758.07 0.9912 1672.47 742.97 0.9975 1746.11 957.92 0.9976 1847.73 833.79 0.9995 1714.66 1152.36 0.9930 1858.84 1055.18 0.9981
134 1681.89 256.02 2048.00 1234.65 0.9251 2048.00 390.18 0.1723 2048.00 374.94 0.0239 2048.00 371.57 0.2408 2019.79 373.38 0.0248 2002.56 364.55 0.6339 2023.26 480.41 0.4437 1927.41 428.18 0.9539 2000.34 634.55 0.1473 1882.21 560.48 0.9162 2018.33 634.73 0.0815 2024.62 469.13 0.6741 1938.79 750.53 0.8644 1891.15 712.71 0.9638 1927.46 1001.34 0.7868 1984.39 842.03 0.9241 1742.93 1153.43 0.5935 1870.29 1021.28 0.7926
135 1836.53 5.86 2047.91 987.37 0.3263 2039.80 46.84 0.0031 2042.88 29.78 0.0014 2046.52 30.75 0.0008 2048.00 35.27 0.0060 2048.00 38.38 0.0021 2039.93 107.13 0.0217 2041.23 110.59 0.0322 1933.68 205.90 0.3847 1936.17 196.94 0.5018 1883.49 277.15 0.7118 1878.57 279.04 0.7926 2040.74 395.68 0.0168 2042.43 398.55 0.0211 2033.82 482.37 0.0152 2031.53 478.92 0.0180 2030.73 696.69 0.0064 2033.93 688.07 0.0077
138 1647.34 0.00 2048.00 1272.31 0.9415 1824.13 130.89 0.8381 1806.73 95.89 0.9416 1812.20 117.51 0.2244 1859.78 16.03 0.9217 1899.39 70.86 0.0145 1988.74 28.10 0.9312 1978.26 78.18 0.2415 1968.78 124.20 0.9262 1937.54 179.10 0.0913 1723.08 200.66 0.9486 1725.16 197.02 0.2827 2012.52 482.83 0.8847 2001.75 488.77 0.6169 1953.46 796.24 0.8930 1988.47 819.42 0.6574 2000.19 1180.85 0.5406 2012.96 1160.35 0.3240
139 1293.66 287.05 1971.46 1410.88 0.9343 1505.19 386.92 0.4055 1503.76 366.97 0.4631 1513.87 369.72 0.0339 1527.62 359.51 0.9688 1612.19 358.67 0.1324 1546.16 440.31 0.9994 1665.22 443.44 0.9516 1625.51 574.07 0.9950 1689.90 599.38 0.4525 1673.25 766.35 0.9819 1664.10 767.07 0.3952 1595.06 788.95 0.9993 1717.80 800.33 0.9955 1463.85 982.56 0.9989 1732.51 1061.93 0.9934 1416.01 1222.94 0.9917 1881.63 1277.04 0.9707
140 1103.36 342.67 1450.05 1251.46 0.9277 1272.53 417.72 0.0555 1273.39 402.81 0.0558 1277.91 403.76 0.0106 1278.72 408.13 0.9533 1349.90 413.02 0.6689 1255.86 499.43 0.9998 1398.75 516.94 0.9997 1195.71 628.72 0.9987 1427.56 674.92 0.9959 1139.02 727.27 0.9849 1407.64 780.99 0.9615 1281.34 777.24 0.9999 1372.82 780.83 0.9999 1283.62 972.02 0.9995 1343.18 957.79 0.9993 1334.33 1178.27 0.9932 1355.77 1140.98 0.9919
141 969.44 437.29 1346.49 1213.15 0.9387 1176.78 503.06 0.0811 1177.16 490.95 0.0771 1181.91 491.56 0.0197 1167.36 497.27 0.9405 1226.38 502.83 0.6208 1123.34 576.12 0.9994 1260.55 592.94 0.9994 1062.62 655.10 0.9950 1291.72 711.02 0.9951 998.42 685.73 0.9499 1319.08 791.10 0.9497 1150.14 794.84 0.9998 1226.04 800.28 0.9998 1147.98 951.33 0.9995 1170.06 950.21 0.9995 1241.54 1081.53 0.9973 1146.84 1083.25 0.9972
142 975.81 481.02 1199.04 1133.51 0.9215 1096.77 535.62 0.0088 1093.23 524.72 0.0072 1096.78 527.88 0.0034 1081.67 528.59 0.8215 1137.14 533.71 0.7515 1053.92 588.53 0.9997 1155.90 601.29 0.9982 1061.27 683.81 0.9991 1164.42 699.93 0.8696 1055.02 781.32 0.9839 1119.44 728.74 0.3569 1072.62 781.11 0.9999 1151.47 788.70 0.9998 1038.32 915.97 0.9998 1144.77 927.78 0.9991 1022.33 1034.92 0.9983 1144.40 1071.87 0.9950
143 913.06 517.37 1141.79 1075.34 0.9279 1070.29 571.61 0.0395 1065.99 560.84 0.0173 1069.94 563.22 0.0303 1024.96 559.43 0.8232 1070.95 563.52 0.9325 983.94 614.61 0.9998 1092.27 622.69 0.9998 946.12 699.02 0.9986 1115.03 715.97 0.9992 928.70 765.73 0.9881 1126.91 790.62 0.9924 1000.19 785.17 0.9999 1072.34 786.92 0.9999 1007.45 907.67 0.9997 1070.11 896.06 0.9997 1023.33 1040.36 0.9969 1071.07 1001.47 0.9971
144 940.54 560.79 1126.26 1054.26 0.9252 1042.04 606.29 0.0261 1038.24 598.47 0.0198 1041.52 600.30 0.0174 1019.41 596.99 0.8646 1060.20 601.29 0.8815 983.85 640.71 0.9998 1079.82 646.97 0.9997 958.05 715.69 0.9987 1095.02 726.20 0.9983 951.81 773.49 0.9880 1110.75 796.94 0.9837 1000.85 789.14 0.9999 1065.43 794.46 0.9999 996.31 888.98 0.9996 1060.64 895.98 0.9995 1012.54 975.02 0.9972 1052.52 999.70 0.9968
145 935.57 587.75 1078.01 1019.74 0.9134 983.40 625.94 0.1090 982.28 618.24 0.0953 984.53 619.61 0.0390 980.41 618.21 0.8960 1014.22 618.81 0.6644 969.89 657.31 0.9995 1042.11 659.13 0.9988 972.20 722.57 0.9969 1064.02 723.82 0.9846 964.97 789.71 0.9760 1040.98 768.36 0.9104 988.46 792.55 0.9997 1042.78 793.11 0.9997 971.13 880.99 0.9988 1044.37 883.66 0.9984 970.66 965.70 0.9934 1056.51 981.87 0.9915
146 861.85 594.25 1020.39 991.27 0.9136 938.95 627.11 0.1208 938.83 620.37 0.1101 940.17 621.06 0.0331 938.70 620.31 0.9094 970.13 623.04 0.6000 920.81 659.76 0.9993 993.52 665.39 0.9992 897.76 716.81 0.9964 1010.24 731.65 0.9921 875.39 754.20 0.9726 1010.75 785.67 0.9438 935.49 782.89 0.9996 981.27 784.33 0.9995 944.52 873.15 0.9973 977.60 864.81 0.9964 967.75 960.59 0.9814 975.03 945.36 0.9790
147 803.42 608.92 1028.55 959.97 0.9281 886.87 644.79 0.5488 888.23 637.27 0.5969 887.51 638.19 0.0743 897.38 634.16 0.9752 917.48 635.74 0.1779 893.55 668.54 0.9993 954.15 670.48 0.9987 874.79 716.43 0.9962 985.31 719.58 0.9878 836.46 760.90 0.9811 1010.47 752.50 0.9539 911.62 781.95 0.9993 948.30 782.03 0.9992 897.00 853.35 0.9966 932.17 855.98 0.9960 929.62 919.31 0.9812 940.06 926.07 0.9803
148 779.54 553.53 948.89 958.14 0.9188 829.40 645.44 0.9308 833.63 636.29 0.9569 826.06 637.73 0.2915 852.13 631.93 0.9554 838.66 636.89 0.0155 873.45 658.69 0.9955 864.08 675.16 0.8958 869.22 632.11 0.9877 863.30 720.09 0.3186 855.34 582.58 0.9805 843.53 778.09 0.4148 871.82 774.87 0.9969 872.60 776.75 0.9849 840.46 851.65 0.9988 900.14 852.57 0.9927 828.41 932.62 0.9973 929.86 925.46 0.9903
149 722.86 608.34 852.16 954.79 0.9026 748.48 646.04 0.9086 751.36 638.13 0.9567 746.07 639.52 0.1844 769.13 632.51 0.9781 758.39 637.79 0.0110 797.98 666.35 0.9980 776.46 669.58 0.9058 827.65 712.48 0.9861 799.21 717.90 0.2234 839.53 758.84 0.9446 807.14 758.07 0.2264 797.36 775.91 0.9979 778.36 774.35 0.9848 804.45 854.11 0.9990 761.07 843.02 0.9914 824.93 927.23 0.9981 766.92 918.98 0.9914
150 648.44 610.85 793.81 954.78 0.9149 664.06 654.76 0.9670 667.02 645.39 0.9862 658.90 648.82 0.4630 684.93 637.73 0.9832 665.97 646.79 0.0222 713.70 669.65 0.9981 689.38 673.86 0.9159 754.53 711.83 0.9904 705.16 707.32 0.2216 772.44 759.82 0.9700 720.89 747.82 0.2608 705.19 775.72 0.9957 687.19 777.78 0.9708 696.03 844.16 0.9970 680.13 854.63 0.9756 754.89 904.65 0.9946 703.70 927.68 0.9747
151 518.75 622.52 709.41 960.23 0.9208 573.55 659.39 0.9760 576.35 650.89 0.9892 571.12 652.18 0.3271 595.85 643.94 0.9911 583.41 649.57 0.0077 622.21 673.46 0.9983 601.74 682.41 0.9383 652.34 695.28 0.9846 611.95 727.61 0.2565 681.60 696.78 0.9595 599.57 761.50 0.3002 611.15 782.52 0.9974 608.81 784.29 0.9834 578.31 851.76 0.9988 637.39 855.41 0.9912 561.87 932.74 0.9976 688.33 921.99 0.9901
152 434.06 613.03 590.90 961.59 0.9113 472.77 650.68 0.8969 476.32 642.71 0.9348 470.83 644.37 0.2300 495.78 639.56 0.9619 485.94 644.44 0.0200 524.53 667.70 0.9937 511.00 677.26 0.9567 546.98 695.61 0.9430 542.36 723.69 0.4469 572.69 735.81 0.8395 574.44 763.87 0.3242 526.82 778.04 0.9940 510.29 778.55 0.9850 529.71 852.93 0.9957 491.86 845.37 0.9885 563.36 933.97 0.9925 477.46 917.10 0.9858
153 371.52 615.91 501.56 953.41 0.9090 399.67 647.54 0.7990 402.29 640.67 0.8289 399.54 641.46 0.0914 417.15 637.27 0.9861 431.60 639.88 0.0517 414.02 669.42 0.9992 468.13 674.05 0.9990 416.94 716.64 0.9925 483.51 732.77 0.9925 395.19 742.41 0.9745 486.66 778.58 0.9790 422.84 776.02 0.9994 459.34 778.20 0.9994 384.91 838.11 0.9983 433.99 851.25 0.9984 424.81 899.62 0.9904 437.00 927.09 0.9918
154 272.22 619.05 436.43 949.71 0.9172 333.47 646.85 0.2230 335.91 640.57 0.2566 336.12 641.08 0.0251 343.05 644.12 0.9470 367.99 645.10 0.1949 336.18 682.35 0.9994 386.51 685.48 0.9945 320.92 737.43 0.9968 396.65 732.25 0.7424 293.42 779.19 0.9725 366.06 752.63 0.3916 334.50 782.56 0.9996 372.88 782.32 0.9990 314.81 850.82 0.9994 374.56 850.07 0.9979 316.93 922.77 0.9979 414.84 906.23 0.9945
155 204.68 621.44 335.61 946.31 0.9132 275.93 649.74 0.1931 277.11 643.77 0.2361 278.74 643.89 0.0403 281.27 647.49 0.8746 307.71 648.05 0.2317 274.77 684.25 0.9974 321.63 686.26 0.9751 255.00 734.89 0.9886 321.44 737.72 0.6135 226.26 768.96 0.9192 294.65 769.13 0.3105 277.98 780.89 0.9978 303.58 779.80 0.9927 284.98 851.26 0.9958 277.21 846.19 0.9812 316.05 920.88 0.9873 260.80 906.78 0.9621
156 161.30 619.23 291.35 938.48 0.9119 225.62 643.71 0.7156 228.32 638.25 0.7280 227.31 638.24 0.0717 237.77 640.99 0.9226 250.79 642.04 0.0233 251.64 675.69 0.9976 255.12 674.17 0.9922 260.61 724.80 0.9983 233.34 709.03 0.9564 247.92 772.09 0.9974 186.80 706.10 0.9568 246.88 777.79 0.9989 249.37 775.91 0.9983 235.94 842.31 0.9981 235.49 840.30 0.9962 270.52 902.75 0.9882 251.04 904.19 0.9815
157 141.57 619.49 274.28 938.68 0.9132 209.74 646.50 0.4876 211.21 640.78 0.5128 212.16 640.89 0.0782 216.99 644.54 0.8753 240.00 644.19 0.0998 222.44 678.72 0.9959 253.40 675.91 0.9854 215.48 725.35 0.9943 222.09 706.77 0.9061 173.26 726.73 0.9890 180.69 705.67 0.8908 230.74 774.04 0.9976 255.78 772.17 0.9954 211.12 839.62 0.9958 244.01 842.28 0.9902 220.35 913.24 0.9806 245.90 911.70 0.9656
158 113.97 624.65 255.94 933.78 0.9019 168.80 652.74 0.2721 169.83 647.00 0.3057 170.27 647.18 0.0401 174.84 650.46 0.8838 199.30 649.33 0.1475 186.13 681.92 0.9973 213.91 681.00 0.9826 181.25 724.22 0.9923 193.09 719.94 0.7354 143.00 704.81 0.9711 146.40 705.52 0.5829 192.40 775.42 0.9982 220.02 773.14 0.9956 162.51 841.46 0.9966 223.48 840.68 0.9890 150.87 913.35 0.9870 239.63 906.49 0.9696
159 67.92 622.35 176.53 933.62 0.7745 114.66 652.06 0.2678 115.30 646.53 0.2820 116.34 646.19 0.0589 116.72 649.15 0.7555 136.99 647.65 0.1347 140.31 681.99 0.9931 137.95 681.06 0.9510 153.51 724.91 0.9897 125.41 734.69 0.6816 121.34 701.07 0.9677 88.61 755.14 0.5450 143.73 773.46 0.9929 143.34 770.43 0.9809 129.88 835.79 0.9831 131.95 833.45 0.9433 150.57 906.15 0.9376 152.89 899.20 0.8550
160 36.15 631.40 158.92 924.37 0.8962 54.16 668.48 0.8920 57.25 660.60 0.9153 51.26 662.50 0.3061 74.57 653.39 0.9407 61.88 658.83 0.0345 104.11 683.55 0.9845 79.52 689.21 0.9860 123.84 725.89 0.8883 75.91 736.80 0.8922 121.52 758.80 0.8141 57.67 768.48 0.8207 108.89 770.96 0.9885 92.27 772.79 0.9906 103.38 833.23 0.9825 92.47 840.15 0.9870 138.72 886.70 0.9588 101.72 898.14 0.9694
161 0.44 634.61 117.69 920.22 0.9144 15.50 673.02 0.9361 17.00 664.34 0.9511 12.62 667.30 0.3397 33.55 655.03 0.9398 23.38 664.51 0.0171 74.78 680.36 0.9894 43.01 694.10 0.9730 105.94 712.58 0.9715 50.75 740.99 0.8633 97.73 711.79 0.9642 39.04 771.36 0.8648 83.18 774.61 0.9878 61.01 778.28 0.9828 75.07 832.98 0.9801 53.68 833.88 0.9714 86.82 900.12 0.9282 68.95 899.78 0.9153
162 0.00 641.23 115.29 923.41 0.8971 0.00 670.29 0.3484 0.25 663.97 0.4507 0.00 664.99 0.0500 7.93 660.69 0.7320 3.26 662.04 0.0247 31.83 683.79 0.9773 14.32 686.54 0.3617 65.57 702.68 0.9473 45.35 713.14 0.0667 91.51 708.18 0.8273 82.41 714.59 0.0872 36.40 771.75 0.9687 24.22 773.07 0.7568 29.13 834.44 0.9507 24.97 837.74 0.6260 64.90 885.48 0.9031 58.08 885.79 0.5978
163 0.11 644.49 25.86 937.51 0.6174 0.48 669.76 0.0607 1.15 663.33 0.0493 0.00 663.19 0.0234 0.69 666.78 0.1099 0.95 666.39 0.0293 6.67 699.92 0.2981 7.68 699.40 0.1654 14.12 745.54 0.3954 14.99 745.01 0.1169 8.33 790.87 0.3373 10.75 789.85 0.1334 3.24 791.02 0.3203 4.11 790.18 0.2415 1.22 848.82 0.1286 2.39 847.97 0.0826 5.56 909.12 0.0695 5.63 907.86 0.0484
