54 0.09 186.88 160.75 1339.29 0.8553 32.53 459.25 0.0812 30.83 446.95 0.0083 30.52 445.61 0.0992 0.00 458.00 0.0048 8.98 456.13 0.2398 9.37 513.18 0.0667 11.64 522.02 0.7157 114.16 416.12 0.0356 124.93 413.26 0.9476 87.50 248.58 0.1148 100.39 245.52 0.9419 15.38 822.79 0.1275 14.21 829.71 0.4925 1.39 1012.57 0.0230 6.76 1034.53 0.1796 2.67 1187.26 0.0057 2.52 1202.22 0.0297
55 0.32 345.30 407.97 1154.02 0.9299 100.39 468.85 0.1314 87.64 457.74 0.0426 105.80 460.01 0.1356 28.03 458.07 0.2720 106.90 459.96 0.6012 10.28 520.41 0.5531 128.20 512.76 0.9812 23.44 581.95 0.0960 267.89 456.37 0.9760 67.33 559.32 0.0517 361.50 386.63 0.9243 65.03 756.02 0.9446 125.54 767.09 0.9919 124.76 858.18 0.8252 141.17 953.13 0.9717 61.36 970.28 0.6078 29.17 1067.92 0.8249
56 0.42 378.15 431.41 1013.88 0.9474 250.97 473.88 0.4874 252.56 460.13 0.0570 255.91 459.60 0.6010 195.36 431.18 0.1878 238.80 440.76 0.9846 115.98 463.47 0.9948 214.67 499.60 0.9994 29.17 477.52 0.7709 252.08 610.30 0.9974 25.76 464.34 0.4483 312.30 702.93 0.9790 122.96 684.88 0.9987 194.57 699.07 0.9994 130.34 818.49 0.9982 288.97 799.73 0.9993 117.24 954.36 0.9945 348.42 924.49 0.9975
57 85.49 294.35 456.11 984.13 0.9367 425.90 513.49 0.3603 428.36 497.25 0.0242 428.64 502.28 0.3810 364.58 478.20 0.0789 403.92 501.28 0.9543 314.41 481.98 0.9978 352.83 555.01 0.9993 342.50 391.11 0.9780 263.67 612.65 0.9982 345.36 324.31 0.9570 204.59 683.50 0.9877 223.33 673.60 0.9997 280.44 696.24 0.9998 175.61 796.87 0.9983 344.55 784.43 0.9987 118.02 920.13 0.9799 323.55 893.09 0.9825
58 283.77 415.71 546.73 909.66 0.9312 511.84 485.05 0.1331 512.02 473.22 0.0421 516.73 477.02 0.1368 468.00 452.53 0.4694 505.54 473.23 0.9027 410.47 475.18 0.9969 469.18 534.47 0.9986 334.48 479.22 0.9604 463.00 626.71 0.9910 326.66 476.62 0.8269 498.19 681.28 0.9346 350.88 634.77 0.9991 385.90 659.69 0.9993 355.06 739.58 0.9975 382.19 770.28 0.9979 311.70 838.33 0.9893 334.49 878.43 0.9902
59 343.93 359.80 688.32 899.83 0.9366 564.24 461.55 0.0998 561.72 452.25 0.0197 563.29 455.83 0.1165 515.47 448.03 0.3266 554.04 458.10 0.9181 467.65 490.23 0.9985 549.48 490.06 0.9987 431.31 571.03 0.9953 617.04 451.29 0.9958 417.43 627.46 0.9796 659.38 387.86 0.9714 460.70 637.83 0.9997 495.27 644.62 0.9997 486.20 732.80 0.9991 465.24 756.58 0.9991 490.29 825.81 0.9966 384.32 837.24 0.9958
60 477.25 393.69 677.48 853.21 0.9248 619.75 468.60 0.0400 618.43 459.80 0.0158 622.62 462.27 0.0332 584.63 455.57 0.4675 627.48 461.37 0.6550 553.23 496.95 0.9878 627.57 484.16 0.9951 537.31 552.25 0.9139 658.31 437.41 0.9900 540.76 563.56 0.7373 618.85 412.69 0.9467 535.47 630.81 0.9987 590.11 628.99 0.9992 523.22 715.95 0.9968 600.40 717.99 0.9982 496.71 810.82 0.9891 604.51 796.76 0.9927
61 557.86 362.76 751.16 809.20 0.9254 696.63 459.41 0.0441 693.49 450.58 0.0165 696.69 454.18 0.0359 661.62 445.76 0.5245 699.09 454.31 0.7996 622.14 482.45 0.9980 695.15 483.44 0.9977 597.34 542.16 0.9947 730.35 442.68 0.9940 575.54 586.61 0.9731 699.34 385.20 0.9670 618.70 603.08 0.9996 662.98 611.87 0.9996 608.03 667.40 0.9982 646.90 699.99 0.9983 582.57 736.24 0.9917 614.52 782.41 0.9906
62 587.99 385.35 837.13 784.53 0.9347 724.64 459.81 0.1931 726.55 452.83 0.0367 725.33 453.99 0.1885 691.73 447.78 0.2684 720.42 451.16 0.8955 652.38 474.39 0.9969 719.78 475.38 0.9969 623.92 529.09 0.9896 769.58 457.59 0.9921 609.16 572.71 0.9649 807.40 409.14 0.9693 639.95 589.27 0.9990 680.37 593.25 0.9990 644.01 659.21 0.9959 684.86 672.31 0.9963 632.10 736.02 0.9817 643.29 731.25 0.9814
63 624.84 430.91 828.20 756.02 0.9223 776.06 476.51 0.7551 780.06 469.01 0.0991 777.54 469.89 0.7745 751.92 455.75 0.0663 767.62 460.21 0.9780 705.10 472.47 0.9986 740.82 485.57 0.9990 677.65 518.74 0.9896 763.51 516.52 0.9945 656.79 558.42 0.9766 804.98 528.29 0.9836 692.45 580.20 0.9994 716.45 589.17 0.9994 679.11 649.31 0.9988 714.99 658.38 0.9988 644.85 711.93 0.9953 686.71 728.66 0.9948
64 673.56 440.57 825.47 750.76 0.9078 809.52 487.03 0.9792 814.89 481.49 0.5746 806.16 479.16 0.9880 811.89 475.30 0.0260 789.20 468.24 0.9809 798.35 497.99 0.9806 750.53 490.18 0.9979 786.27 538.13 0.6833 714.02 533.45 0.9926 791.14 568.01 0.6884 698.29 578.34 0.9844 769.01 591.21 0.9897 736.19 588.12 0.9964 764.03 661.47 0.9843 728.88 656.06 0.9951 732.22 715.04 0.9646 689.81 720.46 0.9836
65 718.21 439.57 841.51 763.70 0.9115 813.73 481.66 0.9925 819.93 476.29 0.9284 809.41 473.31 0.9934 824.86 473.14 0.2302 795.71 464.43 0.9744 826.50 505.71 0.9979 765.97 489.32 0.9984 828.06 555.08 0.9869 737.68 528.91 0.9916 830.33 604.13 0.9852 730.81 571.31 0.9901 793.93 592.25 0.9965 756.60 585.34 0.9968 780.71 661.37 0.9908 755.58 655.30 0.9913 749.09 709.91 0.9631 736.12 731.89 0.9613
66 734.16 457.94 961.49 796.26 0.9335 837.83 503.49 0.9936 844.06 497.36 0.9320 832.83 495.54 0.9937 849.11 491.46 0.2225 818.27 486.23 0.9712 854.89 514.83 0.9980 789.89 512.47 0.9983 892.43 534.69 0.9841 760.35 550.22 0.9907 935.33 546.01 0.9839 753.17 588.98 0.9888 820.34 610.00 0.9974 784.94 609.55 0.9976 795.70 678.36 0.9936 788.93 683.65 0.9942 749.10 722.83 0.9739 773.44 753.00 0.9730
67 718.65 466.22 928.37 822.15 0.9261 895.10 509.82 0.9961 901.72 503.86 0.9176 890.18 501.35 0.9970 901.76 504.26 0.0793 870.38 494.63 0.9857 893.61 544.39 0.9985 834.66 518.19 0.9990 894.17 594.54 0.9928 788.77 510.99 0.9949 908.82 642.20 0.9933 749.21 492.47 0.9957 860.01 645.16 0.9991 818.24 634.87 0.9992 861.48 717.40 0.9991 795.61 707.14 0.9990 854.34 792.47 0.9966 769.78 764.22 0.9958
68 803.49 427.04 993.55 855.56 0.9195 954.61 527.07 0.9872 960.75 519.18 0.9054 946.76 518.62 0.9922 966.87 519.17 0.2326 929.38 514.63 0.9693 959.24 565.91 0.9828 908.11 536.11 0.9985 948.56 612.47 0.5967 913.47 493.34 0.9906 940.49 666.95 0.5826 962.13 445.93 0.9834 924.86 669.91 0.9916 885.65 659.22 0.9974 911.33 750.16 0.9928 874.63 737.52 0.9981 861.07 815.18 0.9902 824.76 803.17 0.9962
69 865.06 494.19 1033.60 928.28 0.8687 1011.94 570.05 0.9929 1016.23 560.97 0.9002 1002.77 562.26 0.9939 1020.61 555.90 0.1074 983.60 556.30 0.9733 1019.90 595.24 0.9964 961.56 574.48 0.9975 1008.85 644.80 0.9704 950.54 542.59 0.9826 1001.34 697.13 0.9689 958.89 508.07 0.9849 980.22 701.58 0.9968 942.17 698.48 0.9971 955.63 783.62 0.9956 942.95 794.80 0.9963 888.14 819.52 0.9862 928.15 892.13 0.9856
70 913.47 461.09 1123.29 971.13 0.9310 1092.77 604.10 0.9895 1099.47 596.46 0.8066 1086.25 594.07 0.9957 1097.40 592.95 0.0453 1062.79 584.86 0.9868 1082.85 623.89 0.9448 1033.20 607.98 0.9986 1064.60 615.69 0.3184 1038.91 560.79 0.9907 1070.37 600.70 0.4183 1080.06 503.21 0.9775 1046.03 742.68 0.9885 1002.95 734.87 0.9982 1042.98 836.45 0.9943 969.33 822.44 0.9991 1035.98 938.82 0.9946 929.25 880.47 0.9987
71 998.65 483.23 1206.27 1008.94 0.9274 1186.41 633.89 0.9895 1191.97 624.67 0.8525 1178.49 623.26 0.9910 1185.04 622.02 0.0826 1152.36 615.26 0.9683 1175.85 673.68 0.9945 1126.53 636.08 0.9967 1170.14 735.33 0.9637 1108.92 590.60 0.9813 1180.54 790.22 0.9602 1122.94 522.31 0.9840 1136.12 800.76 0.9970 1100.08 786.65 0.9973 1115.43 890.66 0.9959 1094.43 879.20 0.9962 1055.10 960.61 0.9840 1025.34 943.57 0.9839
72 1007.07 619.70 1453.49 1118.95 0.9502 1283.71 679.39 0.9955 1287.03 670.53 0.6262 1274.91 669.90 0.9975 1277.36 664.65 0.0090 1242.01 662.46 0.9965 1291.60 693.64 0.9988 1193.94 704.52 0.9996 1355.96 674.46 0.9479 1119.88 739.13 0.9977 1418.88 666.91 0.9286 1043.48 755.32 0.9945 1232.26 840.94 0.9995 1184.65 845.66 0.9997 1170.20 932.66 0.9988 1195.77 947.74 0.9994 1072.35 952.01 0.9940 1161.06 1061.11 0.9956
73 1135.26 663.29 1422.72 1163.36 0.9246 1390.53 731.39 0.9855 1394.56 721.34 0.2736 1383.67 720.70 0.9927 1371.80 717.31 0.0023 1348.65 713.07 0.9911 1361.23 761.85 0.9796 1291.49 753.26 0.9990 1335.54 821.04 0.5609 1223.48 796.74 0.9966 1330.55 896.01 0.5769 1188.84 852.44 0.9918 1316.52 908.77 0.9973 1263.16 902.04 0.9992 1304.92 1011.57 0.9981 1217.73 996.11 0.9994 1292.86 1122.49 0.9947 1160.54 1060.70 0.9977
74 1244.03 710.20 1563.54 1227.76 0.9459 1540.78 785.42 0.9731 1546.19 774.83 0.2275 1534.45 773.23 0.9900 1520.94 769.13 0.0055 1495.44 762.95 0.9952 1497.84 821.43 0.9755 1429.83 812.41 0.9996 1462.62 896.08 0.2701 1348.05 871.10 0.9979 1446.54 975.84 0.2418 1301.90 942.21 0.9894 1438.69 980.04 0.9956 1394.45 973.82 0.9993 1396.79 1088.86 0.9930 1383.16 1084.55 0.9990 1323.27 1164.17 0.9826 1285.21 1120.45 0.9958
75 1325.33 769.43 1680.46 1407.91 0.9467 1654.92 851.85 0.9927 1659.52 839.98 0.4742 1645.15 839.61 0.9950 1641.81 827.93 0.0060 1604.32 825.65 0.9949 1632.88 876.94 0.9983 1548.16 885.58 0.9992 1647.80 969.20 0.9863 1549.84 1002.40 0.9970 1645.90 1073.12 0.9906 1582.35 1101.93 0.9965 1558.08 1055.35 0.9991 1511.06 1062.43 0.9993 1476.74 1154.31 0.9986 1519.42 1182.96 0.9990 1359.06 1173.89 0.9914 1485.06 1328.32 0.9913
76 1454.92 820.96 1834.70 1437.31 0.9362 1798.48 917.76 0.9770 1806.55 905.77 0.3738 1790.53 902.06 0.9841 1784.34 890.47 0.0082 1746.53 879.30 0.9816 1767.00 938.84 0.9953 1684.19 928.25 0.9987 1788.12 1031.99 0.9744 1658.60 1044.60 0.9981 1792.50 1124.54 0.9812 1655.80 1158.19 0.9973 1671.69 1124.36 0.9993 1609.21 1111.34 0.9995 1657.11 1253.32 0.9990 1555.97 1233.96 0.9993 1629.88 1377.78 0.9923 1483.84 1323.37 0.9939
77 1493.83 888.35 1981.85 1478.42 0.9386 1907.24 996.65 0.9850 1925.84 989.30 0.8657 1899.50 975.77 0.9938 1933.70 980.54 0.1283 1862.53 945.23 0.9787 1918.76 1023.06 0.9752 1784.56 973.56 0.9988 1945.23 1037.04 0.3683 1653.91 958.48 0.9927 1931.46 1020.41 0.3343 1550.93 981.84 0.9757 1788.31 1201.46 0.9953 1704.15 1169.62 0.9988 1733.39 1336.11 0.9860 1655.03 1296.35 0.9969 1639.30 1422.82 0.9544 1548.76 1369.24 0.9853
78 1533.16 895.16 1990.08 1489.45 0.9379 1852.77 989.11 0.9984 1878.55 980.52 0.9989 1845.65 963.57 0.9838 1914.03 985.62 0.9898 1830.07 943.90 0.2905 1932.30 1078.75 0.9993 1776.18 1002.92 0.9995 1915.98 1212.37 0.9954 1692.67 1073.69 0.9968 1874.48 1314.75 0.9938 1632.71 1144.41 0.9959 1786.89 1257.99 0.9990 1686.97 1214.32 0.9991 1716.59 1384.18 0.9892 1621.00 1349.01 0.9902 1623.91 1438.24 0.8455 1558.05 1454.62 0.8590
79 1460.44 869.55 1924.70 1492.57 0.9393 1778.24 953.23 0.9977 1805.16 942.57 0.9986 1768.51 928.69 0.9892 1837.90 959.18 0.9833 1747.53 924.82 0.4904 1864.90 1056.79 0.9988 1684.99 1007.47 0.9989 1868.68 1171.56 0.9939 1593.38 1100.59 0.9945 1832.89 1261.67 0.9923 1511.41 1163.56 0.9926 1730.31 1282.30 0.9971 1615.23 1248.89 0.9972 1638.18 1455.43 0.8463 1558.20 1416.05 0.8289 1599.80 1500.00 0.1238 1547.76 1490.12 0.1175
80 1312.67 898.97 1870.06 1486.50 0.9156 1719.34 987.94 0.9971 1750.11 975.95 0.9980 1709.16 960.37 0.9872 1788.60 1001.67 0.9727 1688.66 962.05 0.3931 1814.49 1119.57 0.9954 1617.87 1051.28 0.9963 1791.14 1266.38 0.9753 1496.97 1150.57 0.9814 1746.18 1356.83 0.9680 1389.76 1217.06 0.9735 1623.79 1375.31 0.9757 1494.21 1329.58 0.9781 1505.45 1500.00 0.2662 1414.17 1459.86 0.2405 1465.97 1500.00 0.0106 1403.47 1490.94 0.0096
81 1288.23 933.44 1776.52 1493.44 0.9164 1616.33 1030.91 0.9965 1655.09 1022.39 0.9982 1612.06 1001.16 0.9596 1701.49 1059.69 0.9809 1592.05 1003.86 0.1351 1708.05 1215.62 0.9963 1526.55 1084.60 0.9783 1663.09 1431.79 0.9857 1451.01 1170.51 0.3710 1599.52 1371.28 0.9769 1433.95 1252.30 0.3063 1486.97 1498.26 0.7107 1360.87 1426.33 0.5489 1380.62 1500.00 0.0360 1297.92 1500.00 0.0121 1371.75 1500.00 0.0026 1350.44 1500.00 0.0010
82 992.50 963.09 1636.66 1492.99 0.9324 1463.43 1061.16 0.9621 1507.37 1056.44 0.9721 1465.08 1027.03 0.7689 1561.50 1102.50 0.9718 1450.82 1032.48 0.2096 1569.93 1285.02 0.9448 1357.61 1136.89 0.9901 1565.50 1497.98 0.4180 1226.49 1254.04 0.9638 1519.36 1500.00 0.2319 1082.75 1366.43 0.8803 1301.50 1500.00 0.3969 1167.38 1440.47 0.6977 1211.21 1486.81 0.0149 1094.33 1426.00 0.0530 1157.02 1388.12 0.0019 1114.09 1422.65 0.0043
83 789.34 1060.86 1541.73 1498.17 0.9209 1205.68 1287.80 0.9799 1262.18 1270.79 0.9836 1206.41 1228.48 0.9181 1367.01 1274.97 0.9293 1203.76 1179.65 0.2473 1428.44 1453.79 0.5249 1112.09 1268.64 0.9730 1484.28 1500.00 0.0249 880.54 1355.25 0.8674 1487.19 1500.00 0.0603 849.26 1214.33 0.8904 1223.30 1500.00 0.0220 1024.51 1486.93 0.1307 1304.80 1466.73 0.0083 984.01 1360.53 0.0502 1121.04 1445.91 0.0050 1069.64 1423.18 0.0184
84 781.28 1176.35 1146.36 1494.75 0.8714 810.13 1489.30 0.3099 865.01 1475.29 0.7130 817.48 1449.04 0.2899 1042.82 1475.81 0.7135 898.59 1410.14 0.1121 1081.65 1500.00 0.0567 839.02 1441.76 0.0881 1075.03 1492.81 0.0044 796.94 1448.63 0.0057 887.73 1500.00 0.0042 817.44 1482.42 0.0039 960.43 1500.00 0.0020 795.90 1500.00 0.0031 986.96 1500.00 0.0008 830.45 1440.71 0.0016 946.35 1486.76 0.0041 876.05 1500.00 0.0083
117 0.00 296.35 85.77 744.42 0.5609 5.37 350.92 0.0194 4.49 343.95 0.0100 5.92 343.39 0.0105 2.32 350.82 0.0061 5.89 348.49 0.0067 0.42 378.81 0.0134 2.26 377.41 0.0082 6.19 381.56 0.1048 7.69 384.62 0.0927 39.79 383.75 0.4587 42.43 383.31 0.4802 3.13 480.94 0.0166 1.22 481.99 0.0130 5.60 573.51 0.0344 2.64 575.22 0.0282 8.49 678.52 0.0301 8.97 681.44 0.0261
118 0.00 245.76 184.25 956.83 0.4335 2.25 341.13 0.0071 2.01 331.70 0.0032 3.34 330.48 0.0029 0.00 342.70 0.0029 7.43 338.63 0.0028 0.00 381.44 0.0126 0.00 377.76 0.0032 21.20 396.84 0.3016 16.16 398.85 0.0920 124.84 408.11 0.7947 124.74 406.20 0.5865 2.80 537.50 0.0142 2.26 539.93 0.0071 4.69 622.67 0.0234 1.20 620.51 0.0119 22.16 705.09 0.0158 23.06 710.08 0.0096
126 0.00 243.58 161.23 1279.38 0.8787 3.02 511.89 0.0863 8.32 491.59 0.0512 3.79 490.34 0.0497 12.56 485.49 0.0040 3.16 482.45 0.0035 0.00 536.22 0.0009 1.97 530.83 0.0061 8.64 454.08 0.0133 12.43 454.90 0.0975 58.71 328.03 0.2840 54.08 329.06 0.5770 0.00 748.75 0.0100 0.00 749.36 0.0311 6.47 943.81 0.1263 7.32 946.99 0.3324 30.98 1172.40 0.1877 30.48 1175.51 0.3805
127 22.28 446.63 328.91 1278.61 0.9297 309.49 555.03 0.9111 314.90 536.80 0.0362 302.80 539.47 0.9669 214.48 523.49 0.0013 248.61 536.53 0.9919 149.92 586.65 0.8855 175.13 616.80 0.9987 129.67 738.46 0.1278 120.04 789.36 0.9966 157.51 895.06 0.2080 140.77 940.56 0.9868 120.67 877.03 0.9843 151.80 894.32 0.9981 132.50 1030.52 0.9924 229.96 1030.04 0.9993 58.31 1193.17 0.9849 143.91 1183.79 0.9971
128 134.57 506.30 577.19 1198.75 0.9400 563.41 594.93 0.8218 558.55 577.25 0.0359 557.92 583.34 0.8714 478.96 568.75 0.0051 522.36 589.72 0.9787 438.99 633.74 0.9812 468.00 668.77 0.9984 437.74 748.96 0.6294 413.34 814.30 0.9971 497.33 815.05 0.6638 410.90 942.79 0.9917 397.18 858.92 0.9976 438.55 877.18 0.9991 358.40 997.07 0.9975 509.08 1003.73 0.9993 205.96 1105.65 0.9869 466.50 1150.19 0.9940
129 421.10 528.29 862.48 1200.76 0.9397 742.62 605.43 0.3218 736.47 589.30 0.0264 739.43 593.71 0.3645 669.82 582.57 0.1368 715.81 601.35 0.9687 604.03 647.24 0.9986 698.18 690.75 0.9993 543.74 735.59 0.9880 734.79 814.29 0.9972 524.27 809.37 0.9322 813.22 872.49 0.9733 585.33 858.76 0.9997 617.57 881.11 0.9997 649.53 958.77 0.9988 556.00 1015.53 0.9990 683.19 1063.46 0.9941 468.18 1136.51 0.9935
130 672.78 535.12 910.04 1125.64 0.9280 895.16 599.83 0.3090 898.45 585.60 0.0292 894.19 590.00 0.4141 832.78 579.69 0.1447 876.09 598.34 0.9644 783.45 631.22 0.9899 840.66 669.51 0.9995 740.27 709.16 0.4982 780.65 774.54 0.9973 734.00 810.66 0.2208 756.40 862.92 0.9719 742.22 828.38 0.9979 794.81 846.08 0.9994 737.07 938.31 0.9958 833.25 944.25 0.9991 700.84 1061.48 0.9878 781.11 1066.02 0.9960
131 734.20 557.66 1039.02 1073.21 0.9356 1023.05 622.73 0.1010 1019.17 609.94 0.0175 1024.63 613.97 0.1454 969.02 600.78 0.2731 1014.55 617.97 0.9235 923.30 646.01 0.9803 977.79 688.21 0.9995 888.79 703.39 0.3396 954.45 787.12 0.9980 912.29 769.40 0.1497 955.43 869.51 0.9705 882.89 818.87 0.9983 928.08 839.14 0.9997 862.18 912.16 0.9972 933.76 932.13 0.9996 780.04 996.86 0.9947 896.95 1035.26 0.9988
132 866.75 565.73 1186.89 1073.45 0.9363 1097.38 624.76 0.0799 1091.83 614.02 0.0320 1096.40 616.53 0.0749 1048.90 608.98 0.6541 1087.62 620.52 0.9185 990.61 656.45 0.9994 1079.68 686.12 0.9995 940.98 721.39 0.9969 1110.27 769.32 0.9965 899.81 783.64 0.9803 1159.30 788.51 0.9711 975.09 808.40 0.9997 1017.91 825.23 0.9997 981.49 886.29 0.9990 970.98 926.26 0.9988 990.22 957.54 0.9956 898.98 1030.50 0.9942
133 975.18 572.48 1200.96 1000.76 0.9294 1171.48 635.84 0.5890 1172.41 624.89 0.0579 1171.42 626.74 0.5956 1133.27 611.17 0.0783 1155.91 619.29 0.9697 1072.48 642.09 0.9975 1133.58 660.09 0.9988 1031.22 711.64 0.9714 1115.74 744.77 0.9929 1036.31 765.74 0.9214 1133.99 771.45 0.9697 1040.24 786.78 0.9986 1090.95 793.88 0.9988 1048.36 871.37 0.9963 1167.83 846.80 0.9967 990.17 973.31 0.9815 1137.96 934.17 0.9832
134 988.42 617.15 1348.57 995.60 0.9344 1291.16 669.55 0.7336 1292.61 658.10 0.0486 1285.46 663.20 0.7619 1252.44 642.66 0.0223 1267.10 657.98 0.9745 1205.63 669.10 0.9922 1250.75 686.58 0.9982 1249.66 710.08 0.8504 1281.91 765.35 0.9938 1295.77 710.52 0.8158 1305.63 733.45 0.9826 1129.19 790.18 0.9980 1176.20 785.89 0.9987 1091.66 875.89 0.9974 1264.55 787.71 0.9984 1013.63 953.78 0.9897 1235.22 864.77 0.9938
135 1169.17 516.86 1440.82 897.67 0.9311 1418.17 578.48 0.9773 1422.99 571.76 0.4896 1413.67 568.34 0.9831 1405.34 562.32 0.0206 1388.39 552.33 0.9802 1374.63 593.71 0.9936 1352.34 575.27 0.9985 1357.54 659.27 0.9590 1302.59 618.13 0.9985 1383.38 716.56 0.9778 1308.73 687.87 0.9987 1288.57 695.01 0.9981 1278.23 690.23 0.9989 1272.96 773.92 0.9972 1302.52 792.63 0.9988 1202.01 806.58 0.9872 1240.39 871.06 0.9921
136 1218.81 477.75 1466.45 934.17 0.9314 1425.22 536.21 0.9950 1436.68 528.92 0.9764 1419.13 524.30 0.9925 1447.17 527.41 0.5867 1400.59 513.77 0.9360 1442.07 576.57 0.9988 1362.22 552.60 0.9993 1430.19 654.11 0.9929 1306.34 600.84 0.9968 1418.57 718.51 0.9934 1260.70 645.91 0.9966 1386.39 708.16 0.9993 1332.25 694.36 0.9994 1369.08 800.48 0.9991 1303.17 787.54 0.9991 1352.57 900.36 0.9955 1240.51 852.73 0.9956
137 1258.93 496.95 1507.58 968.16 0.9373 1410.54 559.26 0.9942 1421.21 549.09 0.9958 1408.18 546.33 0.8070 1452.96 542.84 0.9885 1411.79 537.39 0.0328 1480.11 604.29 0.9990 1398.48 578.74 0.9982 1476.20 697.53 0.9967 1363.75 629.78 0.9895 1446.84 764.88 0.9959 1333.27 688.26 0.9896 1410.79 744.69 0.9990 1354.36 727.49 0.9988 1377.38 832.40 0.9978 1314.20 810.01 0.9972 1350.88 919.75 0.9829 1289.01 900.28 0.9816
138 1181.34 563.81 1477.74 1046.63 0.9343 1338.54 619.45 0.9976 1349.85 611.39 0.9983 1334.69 608.00 0.8751 1381.43 611.29 0.9897 1336.85 603.98 0.0175 1411.85 663.86 0.9982 1333.23 639.22 0.9976 1470.31 727.21 0.9923 1309.69 652.73 0.9855 1409.23 703.19 0.9939 1264.27 640.98 0.9896 1361.93 811.39 0.9988 1307.25 800.01 0.9988 1334.06 903.37 0.9976 1262.91 904.89 0.9978 1338.19 934.20 0.9842 1226.07 1001.99 0.9864
139 1030.22 619.50 1305.68 1125.16 0.9324 1199.79 667.70 0.9919 1214.48 659.53 0.9928 1199.22 656.21 0.8053 1248.68 669.86 0.9759 1204.44 661.01 0.0461 1268.62 736.96 0.9974 1191.64 718.83 0.9967 1291.50 822.38 0.9924 1163.33 778.22 0.9851 1279.38 889.56 0.9946 1153.97 833.06 0.9895 1217.00 888.02 0.9987 1180.28 875.40 0.9986 1138.29 971.08 0.9990 1180.14 959.08 0.9989 1092.64 1083.07 0.9952 1207.73 1049.67 0.9952
140 894.60 584.66 1172.01 1147.11 0.9425 1081.75 625.55 0.9718 1094.43 618.24 0.9847 1084.26 614.15 0.4037 1126.79 635.08 0.9842 1097.29 625.83 0.0145 1144.60 715.83 0.9983 1082.37 691.58 0.9738 1120.17 827.89 0.9922 1059.57 781.01 0.4804 1048.98 901.01 0.9800 1019.90 860.34 0.4513 1071.72 882.82 0.9981 1023.40 860.21 0.9919 1039.10 999.24 0.9989 963.97 956.64 0.9935 1027.19 1104.62 0.9958 970.41 1062.20 0.9861
141 707.83 558.41 1005.68 1141.27 0.9302 896.05 594.70 0.9795 911.80 588.88 0.9912 899.27 584.32 0.3325 945.44 612.35 0.9923 910.77 599.42 0.0059 948.58 698.70 0.9991 904.40 671.30 0.9628 922.55 800.32 0.9954 880.79 769.10 0.2989 820.11 817.54 0.9847 818.31 813.92 0.2988 887.68 882.41 0.9991 842.36 862.31 0.9940 878.02 1008.41 0.9995 789.55 970.39 0.9954 973.24 1072.90 0.9985 782.97 1087.60 0.9920
142 462.22 517.64 835.96 1121.75 0.9364 710.04 563.83 0.8151 716.03 553.54 0.8074 715.74 551.98 0.0782 738.45 569.14 0.9323 752.72 565.84 0.0123 759.25 658.77 0.9962 748.05 644.26 0.9938 803.76 773.74 0.9966 699.45 711.88 0.9821 814.00 876.51 0.9965 605.57 717.43 0.9868 715.14 853.55 0.9994 730.47 844.90 0.9993 631.82 956.55 0.9993 739.20 958.83 0.9991 559.96 1079.76 0.9933 781.52 1078.16 0.9924
143 302.95 465.13 636.26 1132.61 0.9428 514.50 527.22 0.4615 512.42 514.60 0.4638 520.60 513.12 0.0296 525.57 523.27 0.9412 573.02 522.85 0.0442 541.67 616.57 0.9981 593.31 604.78 0.9961 473.56 726.23 0.9979 609.09 721.55 0.9751 368.28 793.07 0.9957 598.21 799.02 0.9494 518.66 821.97 0.9983 536.52 802.36 0.9977 493.81 951.28 0.9968 442.17 898.15 0.9934 522.96 1076.07 0.9717 473.95 1014.49 0.9598
144 167.42 421.25 468.83 1105.53 0.9381 279.12 496.96 0.7989 283.86 480.82 0.8489 281.75 482.67 0.0590 319.58 480.26 0.9932 345.18 483.34 0.0415 328.33 576.88 0.9997 403.52 559.48 0.9993 286.05 692.48 0.9971 415.47 676.39 0.9914 212.47 765.02 0.9831 404.82 762.74 0.9658 318.98 777.75 0.9997 352.11 761.11 0.9997 304.68 905.33 0.9992 276.78 869.78 0.9991 418.30 1014.00 0.9939 267.39 991.52 0.9945
145 0.45 371.11 309.92 1026.51 0.9240 16.32 453.03 0.8590 22.33 436.40 0.8991 18.15 435.96 0.0326 63.89 436.61 0.9811 89.63 433.26 0.0032 112.43 533.55 0.9957 140.73 512.81 0.9857 187.82 659.91 0.9885 99.95 603.00 0.8233 233.43 769.73 0.9726 16.36 606.20 0.8161 101.14 765.78 0.9940 151.48 753.75 0.9912 16.77 876.77 0.9573 207.01 867.66 0.9347 14.79 988.66 0.5484 279.72 975.13 0.5030
