35 1806.87 647.95 2048.00 1040.54 0.7865 2038.66 695.40 0.0617 2040.69 686.76 0.0334 2039.83 686.23 0.0156 2043.47 694.26 0.0159 2048.00 691.24 0.0040 2048.00 740.21 0.0417 2047.76 730.32 0.0289 2041.02 774.70 0.3716 2032.01 757.39 0.2203 1977.71 753.62 0.8149 1979.15 745.53 0.7059 2042.44 865.73 0.3305 2035.93 854.88 0.2954 1966.98 919.44 0.7387 1964.56 904.18 0.6577 1876.21 996.32 0.7222 1876.96 990.12 0.6688
36 1778.54 536.00 2047.70 1034.47 0.9256 1948.82 588.65 0.9499 1958.84 580.20 0.9792 1956.10 578.47 0.1060 1993.64 593.46 0.9882 1996.47 587.03 0.0017 1982.07 665.76 0.9955 2011.65 647.56 0.8030 1905.67 737.07 0.9898 1948.50 722.77 0.1454 1863.39 699.62 0.9766 1894.63 703.32 0.2339 1931.36 815.75 0.9866 1947.30 797.70 0.9070 1863.11 898.25 0.9897 1859.66 865.00 0.8896 1859.71 996.49 0.9583 1862.04 967.11 0.8029
37 1697.32 530.18 2011.96 1024.94 0.9323 1890.04 580.95 0.0259 1891.60 571.13 0.0240 1897.53 572.69 0.0073 1889.63 577.30 0.8473 1944.78 583.83 0.4977 1851.53 641.35 0.9980 1964.55 657.43 0.9953 1793.26 711.24 0.9613 1979.45 731.94 0.7771 1838.47 689.61 0.6180 1954.47 700.31 0.2019 1821.43 800.28 0.9974 1892.36 803.72 0.9959 1757.83 862.86 0.9930 1801.48 864.64 0.9840 1764.02 980.31 0.9756 1765.13 973.85 0.9554
38 1670.32 531.17 2027.08 1031.21 0.9263 1904.49 590.70 0.0214 1898.28 577.90 0.0098 1906.68 581.32 0.0211 1852.39 575.35 0.7005 1904.08 585.73 0.8400 1804.18 631.61 0.9958 1917.43 658.65 0.9994 1775.08 693.68 0.7079 1939.84 739.83 0.9969 1852.04 672.56 0.2094 1973.20 688.58 0.9414 1779.05 798.65 0.9994 1858.25 810.79 0.9997 1744.99 894.02 0.9983 1815.32 905.65 0.9994 1720.73 993.50 0.9942 1781.14 993.99 0.9973
39 1670.37 540.50 2048.00 1052.40 0.9407 1959.12 608.92 0.0922 1955.23 594.98 0.0305 1961.63 599.24 0.0930 1905.82 581.40 0.5951 1952.30 597.57 0.9128 1832.30 631.59 0.9981 1941.71 665.12 0.9989 1779.03 711.83 0.9652 1965.77 745.35 0.9883 1834.59 725.02 0.7999 2028.30 717.23 0.8800 1798.28 802.08 0.9993 1871.49 820.21 0.9994 1758.35 895.35 0.9973 1835.27 923.55 0.9972 1724.12 992.41 0.9865 1797.30 1020.76 0.9847
40 1670.56 546.81 2047.88 1054.19 0.9398 2001.62 617.70 0.1284 2000.39 602.55 0.0420 2003.92 608.32 0.1191 1953.62 584.32 0.5089 1992.12 603.74 0.8982 1874.37 627.92 0.9979 1973.20 672.71 0.9972 1794.73 703.48 0.9934 1997.06 757.05 0.9723 1773.23 768.30 0.9722 2035.38 748.45 0.8597 1831.66 800.16 0.9994 1894.37 821.38 0.9993 1773.40 893.42 0.9990 1853.82 926.15 0.9980 1724.30 985.27 0.9958 1802.14 1018.62 0.9919
41 1670.65 545.13 2047.93 1053.42 0.9404 2006.92 614.50 0.0380 2004.74 600.54 0.0251 2012.18 605.64 0.0262 1962.61 585.75 0.7265 2011.15 605.84 0.7944 1883.58 633.03 0.9989 1994.51 675.79 0.9957 1813.00 720.77 0.9978 2012.63 757.14 0.8783 1804.05 786.29 0.9839 2048.00 751.21 0.4851 1829.65 802.36 0.9996 1904.18 822.70 0.9991 1774.35 896.01 0.9989 1853.90 924.59 0.9959 1722.22 990.23 0.9947 1799.37 1012.53 0.9827
42 1709.08 532.92 2047.55 1043.29 0.9411 1973.35 593.76 0.0179 1966.23 581.63 0.0129 1976.15 585.88 0.0100 1938.79 576.93 0.8290 1994.39 592.66 0.8413 1876.71 629.85 0.9997 1995.01 665.03 0.9990 1812.15 716.30 0.9989 2006.99 743.92 0.9694 1770.04 777.69 0.9860 2041.08 730.00 0.7148 1835.33 791.01 0.9999 1912.56 811.06 0.9998 1782.26 862.81 0.9993 1861.93 915.08 0.9982 1746.66 935.10 0.9960 1802.85 1005.84 0.9902
43 1602.40 495.51 2048.00 977.99 0.9432 1872.80 535.99 0.1133 1875.35 528.00 0.1241 1881.54 530.53 0.0175 1878.28 539.57 0.9309 1928.68 549.22 0.4158 1835.49 593.42 0.9995 1936.65 614.58 0.9971 1749.11 589.58 0.9996 1999.31 613.89 0.9340 1654.31 574.77 0.9981 2035.81 586.28 0.7899 1809.31 752.92 0.9998 1869.92 763.18 0.9995 1772.49 826.97 0.9992 1840.84 854.66 0.9970 1761.21 911.92 0.9946 1825.77 933.73 0.9847
44 1654.35 365.31 1947.86 937.23 0.9275 1813.10 495.23 0.9152 1824.02 490.85 0.9259 1822.03 489.90 0.0979 1842.41 511.60 0.9771 1851.80 506.09 0.0049 1832.98 560.82 0.9964 1857.64 539.53 0.9925 1801.99 546.05 0.9916 1887.17 469.83 0.9316 1786.48 481.07 0.9884 1915.75 418.83 0.9106 1791.20 706.96 0.9992 1794.74 692.08 0.9989 1757.26 795.51 0.9994 1740.25 769.35 0.9990 1774.13 901.88 0.9971 1706.38 834.77 0.9963
45 1579.65 338.61 1877.30 862.99 0.9282 1740.85 470.24 0.9390 1751.20 467.22 0.9414 1746.97 463.93 0.1680 1770.41 484.56 0.9544 1764.42 475.76 0.0057 1762.09 531.48 0.9951 1750.78 512.81 0.9915 1789.93 532.38 0.9928 1743.28 452.39 0.9663 1827.00 525.25 0.9937 1733.13 383.85 0.9766 1710.84 665.48 0.9990 1710.39 660.45 0.9988 1643.63 731.81 0.9991 1700.77 745.40 0.9988 1636.56 822.95 0.9946 1706.87 837.54 0.9939
46 1489.41 417.42 1750.88 824.45 0.9226 1628.09 460.66 0.9880 1638.15 455.66 0.9919 1630.47 452.80 0.5286 1661.54 468.25 0.9774 1637.06 461.01 0.0070 1659.39 514.61 0.9964 1631.74 497.25 0.9765 1688.95 529.67 0.9913 1620.85 467.13 0.6787 1721.40 538.21 0.9899 1597.09 436.97 0.7726 1610.93 642.30 0.9982 1596.91 634.79 0.9958 1574.94 712.61 0.9992 1581.21 716.48 0.9976 1546.48 793.39 0.9974 1646.53 783.74 0.9944
47 1357.70 423.83 1570.25 823.44 0.9292 1487.48 466.32 0.9513 1494.06 458.58 0.9812 1488.32 457.11 0.1627 1518.98 461.14 0.9892 1504.20 458.51 0.0033 1543.39 514.85 0.9986 1510.24 501.58 0.8868 1556.06 584.92 0.9941 1510.54 565.52 0.1691 1538.46 645.36 0.9779 1491.84 627.40 0.2108 1510.76 642.16 0.9987 1479.74 628.31 0.9865 1517.80 724.65 0.9994 1443.04 685.51 0.9917 1539.96 792.69 0.9987 1405.09 751.09 0.9922
48 1310.60 404.96 1459.09 796.44 0.9051 1373.01 451.93 0.9736 1380.66 443.79 0.9888 1371.95 442.83 0.3668 1407.57 443.44 0.9882 1386.88 441.26 0.0093 1428.14 489.57 0.9983 1403.98 484.07 0.9092 1445.62 558.42 0.9901 1405.39 543.93 0.1885 1426.06 620.13 0.9703 1389.12 608.22 0.2487 1396.51 614.98 0.9964 1385.89 608.92 0.9725 1352.78 684.07 0.9982 1387.15 686.49 0.9825 1352.19 762.37 0.9967 1407.45 758.91 0.9827
49 1208.72 406.53 1380.79 788.54 0.9192 1262.68 456.30 0.9625 1268.93 447.80 0.9812 1262.06 447.24 0.3032 1294.38 444.01 0.9827 1276.05 444.55 0.0093 1316.27 484.77 0.9977 1286.08 484.32 0.9302 1336.79 525.33 0.9900 1286.07 531.75 0.2721 1360.58 544.21 0.9761 1274.61 586.61 0.3165 1288.82 608.97 0.9966 1272.11 603.23 0.9808 1259.02 683.77 0.9977 1270.97 670.15 0.9833 1253.29 759.75 0.9948 1328.06 712.95 0.9790
50 1064.90 308.85 1267.61 788.40 0.9111 1153.21 456.32 0.9297 1159.22 449.06 0.9629 1152.95 448.73 0.1794 1181.45 451.47 0.9633 1164.25 451.18 0.0043 1204.60 489.07 0.9954 1175.87 479.07 0.8732 1202.76 446.45 0.9923 1170.66 423.80 0.3022 1194.87 374.93 0.9847 1168.42 354.82 0.4141 1187.58 611.20 0.9980 1157.52 604.17 0.9896 1205.69 689.67 0.9987 1133.90 672.71 0.9914 1247.56 749.91 0.9967 1111.58 741.45 0.9875
51 992.43 368.56 1131.64 781.48 0.8845 1047.54 448.14 0.8928 1052.86 439.00 0.9226 1043.89 439.66 0.2205 1070.79 432.62 0.9302 1053.96 435.02 0.0172 1095.15 462.97 0.9951 1077.00 474.86 0.9168 1105.13 458.99 0.9903 1067.65 534.21 0.4001 1068.24 400.65 0.9867 1061.71 590.21 0.4886 1084.44 590.25 0.9975 1081.10 589.51 0.9892 1036.31 665.69 0.9991 1088.34 665.58 0.9950 1040.21 750.00 0.9980 1104.96 740.38 0.9930
52 919.42 386.31 1032.27 783.07 0.8856 936.74 442.56 0.5288 944.11 434.97 0.6055 938.44 434.42 0.0489 965.64 437.47 0.8263 956.94 436.74 0.0124 982.39 462.98 0.9880 972.30 480.53 0.8050 957.31 427.59 0.9811 959.84 522.58 0.2979 955.07 402.70 0.9673 947.18 583.21 0.3441 968.33 591.36 0.9964 963.41 591.01 0.9836 944.58 666.37 0.9986 965.47 663.09 0.9913 966.07 750.36 0.9970 1005.25 706.81 0.9892
53 782.58 402.09 975.32 783.20 0.9125 820.39 456.66 0.8909 822.36 447.77 0.9436 817.25 448.36 0.0928 841.81 439.53 0.9723 834.41 441.99 0.0034 873.07 474.11 0.9961 863.61 460.87 0.8731 862.36 493.99 0.9846 865.18 456.30 0.2414 854.98 444.13 0.9550 869.06 423.47 0.2938 865.24 600.97 0.9980 849.55 593.06 0.9875 887.68 682.38 0.9991 832.69 666.52 0.9932 944.18 744.06 0.9981 825.03 734.04 0.9926
54 674.09 320.20 844.12 783.02 0.9131 715.73 463.23 0.9212 719.34 454.97 0.9356 714.77 453.53 0.1058 742.59 446.53 0.9688 736.39 440.69 0.0043 772.21 489.95 0.9968 760.08 450.15 0.9925 806.19 540.94 0.9961 737.25 384.52 0.9721 824.77 600.86 0.9948 710.64 339.47 0.9832 774.83 595.86 0.9992 779.57 582.52 0.9990 736.37 668.35 0.9990 805.27 661.41 0.9987 726.42 755.25 0.9933 826.63 737.57 0.9924
55 546.89 348.70 800.20 792.67 0.9373 583.10 494.93 0.7475 587.67 488.69 0.7596 584.04 483.32 0.0589 610.67 481.60 0.9193 612.59 464.68 0.0095 642.12 518.60 0.9922 639.39 467.81 0.9880 681.51 567.99 0.9882 598.46 414.00 0.9692 694.95 618.41 0.9833 572.28 373.24 0.9792 650.95 616.95 0.9983 668.15 595.80 0.9980 609.04 683.88 0.9970 708.74 661.41 0.9966 617.48 763.64 0.9835 766.95 708.06 0.9842
56 418.61 417.08 657.64 792.99 0.9288 485.60 465.87 0.2915 483.89 458.85 0.3189 484.56 455.35 0.0313 491.67 455.85 0.9424 519.13 443.26 0.1669 522.15 498.10 0.9985 562.74 469.99 0.9967 503.53 553.04 0.9962 614.25 502.43 0.9614 458.64 574.44 0.9822 639.89 529.26 0.8689 565.90 608.61 0.9984 584.50 592.03 0.9977 588.42 697.78 0.9914 573.81 661.33 0.9849 620.09 768.97 0.9396 590.38 718.55 0.9219
57 291.18 356.29 627.03 789.42 0.9280 444.40 452.24 0.0472 444.94 446.56 0.0503 448.28 444.60 0.0074 449.74 446.32 0.8953 480.80 447.16 0.3161 442.77 474.99 0.9993 501.53 490.05 0.9988 379.20 434.32 0.9984 533.49 551.27 0.9942 322.59 384.27 0.9847 513.84 610.37 0.9594 483.19 609.14 0.9998 501.39 610.11 0.9998 529.49 692.05 0.9988 481.78 676.64 0.9983 606.30 752.21 0.9908 481.47 749.59 0.9901
58 210.84 393.90 524.49 785.13 0.9281 361.60 432.18 0.1054 360.98 425.56 0.1139 360.87 425.28 0.0139 363.42 427.88 0.9508 397.79 426.20 0.4274 357.27 467.42 0.9997 436.77 464.33 0.9991 306.05 505.66 0.9993 476.52 515.30 0.9836 246.89 521.72 0.9941 497.53 546.84 0.9031 401.39 589.55 0.9998 449.05 587.29 0.9996 402.45 675.75 0.9984 447.72 663.99 0.9965 448.32 747.50 0.9853 475.95 742.67 0.9747
59 252.85 310.30 474.18 761.17 0.9171 265.41 427.94 0.0538 263.96 424.25 0.0391 271.56 419.84 0.0172 268.31 436.10 0.7299 305.23 418.16 0.4260 285.09 489.85 0.9979 330.45 442.14 0.9964 307.69 552.49 0.9931 339.34 388.27 0.9810 318.83 607.57 0.9604 309.99 340.50 0.9478 322.83 590.65 0.9996 361.13 575.26 0.9995 325.53 656.50 0.9981 390.22 651.99 0.9978 343.67 722.07 0.9886 454.37 706.49 0.9868
60 143.31 368.03 364.99 748.33 0.9186 173.93 426.46 0.0649 174.83 420.81 0.0682 177.57 417.35 0.0189 181.79 426.90 0.8335 216.13 413.69 0.4121 188.56 479.84 0.9989 244.47 441.47 0.9912 179.53 541.46 0.9946 249.00 419.13 0.7551 162.82 572.64 0.9391 230.17 405.02 0.3824 237.35 575.38 0.9996 266.86 560.41 0.9990 274.60 638.90 0.9993 259.09 623.93 0.9979 329.91 709.41 0.9980 254.33 683.72 0.9954
61 45.98 327.75 257.21 732.24 0.9230 67.68 417.72 0.1343 69.29 413.96 0.1214 72.32 406.54 0.0238 81.23 418.32 0.7571 109.26 393.14 0.1570 107.45 468.33 0.9962 140.05 412.84 0.9936 133.58 526.60 0.9948 115.69 375.19 0.9845 138.56 578.30 0.9856 74.01 350.26 0.9802 150.70 565.59 0.9993 182.13 545.50 0.9991 146.11 628.75 0.9978 203.72 623.53 0.9974 188.65 688.73 0.9869 241.16 689.01 0.9854
62 0.07 293.10 208.09 733.86 0.8392 0.37 414.83 0.0730 0.00 408.66 0.0375 0.00 410.09 0.0195 1.74 415.17 0.1265 4.24 415.28 0.0566 12.81 452.81 0.9064 20.45 432.00 0.6767 20.97 487.16 0.9213 28.55 381.93 0.4453 14.55 490.84 0.8590 18.57 351.79 0.5093 63.68 552.03 0.9862 64.36 549.99 0.9719 96.65 625.87 0.9870 81.74 625.90 0.9721 167.97 680.72 0.9654 129.87 683.24 0.9373
63 0.26 354.31 160.58 756.10 0.7097 2.98 396.82 0.0303 2.26 389.48 0.0110 1.98 388.87 0.0164 0.00 396.38 0.0078 0.00 394.63 0.0153 0.00 433.19 0.0591 0.00 432.39 0.0359 51.08 433.78 0.2322 52.88 435.34 0.2097 127.48 424.42 0.5547 125.11 423.31 0.5648 15.88 544.83 0.2139 14.85 548.53 0.1779 22.93 588.85 0.4143 23.01 590.72 0.3831 40.52 687.30 0.3630 41.36 688.42 0.3391
66 0.14 356.51 196.40 681.23 0.8855 46.98 398.73 0.6499 45.06 391.26 0.0602 41.61 391.76 0.6789 25.06 390.35 0.0045 20.92 391.44 0.7291 15.43 418.51 0.5844 18.60 419.40 0.9291 72.17 405.64 0.2700 73.76 408.70 0.9417 130.31 397.05 0.4975 131.91 397.82 0.9479 39.94 524.02 0.9309 50.89 527.71 0.9769 47.03 588.88 0.9519 101.45 577.83 0.9874 9.49 644.36 0.9230 142.07 643.09 0.9703
67 65.06 337.81 274.16 669.50 0.9222 133.96 372.15 0.8562 132.82 365.28 0.0949 128.41 365.82 0.8680 109.26 366.96 0.0055 108.52 368.51 0.9316 108.63 402.90 0.9692 87.59 400.76 0.9926 134.96 446.91 0.7934 119.50 412.85 0.9835 160.67 479.44 0.7971 140.31 402.93 0.9782 148.75 501.03 0.9925 126.04 509.05 0.9961 194.82 553.71 0.9928 149.91 575.38 0.9969 236.66 609.69 0.9829 145.02 649.26 0.9897
68 165.82 267.26 317.27 628.59 0.9049 227.58 354.02 0.8286 226.79 347.16 0.1259 221.21 348.60 0.8426 213.82 351.53 0.0122 201.43 353.41 0.9021 208.70 397.79 0.9474 194.29 380.81 0.9929 229.14 437.88 0.5684 201.02 333.00 0.9908 251.73 472.71 0.5476 190.28 297.05 0.9877 240.12 479.48 0.9837 229.78 480.57 0.9936 279.22 531.73 0.9757 282.82 534.18 0.9932 262.77 594.70 0.9399 265.60 596.45 0.9749
69 260.02 320.06 440.38 621.51 0.9019 327.55 353.99 0.6567 323.28 347.55 0.0746 322.09 348.06 0.6556 297.50 350.78 0.0263 307.34 354.27 0.9095 293.34 375.91 0.9722 309.19 396.05 0.9906 293.44 354.37 0.6088 323.68 437.22 0.8819 290.18 336.81 0.4684 329.29 422.59 0.7180 319.22 473.26 0.9936 332.07 479.95 0.9962 325.92 531.51 0.9975 370.05 524.58 0.9986 287.42 586.87 0.9971 394.73 587.55 0.9980
70 325.36 247.41 504.55 605.99 0.9241 410.42 341.90 0.8933 410.39 336.23 0.2403 406.10 335.81 0.8987 398.65 334.76 0.0179 387.99 335.11 0.9150 392.51 346.40 0.9867 368.83 370.39 0.9939 395.22 309.40 0.9513 342.34 406.91 0.9906 374.70 271.18 0.9650 335.44 450.97 0.9892 417.62 446.15 0.9968 396.62 459.74 0.9976 443.82 502.23 0.9964 410.64 520.80 0.9975 472.52 550.98 0.9892 402.53 585.02 0.9907
71 424.02 249.06 534.44 576.73 0.9083 480.37 321.05 0.5681 479.55 315.68 0.0560 476.53 315.37 0.6415 461.85 319.21 0.0170 461.52 318.73 0.8842 449.51 347.05 0.8770 450.94 346.31 0.9922 467.34 323.32 0.3246 467.17 320.03 0.9906 478.08 272.70 0.3599 481.47 272.09 0.9790 471.40 431.24 0.9765 471.88 435.13 0.9942 502.93 483.72 0.9675 514.03 484.48 0.9944 489.06 544.42 0.9445 495.60 544.45 0.9846
72 495.06 287.20 640.57 563.86 0.8981 558.99 319.40 0.7850 557.03 314.15 0.0975 555.68 314.64 0.8330 537.49 315.31 0.0176 542.80 317.28 0.9545 533.68 333.88 0.9744 533.82 348.83 0.9968 541.66 317.77 0.7392 530.69 386.89 0.9921 550.20 293.50 0.7340 546.26 415.81 0.9794 547.84 419.84 0.9949 553.71 425.11 0.9981 539.12 480.57 0.9936 587.57 475.25 0.9979 508.54 532.89 0.9854 601.28 530.02 0.9933
73 538.90 280.33 676.10 552.04 0.8706 634.31 311.86 0.5573 632.84 306.25 0.1019 632.37 306.57 0.5728 611.44 305.38 0.0991 625.07 308.17 0.9140 595.19 323.36 0.9926 612.23 341.98 0.9965 565.01 309.53 0.9409 590.93 381.91 0.9878 552.54 310.71 0.8676 588.02 422.96 0.9599 606.23 410.47 0.9970 610.63 419.14 0.9979 628.07 457.82 0.9915 611.88 473.19 0.9945 646.42 498.79 0.9759 602.30 526.81 0.9811
74 607.43 271.44 715.19 522.18 0.8563 683.45 297.00 0.3893 683.46 291.41 0.0640 681.85 291.84 0.3686 659.78 291.80 0.1937 675.85 293.32 0.9249 639.90 320.73 0.9970 669.54 326.27 0.9981 627.90 356.43 0.9629 664.55 372.74 0.9923 621.31 388.32 0.8675 672.69 406.25 0.9675 653.86 398.96 0.9971 672.76 402.88 0.9975 684.98 443.83 0.9837 706.97 442.78 0.9886 669.66 491.37 0.9349 671.90 487.04 0.9484
75 679.13 271.17 800.98 519.58 0.8964 734.20 294.54 0.4965 731.22 289.20 0.0837 731.38 290.15 0.5937 711.13 291.30 0.0823 722.62 293.19 0.9335 700.90 318.85 0.9486 726.13 325.06 0.9968 711.27 347.14 0.3476 748.14 365.58 0.9791 736.84 379.51 0.2175 761.88 392.65 0.8870 711.60 395.82 0.9861 732.10 399.16 0.9966 715.97 445.91 0.9808 756.41 443.35 0.9960 693.37 492.82 0.9744 766.43 491.49 0.9920
76 736.68 262.10 824.98 509.15 0.8486 785.73 288.01 0.7333 784.16 282.44 0.1205 782.60 282.94 0.8318 762.95 281.40 0.0363 771.25 283.03 0.9612 752.05 306.18 0.9126 770.98 310.94 0.9969 765.48 339.01 0.2287 793.27 348.11 0.9783 786.34 370.41 0.1858 811.92 378.52 0.8961 762.09 378.66 0.9694 771.39 381.99 0.9948 783.37 424.65 0.9603 774.98 432.82 0.9947 791.42 470.08 0.9590 767.46 486.63 0.9904
77 727.28 261.67 835.55 503.12 0.8768 825.72 291.21 0.9233 827.68 285.96 0.2601 823.20 285.61 0.9651 814.84 282.11 0.0154 810.55 281.58 0.9796 802.44 299.80 0.8457 795.05 303.94 0.9973 784.29 325.12 0.1527 770.49 330.58 0.9869 772.93 353.17 0.2059 745.04 359.54 0.9560 801.62 374.77 0.9412 796.31 377.75 0.9927 818.44 424.49 0.9471 814.07 427.34 0.9947 798.05 471.91 0.9549 793.68 476.82 0.9916
78 776.18 266.11 859.37 493.23 0.8640 832.69 290.99 0.9782 835.51 286.22 0.8164 828.31 286.08 0.9808 837.18 286.16 0.1576 817.06 285.00 0.9565 840.24 312.01 0.9940 802.32 311.98 0.9969 843.36 346.11 0.9576 789.40 349.14 0.9896 848.65 377.71 0.9597 785.89 383.29 0.9877 833.54 377.86 0.9932 810.70 378.57 0.9946 830.74 426.07 0.9876 822.69 426.78 0.9908 815.65 468.81 0.9627 815.99 470.06 0.9685
79 801.49 267.49 882.05 501.24 0.8709 848.06 290.15 0.9807 849.82 284.49 0.8498 841.73 286.01 0.9895 851.95 285.27 0.1517 828.83 288.96 0.9712 856.89 310.56 0.9602 820.54 320.35 0.9970 861.82 341.08 0.4346 810.85 359.94 0.9785 866.61 381.27 0.4474 820.78 394.94 0.9487 863.05 385.03 0.9632 837.79 391.05 0.9901 872.22 430.72 0.9462 831.92 442.52 0.9876 855.35 470.32 0.9340 833.16 481.62 0.9767
80 843.15 275.36 930.06 540.98 0.7537 884.82 296.63 0.9720 887.32 291.44 0.8616 878.25 292.91 0.9813 890.85 295.00 0.2874 868.56 298.58 0.9492 897.05 323.32 0.9619 863.27 330.36 0.9965 902.72 358.42 0.4499 859.97 373.36 0.9824 913.08 393.29 0.4268 871.63 408.12 0.9560 900.68 397.20 0.9496 880.16 402.20 0.9849 905.93 452.27 0.9021 900.47 457.83 0.9760 891.36 502.40 0.8546 899.03 513.00 0.9468
81 859.83 285.46 976.59 572.09 0.8074 926.37 306.72 0.9838 928.88 301.35 0.9078 918.90 301.89 0.9898 933.24 305.76 0.2809 908.07 307.73 0.9658 945.94 336.21 0.9781 896.46 338.76 0.9977 965.48 356.02 0.5360 873.98 365.68 0.9776 981.91 360.44 0.5624 869.20 394.67 0.9513 938.96 409.60 0.9840 913.18 412.62 0.9950 923.42 465.44 0.9889 928.12 471.00 0.9972 900.24 503.55 0.9886 941.51 541.07 0.9957
82 918.40 294.25 1040.04 575.69 0.9048 974.62 319.42 0.9140 976.18 313.75 0.4573 968.34 314.18 0.9111 975.51 315.54 0.0648 952.72 316.35 0.9007 983.08 347.70 0.9922 939.20 354.18 0.9940 995.90 383.90 0.9719 928.35 402.59 0.9869 1022.67 416.02 0.9720 935.84 439.80 0.9859 984.84 431.43 0.9966 955.12 437.29 0.9970 1001.15 483.37 0.9955 958.86 494.91 0.9963 975.74 522.09 0.9864 961.54 549.73 0.9870
83 958.96 308.79 1071.19 596.27 0.8940 1030.93 337.23 0.9552 1033.85 331.89 0.6601 1025.53 332.07 0.9773 1031.44 333.75 0.0748 1009.89 333.56 0.9562 1030.22 360.56 0.8920 998.71 364.38 0.9966 1034.05 398.12 0.2800 1013.96 394.14 0.9898 1041.02 409.90 0.3729 1031.13 361.98 0.9779 1038.18 448.40 0.9708 1011.36 450.72 0.9952 1049.29 511.47 0.9751 998.42 511.16 0.9966 1043.46 572.64 0.9738 969.39 542.82 0.9942
84 999.79 316.19 1160.65 611.18 0.9168 1086.26 348.95 0.9883 1089.77 343.33 0.8410 1080.45 342.65 0.9902 1090.15 342.57 0.1024 1064.49 340.72 0.9735 1098.14 371.19 0.9972 1042.67 371.90 0.9974 1129.51 393.40 0.9854 1013.08 408.88 0.9868 1147.11 376.13 0.9875 1005.74 450.08 0.9866 1084.66 457.05 0.9974 1055.39 459.15 0.9975 1070.68 515.08 0.9962 1071.95 522.89 0.9960 1040.89 560.26 0.9868 1081.47 589.86 0.9847
85 1055.70 327.79 1216.16 637.39 0.9189 1136.28 364.55 0.9899 1138.71 358.08 0.7398 1130.63 357.82 0.9920 1135.01 356.61 0.0280 1111.30 355.04 0.9805 1139.40 388.15 0.9962 1086.99 390.54 0.9976 1164.41 420.01 0.9790 1064.56 442.04 0.9916 1196.04 431.30 0.9833 1074.73 484.93 0.9914 1135.07 481.98 0.9973 1102.52 485.39 0.9977 1140.30 544.16 0.9955 1104.33 547.66 0.9963 1103.07 577.22 0.9821 1097.03 606.88 0.9828
86 1091.44 347.42 1241.20 664.14 0.9095 1201.64 384.36 0.9856 1205.78 378.21 0.7597 1195.82 377.30 0.9925 1203.58 379.23 0.0565 1175.85 376.37 0.9828 1199.16 407.13 0.9689 1159.00 409.08 0.9980 1211.89 419.26 0.4457 1187.59 426.43 0.9899 1225.89 387.84 0.5042 1217.20 391.76 0.9783 1196.29 506.86 0.9830 1161.82 506.85 0.9956 1202.42 572.70 0.9787 1142.27 566.99 0.9951 1203.34 643.54 0.9672 1109.08 601.86 0.9891
87 1189.00 356.61 1373.78 696.15 0.9253 1268.10 397.64 0.9913 1271.66 390.59 0.7493 1262.72 390.43 0.9929 1268.88 386.76 0.0248 1242.90 385.90 0.9791 1270.87 416.93 0.9954 1215.12 425.07 0.9970 1304.87 447.87 0.9698 1204.47 483.62 0.9874 1347.74 472.73 0.9781 1213.42 535.00 0.9882 1259.20 516.87 0.9971 1229.92 522.67 0.9975 1236.74 582.03 0.9969 1249.27 589.03 0.9973 1204.60 633.46 0.9885 1252.49 664.83 0.9884
88 1258.28 281.56 1396.58 719.56 0.9071 1341.57 406.57 0.9776 1344.28 399.56 0.6155 1335.12 399.21 0.9808 1339.07 396.50 0.0198 1313.75 395.51 0.9519 1336.84 415.20 0.9897 1290.21 423.67 0.9874 1369.10 359.54 0.9448 1269.93 406.01 0.9329 1378.53 314.12 0.9440 1270.44 360.12 0.9331 1323.51 533.77 0.9958 1292.82 538.34 0.9950 1334.10 607.87 0.9958 1288.65 611.67 0.9949 1286.99 635.77 0.9887 1277.36 681.77 0.9852
89 1270.49 318.79 1453.78 747.13 0.9181 1420.76 426.52 0.9269 1426.64 419.25 0.4246 1416.64 416.66 0.9578 1420.36 417.61 0.0251 1396.05 411.01 0.9307 1407.12 440.89 0.8902 1370.73 448.39 0.9941 1415.67 390.83 0.4086 1375.52 430.10 0.9902 1427.39 348.40 0.5752 1409.90 376.71 0.9837 1397.34 561.10 0.9904 1365.98 562.62 0.9977 1403.69 638.79 0.9956 1343.45 638.13 0.9990 1399.33 720.48 0.9948 1285.91 675.13 0.9984
90 1378.33 347.49 1619.73 786.49 0.9316 1501.27 434.91 0.9344 1501.44 427.57 0.2008 1495.37 427.70 0.9332 1489.49 427.06 0.0059 1471.26 426.88 0.9272 1486.97 456.13 0.9858 1447.54 459.21 0.9927 1539.02 424.73 0.9678 1453.33 441.44 0.9938 1585.34 387.84 0.9842 1483.19 391.18 0.9961 1463.91 577.37 0.9982 1446.53 581.93 0.9987 1437.02 647.71 0.9984 1465.72 661.76 0.9989 1392.87 706.93 0.9932 1471.03 750.20 0.9941
91 1462.32 410.77 1655.74 810.80 0.9173 1584.68 451.77 0.9907 1585.53 443.70 0.5194 1577.44 444.17 0.9923 1576.56 445.34 0.0075 1554.04 445.87 0.9882 1580.00 488.62 0.9974 1529.09 494.97 0.9985 1600.14 548.04 0.9904 1562.97 571.54 0.9970 1626.47 604.76 0.9948 1600.91 622.25 0.9978 1558.45 609.44 0.9987 1524.14 613.72 0.9989 1544.74 689.07 0.9983 1524.61 693.74 0.9987 1479.52 724.24 0.9908 1506.61 774.52 0.9912
92 1473.75 439.23 1725.78 833.34 0.9336 1716.35 489.06 0.9175 1719.66 481.16 0.1623 1711.80 480.17 0.9592 1690.92 479.59 0.0103 1682.48 478.31 0.9848 1671.35 510.55 0.9469 1642.98 516.00 0.9989 1583.88 541.43 0.2803 1571.29 545.49 0.9945 1516.00 585.65 0.2685 1506.77 592.82 0.9770 1643.90 641.05 0.9930 1614.88 639.00 0.9988 1647.71 721.02 0.9945 1580.08 719.41 0.9991 1642.54 810.77 0.9921 1505.70 758.23 0.9979
93 1586.85 458.64 1840.96 876.05 0.9380 1818.79 514.07 0.9530 1823.03 506.11 0.2039 1814.76 504.45 0.9815 1806.20 499.28 0.0083 1788.67 495.12 0.9926 1777.89 530.72 0.9553 1738.61 531.14 0.9994 1740.20 567.68 0.2319 1667.99 564.74 0.9964 1719.91 624.12 0.2473 1619.38 610.19 0.9844 1723.02 648.62 0.9932 1705.04 651.26 0.9991 1687.86 725.64 0.9953 1730.53 740.13 0.9995 1632.43 790.15 0.9941 1714.95 834.62 0.9987
94 1693.12 484.40 2030.43 907.21 0.9409 1885.92 550.24 0.9934 1894.30 542.14 0.9247 1877.36 540.27 0.9950 1902.41 532.29 0.1714 1856.10 526.98 0.9789 1914.82 558.52 0.9971 1816.25 557.16 0.9985 1967.52 574.77 0.9316 1757.02 605.38 0.9869 2001.45 567.12 0.9197 1800.79 610.56 0.9782 1849.69 685.09 0.9979 1798.38 684.99 0.9983 1797.02 766.41 0.9961 1803.07 775.88 0.9974 1718.73 791.94 0.9870 1779.51 864.33 0.9894
95 1774.59 463.91 2041.04 948.08 0.9305 1932.59 560.35 0.9733 1945.88 552.60 0.9710 1929.20 548.55 0.8661 1973.95 546.06 0.8858 1924.90 536.57 0.2401 1992.94 578.16 0.9868 1903.90 567.52 0.9915 2023.26 571.60 0.8989 1890.69 580.40 0.9515 2001.80 504.14 0.8970 1946.27 546.44 0.9245 1934.52 717.89 0.9946 1872.73 704.53 0.9955 1911.26 819.66 0.9933 1831.94 791.00 0.9946 1892.51 911.52 0.9795 1796.24 869.78 0.9848
96 1810.08 510.68 2048.00 976.62 0.9311 2017.29 576.62 0.9747 2029.62 568.99 0.9765 2010.92 563.55 0.9293 2048.00 572.74 0.7874 2001.17 559.89 0.2320 2048.00 628.94 0.4666 1980.33 595.25 0.9894 2042.68 704.66 0.0495 1936.33 623.10 0.8591 2017.43 730.50 0.1199 1946.98 618.19 0.6982 1985.81 757.96 0.7335 1937.25 739.46 0.9750 1940.81 849.37 0.8315 1889.76 835.68 0.9865 1890.56 922.24 0.8962 1857.45 935.87 0.9861
97 1802.07 535.95 2047.85 1017.16 0.9236 2014.17 603.40 0.9821 2029.25 594.58 0.9646 2005.39 587.73 0.9589 2048.00 601.34 0.5573 1990.12 583.29 0.3617 2048.00 663.29 0.7739 1960.65 620.23 0.9943 2037.30 755.81 0.2076 1901.38 670.10 0.9942 2021.99 822.78 0.4618 1876.06 726.15 0.9934 1980.41 798.44 0.9377 1922.09 777.03 0.9914 1947.78 889.08 0.9337 1883.15 872.26 0.9936 1894.51 943.98 0.8976 1854.97 971.66 0.9829
98 1802.80 569.43 2047.79 1106.08 0.9379 2011.95 637.78 0.9821 2029.01 630.00 0.9540 2005.24 620.74 0.9842 2044.12 640.28 0.5163 1985.92 615.73 0.8575 2038.75 702.53 0.9012 1932.49 657.02 0.9966 2029.28 793.94 0.2889 1880.63 719.12 0.9825 1986.72 860.02 0.3846 1862.10 754.61 0.9622 1961.57 848.70 0.9535 1894.05 819.83 0.9915 1909.56 960.50 0.9622 1859.34 899.89 0.9934 1862.81 1052.01 0.9505 1845.58 978.60 0.9883
99 1737.42 604.49 2047.26 1142.96 0.9364 2006.75 676.67 0.9897 2027.93 669.07 0.9771 1999.94 657.90 0.9831 2048.00 681.42 0.6778 1982.48 652.41 0.6789 2048.00 759.64 0.9597 1925.79 710.84 0.9983 2029.71 872.50 0.4979 1853.99 793.88 0.9981 2005.33 962.59 0.6693 1806.56 872.92 0.9976 1947.94 917.97 0.9890 1868.37 887.79 0.9976 1896.15 1016.28 0.9849 1815.41 974.10 0.9975 1822.24 1079.16 0.9584 1782.10 1041.82 0.9902
100 1669.05 666.25 2045.03 1243.97 0.9372 1942.04 747.27 0.9924 1964.60 742.71 0.9935 1934.91 728.80 0.9543 1996.54 752.16 0.9438 1919.89 717.59 0.2875 2004.00 818.73 0.9958 1877.73 756.23 0.9934 2013.64 895.82 0.9711 1843.52 782.36 0.9443 2002.33 823.37 0.9656 1906.70 755.33 0.9360 1892.75 978.76 0.9973 1807.01 951.28 0.9968 1863.70 1089.54 0.9956 1766.08 1074.44 0.9953 1831.52 1110.44 0.9831 1732.50 1183.71 0.9820
101 1639.07 614.13 2035.66 1389.66 0.9232 1871.84 811.11 0.9880 1895.41 805.10 0.9894 1873.17 791.95 0.8441 1935.73 810.54 0.9650 1871.53 779.05 0.0709 1957.89 850.85 0.9972 1825.74 826.20 0.9974 2012.53 793.18 0.9853 1743.39 891.70 0.9896 1962.26 680.82 0.9865 1680.12 990.11 0.9801 1836.73 1057.87 0.9988 1753.85 1022.42 0.9989 1764.07 1187.23 0.9980 1703.60 1108.47 0.9979 1714.98 1299.98 0.9865 1703.22 1199.17 0.9889
102 1551.53 637.12 1996.84 1421.77 0.9211 1817.94 912.69 0.9965 1840.18 901.01 0.9973 1810.10 889.05 0.9596 1884.79 889.98 0.9629 1804.00 863.01 0.0905 1928.03 935.59 0.9950 1790.93 900.03 0.9969 1965.79 862.71 0.9877 1709.14 870.18 0.9968 1910.71 739.48 0.9951 1656.70 828.05 0.9979 1796.34 1152.64 0.9988 1712.30 1114.46 0.9991 1732.21 1275.93 0.9958 1644.73 1204.06 0.9969 1630.68 1344.68 0.9623 1612.72 1264.08 0.9762
103 1506.66 711.49 1913.68 1495.46 0.9381 1719.60 1027.72 0.9943 1743.10 1012.82 0.9962 1707.95 1002.21 0.8849 1798.06 998.69 0.9816 1700.34 969.82 0.0544 1843.91 1080.37 0.9975 1695.93 967.06 0.9963 1789.73 1233.33 0.9936 1674.35 847.88 0.9783 1689.59 1292.61 0.9881 1762.28 778.03 0.9816 1708.36 1298.22 0.9962 1602.44 1248.27 0.9958 1633.97 1430.69 0.8103 1548.70 1422.44 0.7825 1630.75 1483.73 0.1307 1543.47 1500.00 0.1118
104 1484.06 862.76 1889.44 1494.83 0.8984 1681.78 1176.70 0.9951 1716.26 1164.29 0.9967 1672.48 1142.73 0.9408 1783.37 1155.97 0.9798 1660.06 1099.76 0.0807 1814.15 1271.18 0.9835 1637.14 1118.29 0.9945 1798.13 1451.86 0.5686 1589.06 1052.21 0.9747 1717.39 1463.77 0.4118 1700.28 925.98 0.9733 1642.35 1456.45 0.4298 1521.91 1380.87 0.5995 1583.79 1473.06 0.0189 1483.07 1411.85 0.0528 1569.28 1469.90 0.0038 1546.15 1469.72 0.0089
105 1427.18 1195.75 1844.76 1496.72 0.8708 1618.84 1366.78 0.9881 1666.38 1362.55 0.9948 1621.63 1325.70 0.8612 1757.77 1363.74 0.9734 1631.50 1275.81 0.0438 1807.03 1431.09 0.8072 1570.84 1304.36 0.9618 1787.97 1500.00 0.0903 1463.76 1476.17 0.3039 1655.24 1476.34 0.0815 1488.85 1491.30 0.1146 1646.33 1500.00 0.0221 1500.87 1450.37 0.0672 1582.95 1500.00 0.0036 1457.34 1331.71 0.0140 1554.95 1442.82 0.0042 1494.62 1449.51 0.0168
106 1283.93 1345.67 1519.59 1499.41 0.8404 1290.04 1496.73 0.4679 1313.91 1489.58 0.7472 1295.25 1480.94 0.1859 1404.40 1495.51 0.6569 1355.87 1470.34 0.0211 1441.49 1500.00 0.0505 1350.82 1480.18 0.0592 1417.44 1500.00 0.0118 1322.11 1488.46 0.0117 1307.02 1496.03 0.0215 1309.24 1490.21 0.0183 1409.82 1500.00 0.0060 1346.97 1500.00 0.0072 1371.42 1500.00 0.0055 1288.52 1465.70 0.0068 1347.02 1494.80 0.0182 1302.95 1500.00 0.0247
107 936.71 1385.77 1153.11 1497.94 0.4774 943.64 1471.75 0.0228 941.07 1463.11 0.0538 965.53 1462.94 0.0206 949.31 1479.84 0.5529 1105.91 1474.54 0.3237 941.25 1495.60 0.0894 1136.09 1493.67 0.0705 938.11 1488.84 0.0082 1089.91 1484.48 0.0055 948.34 1484.07 0.0070 997.51 1484.35 0.0061 987.84 1494.48 0.0028 1131.43 1492.55 0.0026 950.95 1466.57 0.0036 1047.98 1465.17 0.0029 968.50 1481.82 0.0218 1028.84 1473.20 0.0198
108 625.88 1351.78 819.48 1497.74 0.7402 792.89 1461.53 0.0176 778.49 1456.68 0.0160 796.64 1452.73 0.0385 635.93 1468.73 0.5538 815.17 1468.27 0.7035 610.74 1493.58 0.2081 831.87 1493.37 0.1805 631.72 1470.11 0.0094 840.34 1466.52 0.0095 723.24 1456.40 0.0055 829.06 1468.34 0.0045 635.63 1483.20 0.0048 793.96 1479.64 0.0041 667.43 1429.74 0.0041 788.42 1422.35 0.0036 691.64 1486.88 0.0259 763.62 1482.43 0.0232
109 221.59 1207.52 752.26 1492.28 0.8980 534.51 1343.81 0.0445 510.45 1330.08 0.0499 535.70 1318.41 0.0274 413.38 1364.17 0.8727 567.65 1324.66 0.8218 384.33 1500.00 0.8782 682.46 1445.88 0.8541 305.09 1500.00 0.1440 697.41 1466.32 0.0675 227.87 1483.06 0.0679 516.42 1441.87 0.0490 475.37 1500.00 0.0025 675.30 1477.13 0.0026 350.92 1469.34 0.0015 515.41 1429.43 0.0012 405.65 1500.00 0.0035 525.13 1500.00 0.0032
110 173.32 910.49 584.29 1489.13 0.8895 353.40 1149.88 0.0165 336.67 1137.77 0.0115 356.65 1128.89 0.0268 271.11 1170.99 0.8964 395.79 1141.83 0.9341 229.89 1359.75 0.9108 476.51 1242.82 0.9970 231.87 1412.29 0.0355 498.57 1089.13 0.9808 282.58 1206.82 0.0099 414.28 960.44 0.8224 364.30 1500.00 0.0100 535.08 1475.64 0.0639 320.11 1434.10 0.0003 494.32 1337.67 0.0035 375.24 1500.00 0.0003 475.15 1500.00 0.0028
111 61.81 852.76 532.87 1494.43 0.8724 278.04 967.68 0.1125 255.32 957.96 0.0316 271.96 953.84 0.0882 160.41 999.88 0.4485 255.14 987.07 0.7872 140.10 1126.96 0.9858 280.09 1048.55 0.9909 192.89 1123.05 0.9176 302.29 901.45 0.9796 226.38 1127.35 0.7618 250.63 973.16 0.9401 257.58 1334.50 0.9690 356.14 1311.44 0.9730 350.75 1302.27 0.5162 401.57 1246.42 0.6253 447.14 1474.97 0.0972 464.62 1452.27 0.1419
112 47.11 767.12 417.46 1491.71 0.9085 230.96 880.88 0.2601 219.49 869.89 0.0748 225.47 867.49 0.2616 147.58 886.39 0.5553 204.04 881.60 0.9308 163.88 957.69 0.9984 186.62 949.25 0.9992 187.26 929.89 0.9838 218.57 932.39 0.9982 198.60 965.53 0.9460 233.27 934.08 0.9932 284.76 1160.17 0.9978 292.54 1163.98 0.9983 326.27 1297.73 0.9572 321.27 1294.33 0.9742 372.41 1375.22 0.6398 380.98 1403.17 0.7331
113 31.05 544.08 410.89 1426.40 0.8931 148.80 785.78 0.1207 141.59 786.40 0.0273 157.62 777.01 0.0514 89.22 817.23 0.3765 173.60 786.69 0.6343 85.26 941.59 0.9935 223.92 834.69 0.9943 111.17 1095.56 0.9692 210.17 690.47 0.9779 165.30 1170.16 0.8809 142.96 591.26 0.9119 193.67 1110.72 0.9984 303.08 1061.26 0.9987 212.07 1233.00 0.9907 353.95 1201.54 0.9914 249.78 1349.94 0.9279 367.65 1298.75 0.9305
114 0.35 671.11 375.36 1233.85 0.9205 136.90 741.93 0.0374 123.53 730.59 0.0078 129.74 728.08 0.0577 55.97 744.99 0.4355 126.98 737.05 0.9564 31.21 839.90 0.9666 176.40 818.65 0.9993 10.86 895.03 0.1780 262.40 902.48 0.9928 57.45 887.85 0.0384 292.79 927.53 0.8592 138.84 1015.45 0.9845 226.05 1003.21 0.9978 188.66 1103.36 0.9464 265.53 1040.96 0.9944 272.07 1207.20 0.9089 316.88 1159.04 0.9859
115 47.55 523.35 416.87 1232.33 0.9379 227.48 694.20 0.1514 216.51 683.32 0.0379 225.88 682.52 0.1383 150.28 684.59 0.4682 212.63 690.25 0.9366 110.50 736.07 0.9981 209.65 774.58 0.9991 74.00 658.07 0.9885 224.54 898.67 0.9977 62.84 595.65 0.9565 259.88 928.17 0.9887 169.26 938.90 0.9987 231.48 943.57 0.9989 209.21 1042.22 0.9945 290.83 958.39 0.9951 270.14 1146.04 0.9698 323.17 1071.26 0.9793
116 10.09 551.48 421.15 1081.68 0.9396 317.26 634.72 0.4801 314.27 622.56 0.0767 316.51 623.01 0.4696 259.80 613.74 0.2429 301.28 621.04 0.9820 212.58 660.37 0.9996 296.52 696.50 0.9994 128.70 636.06 0.9982 320.48 800.80 0.9922 60.20 599.70 0.9915 365.06 875.09 0.9686 257.84 837.08 0.9997 307.77 852.02 0.9996 281.37 945.83 0.9991 346.56 930.33 0.9985 275.02 1032.37 0.9941 359.95 1045.24 0.9918
117 129.92 529.81 470.47 1048.58 0.9278 391.93 593.53 0.8207 389.18 584.20 0.0795 386.63 582.80 0.8425 336.74 581.28 0.0273 360.24 583.99 0.9909 297.79 620.67 0.9993 349.70 642.59 0.9993 225.91 616.44 0.9968 366.81 722.20 0.9955 168.20 600.60 0.9901 392.03 784.81 0.9874 360.41 783.80 0.9994 375.79 798.51 0.9993 412.20 859.43 0.9982 413.84 889.73 0.9982 424.17 929.36 0.9907 368.64 1003.79 0.9892
118 317.52 495.86 654.94 939.32 0.9369 491.46 563.72 0.9520 491.67 551.19 0.0886 487.34 554.26 0.9633 440.51 541.43 0.0048 457.76 552.98 0.9927 410.48 567.32 0.9978 430.58 607.42 0.9994 376.85 547.92 0.9691 400.48 679.47 0.9981 346.18 527.49 0.9711 388.89 752.11 0.9962 430.10 729.84 0.9995 456.38 746.29 0.9996 424.91 813.14 0.9994 535.09 806.41 0.9996 415.64 901.18 0.9968 594.98 877.97 0.9974
119 521.84 477.01 697.60 909.41 0.9133 624.95 527.50 0.8710 621.41 517.50 0.0721 619.33 520.28 0.9405 587.07 515.28 0.0057 593.74 522.35 0.9870 565.62 558.36 0.9162 562.54 580.34 0.9987 577.19 629.81 0.1654 574.72 671.98 0.9960 609.43 699.34 0.2062 619.95 733.23 0.9849 590.89 698.41 0.9832 590.64 715.39 0.9981 614.09 768.29 0.9863 637.12 788.50 0.9990 565.03 833.15 0.9825 636.85 879.66 0.9972
120 622.38 457.07 830.76 905.61 0.9188 724.45 488.45 0.6349 718.81 482.94 0.0391 717.40 483.05 0.7249 683.18 498.28 0.0207 703.94 501.76 0.9760 667.25 540.46 0.9837 701.02 567.08 0.9985 685.64 560.32 0.4204 727.54 636.74 0.9673 712.11 543.95 0.1844 764.90 646.52 0.7482 709.73 678.05 0.9950 719.06 694.37 0.9985 761.09 746.03 0.9918 716.62 787.15 0.9980 782.05 825.33 0.9855 649.03 866.27 0.9943
121 736.53 435.35 938.48 855.85 0.9223 816.20 473.70 0.1467 812.66 467.28 0.0214 812.81 467.73 0.1951 771.98 476.58 0.2291 806.32 478.85 0.9370 759.00 522.56 0.9816 804.17 534.08 0.9994 755.70 574.36 0.3572 811.32 619.22 0.9971 783.16 639.60 0.1248 833.57 690.49 0.9616 773.83 654.93 0.9954 811.04 659.67 0.9991 788.93 737.12 0.9873 859.14 724.67 0.9983 785.77 829.32 0.9750 887.72 803.72 0.9947
122 743.80 422.36 997.62 832.95 0.9304 875.12 466.91 0.0309 872.88 459.48 0.0238 875.47 460.42 0.0171 860.04 463.25 0.8667 897.45 462.88 0.8262 837.24 512.61 0.9997 920.41 510.35 0.9995 806.01 572.98 0.9984 952.19 570.01 0.9971 770.22 622.89 0.9863 979.59 615.23 0.9772 854.41 638.09 0.9999 910.73 636.89 0.9999 852.50 719.41 0.9993 917.38 714.11 0.9992 850.12 802.03 0.9960 922.95 793.80 0.9956
123 703.31 396.76 1025.51 825.92 0.9346 868.17 446.89 0.4227 874.33 443.47 0.4523 872.89 444.62 0.0562 876.26 460.82 0.9767 909.52 460.24 0.2795 854.92 502.83 0.9996 928.16 492.79 0.9994 793.16 508.60 0.9986 962.16 457.07 0.9966 735.25 499.71 0.9940 994.98 418.89 0.9864 872.28 629.20 0.9999 914.52 626.91 0.9998 874.40 719.21 0.9995 917.59 711.89 0.9994 888.93 798.44 0.9963 923.55 789.89 0.9960
124 767.33 331.65 935.96 827.94 0.9209 844.86 434.94 0.4341 849.43 430.67 0.4596 850.56 432.13 0.0379 859.55 446.94 0.9577 889.91 447.21 0.0788 846.25 487.84 0.9983 905.06 481.58 0.9976 802.92 440.26 0.9958 918.20 422.59 0.9942 784.36 379.17 0.9910 911.53 366.56 0.9901 867.18 619.20 0.9994 900.12 617.17 0.9993 858.97 712.80 0.9963 895.20 705.52 0.9964 882.39 796.96 0.9695 906.97 776.69 0.9740
125 775.78 393.62 915.11 810.72 0.9006 836.76 435.30 0.0653 838.42 429.99 0.0603 837.46 429.25 0.0216 838.47 442.01 0.7128 873.39 436.74 0.4133 832.37 477.84 0.9964 897.35 471.96 0.9917 790.13 435.34 0.9939 896.44 448.97 0.9418 824.91 416.19 0.9757 895.22 423.75 0.8425 858.54 610.66 0.9994 899.21 606.12 0.9991 843.54 690.05 0.9990 882.90 675.96 0.9982 872.18 767.95 0.9960 896.30 763.91 0.9942
126 690.91 315.01 904.42 789.56 0.9360 794.25 424.31 0.1937 795.76 419.72 0.1757 798.33 417.30 0.0358 800.67 431.04 0.8497 836.20 423.34 0.2655 798.05 463.17 0.9962 855.34 454.00 0.9956 749.16 429.67 0.9914 865.03 399.38 0.9806 711.05 375.68 0.9751 848.35 340.51 0.9503 833.09 593.29 0.9985 870.50 592.86 0.9984 809.41 659.68 0.9949 877.30 678.01 0.9938 798.91 723.08 0.9727 884.28 755.21 0.9691
127 640.70 374.30 865.78 738.38 0.9178 730.25 407.25 0.0382 729.53 400.84 0.0388 729.72 401.22 0.0104 730.22 408.10 0.9107 762.92 404.01 0.6531 727.92 456.05 0.9998 792.78 446.54 0.9991 705.36 517.09 0.9994 829.68 483.83 0.9817 671.71 566.87 0.9930 856.55 498.09 0.8687 757.58 564.89 0.9999 796.64 559.82 0.9998 769.61 639.39 0.9992 796.39 623.91 0.9982 792.92 711.92 0.9946 811.02 687.63 0.9903
128 663.57 358.54 788.11 724.90 0.9121 699.48 390.38 0.0453 699.12 383.95 0.0374 700.27 383.78 0.0165 699.29 389.01 0.8313 728.60 386.42 0.5857 688.28 438.45 0.9986 751.71 430.81 0.9987 680.62 505.44 0.9847 767.11 491.99 0.9902 695.21 531.96 0.8652 770.71 536.70 0.9115 713.98 542.98 0.9994 751.82 539.70 0.9994 725.44 619.79 0.9965 733.57 607.32 0.9967 763.84 680.73 0.9817 736.53 665.29 0.9835
129 619.16 342.85 750.33 679.73 0.9086 657.64 375.03 0.0581 654.90 368.61 0.0554 657.30 368.83 0.0245 652.71 374.49 0.8035 684.15 370.66 0.5910 651.75 419.75 0.9985 706.23 408.84 0.9939 649.33 480.07 0.9942 728.23 448.25 0.9053 644.03 529.52 0.9545 712.63 473.96 0.6504 671.77 519.36 0.9993 710.76 516.93 0.9987 658.05 576.25 0.9978 721.05 584.01 0.9954 656.33 628.88 0.9930 735.01 654.17 0.9870
130 550.23 325.09 675.45 642.02 0.9036 600.43 356.28 0.0769 599.99 350.49 0.0671 600.65 350.83 0.0296 596.63 355.67 0.8585 625.25 354.84 0.6482 590.49 397.73 0.9990 643.76 395.30 0.9988 578.10 448.54 0.9952 659.34 447.61 0.9917 565.16 483.30 0.9658 661.84 490.98 0.9460 608.00 492.73 0.9995 642.06 491.26 0.9995 624.73 559.40 0.9968 647.92 549.16 0.9962 649.76 618.55 0.9802 660.55 604.80 0.9788
131 515.67 314.59 640.16 609.79 0.9025 559.37 343.46 0.0327 559.06 338.20 0.0267 559.17 338.31 0.0134 556.40 342.85 0.8455 583.23 340.51 0.6745 549.82 382.81 0.9994 605.56 379.18 0.9992 539.57 429.64 0.9968 621.23 429.38 0.9963 528.47 458.54 0.9728 626.63 471.59 0.9725 572.78 471.58 0.9998 607.17 469.98 0.9998 576.77 533.00 0.9984 595.24 530.03 0.9984 615.00 578.59 0.9903 608.88 581.15 0.9904
132 490.27 310.64 616.74 604.90 0.9122 511.37 342.95 0.0486 507.41 337.45 0.0431 512.62 336.88 0.0264 502.31 341.73 0.6812 534.58 335.55 0.5469 509.07 379.69 0.9957 556.93 366.33 0.9786 520.27 429.53 0.9754 580.19 399.71 0.7405 530.10 470.31 0.8301 569.20 431.09 0.4001 537.91 462.65 0.9979 573.79 458.36 0.9953 525.29 516.49 0.9951 581.82 520.28 0.9885 521.05 568.44 0.9890 598.60 578.90 0.9781
133 434.72 299.10 547.96 585.73 0.9084 482.01 326.06 0.0365 476.57 320.83 0.0222 480.33 320.92 0.0224 460.17 326.67 0.6453 488.37 321.50 0.7485 454.09 364.50 0.9983 510.51 352.64 0.9963 454.95 416.82 0.9919 532.44 395.41 0.9447 456.47 448.76 0.9213 517.47 406.30 0.6694 488.13 445.28 0.9988 523.40 438.15 0.9982 500.91 507.64 0.9911 523.29 483.44 0.9849 515.52 566.68 0.9559 529.80 522.71 0.9380
134 431.42 294.82 552.76 583.23 0.8923 489.12 320.56 0.0097 484.22 315.66 0.0052 487.58 315.97 0.0074 465.14 317.80 0.4119 489.26 317.42 0.5876 449.25 345.09 0.9767 504.25 341.28 0.9889 438.75 346.26 0.6203 539.07 364.69 0.7768 468.54 327.04 0.1065 526.11 354.88 0.1492 478.65 426.15 0.9912 506.86 419.27 0.9941 493.15 490.73 0.9684 497.99 454.89 0.9785 514.90 544.70 0.9410 504.67 500.67 0.9601
135 442.58 206.07 557.66 463.20 0.8956 505.50 233.48 0.4578 504.21 227.66 0.0541 503.82 228.33 0.5646 476.14 224.93 0.0851 494.52 226.71 0.9557 453.42 248.31 0.9719 495.30 253.73 0.9986 455.78 275.40 0.3947 510.75 290.85 0.9940 488.95 295.14 0.2243 540.55 315.12 0.9586 461.54 329.82 0.9920 490.71 333.61 0.9982 471.34 383.91 0.9829 499.85 386.89 0.9971 472.74 430.41 0.9719 499.73 442.06 0.9924
136 456.91 180.04 583.05 462.07 0.8927 516.94 212.81 0.9558 518.34 207.06 0.4246 512.25 206.26 0.9731 509.92 205.75 0.0187 495.30 203.36 0.9675 502.02 231.35 0.9586 479.56 232.20 0.9959 506.24 274.70 0.6329 464.39 275.78 0.9894 529.12 308.90 0.6732 470.62 318.72 0.9800 516.98 317.33 0.9820 500.01 322.28 0.9940 536.64 367.97 0.9823 511.12 379.38 0.9951 543.48 419.73 0.9708 504.39 438.61 0.9880
137 480.17 189.69 589.80 459.49 0.8975 536.65 217.83 0.9812 539.04 212.46 0.7810 531.15 213.31 0.9827 539.50 211.34 0.0896 516.39 212.65 0.9583 547.99 236.03 0.9955 499.38 240.84 0.9970 561.09 273.67 0.9774 489.59 284.32 0.9908 564.39 314.01 0.9814 499.38 321.54 0.9918 551.78 317.07 0.9969 520.30 322.13 0.9973 566.33 367.70 0.9967 541.75 374.46 0.9973 564.58 419.73 0.9908 534.45 431.06 0.9913
138 472.10 237.68 616.54 523.33 0.9161 551.61 271.67 0.9816 554.71 265.35 0.9228 544.31 266.23 0.9787 559.45 261.33 0.4505 532.20 263.92 0.9221 572.17 280.05 0.9952 519.32 285.38 0.9973 601.01 295.39 0.9480 490.07 305.36 0.9862 598.97 293.98 0.9334 486.50 309.42 0.9797 581.61 363.08 0.9935 548.86 370.83 0.9950 599.63 413.27 0.9826 566.79 432.30 0.9889 587.60 432.93 0.9503 581.89 498.85 0.9619
139 538.15 294.98 671.29 562.44 0.9141 575.78 324.38 0.9840 580.57 318.18 0.9504 569.28 319.39 0.9797 587.59 319.49 0.6024 558.97 322.75 0.8909 600.74 347.23 0.9927 554.70 357.22 0.9974 615.79 379.90 0.9129 555.68 400.91 0.9857 618.87 417.18 0.9052 586.67 422.77 0.9795 611.59 427.34 0.9932 579.72 432.62 0.9961 628.99 482.52 0.9901 589.80 483.24 0.9949 645.24 537.54 0.9799 595.76 523.15 0.9879
140 565.83 298.49 705.15 595.27 0.9144 601.26 324.85 0.9925 606.40 318.09 0.9855 594.46 320.49 0.9764 617.34 320.51 0.8775 587.60 326.79 0.7548 641.76 355.97 0.9988 581.44 366.00 0.9985 667.40 394.53 0.9909 578.45 412.01 0.9869 689.07 434.23 0.9879 580.99 455.48 0.9836 647.68 441.94 0.9980 609.41 448.13 0.9979 655.04 503.11 0.9969 621.25 507.16 0.9968 656.63 557.12 0.9902 627.43 566.26 0.9899
141 572.18 324.83 707.44 637.98 0.9161 599.77 350.95 0.9927 603.97 343.46 0.9914 591.46 347.59 0.9597 618.01 344.92 0.9475 588.01 356.08 0.4677 646.80 380.29 0.9979 587.47 396.92 0.9978 671.71 411.70 0.9802 584.37 445.77 0.9838 690.61 437.53 0.9738 583.88 487.31 0.9786 654.90 473.36 0.9959 617.22 484.60 0.9961 669.03 533.63 0.9905 641.85 549.22 0.9923 659.14 561.71 0.9680 656.47 610.92 0.9734
142 575.77 341.21 704.93 667.29 0.9174 598.23 375.29 0.9944 604.07 367.56 0.9958 594.03 369.40 0.8981 621.56 365.35 0.9841 593.02 371.99 0.1033 652.24 400.60 0.9986 592.35 412.18 0.9980 673.26 445.27 0.9901 585.11 458.89 0.9825 678.08 487.30 0.9887 601.00 482.13 0.9833 659.01 501.38 0.9982 619.55 506.97 0.9980 673.94 570.47 0.9978 637.25 570.70 0.9977 689.35 630.28 0.9921 654.59 610.49 0.9928
143 581.35 360.15 718.39 702.04 0.9240 597.15 404.16 0.9908 602.19 395.21 0.9931 592.98 397.41 0.7512 623.71 388.40 0.9803 595.58 396.90 0.0319 663.49 424.81 0.9983 598.85 436.28 0.9971 691.14 476.15 0.9938 599.10 486.57 0.9842 703.97 528.78 0.9939 594.49 532.64 0.9871 667.55 533.30 0.9989 624.59 538.66 0.9987 679.45 604.43 0.9988 628.72 606.56 0.9987 685.72 658.75 0.9948 642.44 664.81 0.9952
144 546.41 395.82 701.86 761.77 0.9240 580.62 445.80 0.9920 583.84 435.28 0.9914 571.15 440.43 0.9541 596.98 423.20 0.9468 563.86 437.91 0.4391 633.55 455.12 0.9983 564.37 469.37 0.9979 663.87 512.29 0.9907 564.37 522.02 0.9873 670.91 571.23 0.9876 564.79 574.59 0.9844 637.56 570.95 0.9971 591.13 581.65 0.9970 657.21 639.04 0.9904 606.44 662.10 0.9915 680.27 661.02 0.9618 624.79 727.39 0.9651
145 515.48 429.62 674.68 821.31 0.9178 587.61 483.15 0.9921 594.11 472.92 0.9828 578.44 477.09 0.9806 604.78 461.49 0.8192 564.48 472.25 0.7848 632.22 491.01 0.9984 554.07 509.71 0.9983 651.52 532.35 0.9904 535.78 566.30 0.9912 661.49 578.78 0.9900 528.35 618.37 0.9913 635.21 617.24 0.9986 585.83 622.70 0.9986 643.27 703.25 0.9978 600.53 694.53 0.9976 652.11 787.20 0.9908 611.16 727.28 0.9910
146 543.65 454.55 727.93 889.88 0.9239 603.64 510.18 0.9953 607.91 497.76 0.9816 591.90 504.88 0.9905 616.90 483.76 0.6674 575.10 501.54 0.9039 649.90 519.26 0.9992 565.24 541.08 0.9989 687.12 573.85 0.9955 563.31 603.57 0.9918 709.95 628.89 0.9949 574.95 658.48 0.9913 657.14 653.53 0.9990 603.16 667.16 0.9989 663.56 740.58 0.9982 615.99 757.47 0.9981 657.87 794.75 0.9929 618.97 850.15 0.9922
147 440.99 492.50 794.77 953.27 0.9454 658.66 552.19 0.9957 660.23 540.93 0.7736 646.60 545.36 0.9971 652.15 532.51 0.0189 613.79 543.40 0.9936 668.59 568.09 0.9990 578.05 593.29 0.9994 713.52 600.72 0.9902 521.49 657.02 0.9963 760.74 628.43 0.9886 477.20 720.04 0.9945 672.20 714.06 0.9994 617.04 731.21 0.9995 692.93 792.72 0.9989 637.33 819.55 0.9991 678.29 829.47 0.9939 644.33 908.26 0.9936
148 629.32 416.60 848.25 960.84 0.9275 742.84 559.00 0.9468 743.21 549.23 0.1180 736.61 550.70 0.9720 718.01 552.06 0.0016 707.11 553.80 0.9754 716.24 601.67 0.8782 670.77 592.18 0.9971 715.58 650.49 0.2581 660.44 555.62 0.9942 740.49 715.13 0.3307 684.46 471.87 0.9900 735.89 743.13 0.9913 694.10 746.90 0.9987 763.91 827.88 0.9950 679.12 832.09 0.9994 785.07 923.74 0.9920 649.84 910.02 0.9981
149 725.74 502.96 943.07 988.48 0.9219 867.07 564.91 0.6863 867.29 557.43 0.0553 865.16 557.76 0.7804 826.97 553.94 0.0168 844.55 557.76 0.9599 809.71 577.79 0.9598 800.16 597.64 0.9982 801.86 598.12 0.4404 753.03 654.72 0.9958 821.82 665.65 0.3959 744.16 725.63 0.9833 806.85 734.96 0.9959 810.97 746.96 0.9990 808.92 833.41 0.9965 867.73 841.34 0.9994 787.74 928.23 0.9926 880.34 947.34 0.9978
150 818.22 482.98 1029.22 975.28 0.9221 999.71 559.84 0.1683 992.92 550.02 0.0175 994.14 553.70 0.1546 946.13 550.78 0.0483 975.79 559.03 0.8041 912.89 596.86 0.9911 955.05 588.10 0.9914 872.41 648.24 0.9936 997.24 532.62 0.9883 842.99 690.66 0.9905 961.05 483.91 0.9785 932.89 741.64 0.9991 947.62 749.14 0.9991 957.64 814.97 0.9989 979.67 836.45 0.9988 896.21 879.95 0.9960 959.59 931.98 0.9949
151 921.07 464.29 1254.75 975.42 0.9397 1135.85 564.98 0.0365 1135.27 556.48 0.0139 1136.45 558.05 0.0319 1094.02 553.85 0.4503 1132.96 561.14 0.7122 1045.57 584.23 0.9954 1110.56 595.74 0.9970 985.61 577.42 0.9747 1166.23 558.45 0.9958 948.29 570.38 0.8892 1220.05 500.98 0.9768 1060.29 737.65 0.9996 1082.57 750.91 0.9997 1114.49 815.94 0.9977 1055.01 852.73 0.9986 1112.51 891.42 0.9910 987.66 927.82 0.9934
152 1104.54 459.50 1343.00 946.32 0.9146 1299.18 570.88 0.7768 1297.88 559.35 0.0506 1298.12 562.52 0.7983 1251.92 547.00 0.0155 1273.51 559.67 0.9744 1214.01 565.19 0.9972 1230.66 610.51 0.9991 1183.13 530.91 0.9788 1209.81 690.14 0.9983 1172.85 496.70 0.9781 1203.33 775.44 0.9954 1190.18 722.54 0.9994 1208.73 740.44 0.9996 1176.85 816.14 0.9986 1251.77 812.97 0.9990 1127.97 897.15 0.9911 1270.76 906.92 0.9926
153 1276.52 512.86 1474.28 961.60 0.9095 1462.14 574.56 0.4866 1457.52 562.89 0.0419 1459.69 567.55 0.5868 1408.44 552.47 0.0280 1436.07 569.89 0.9336 1381.42 581.91 0.9504 1380.41 623.46 0.9977 1325.76 623.73 0.4468 1323.59 703.87 0.9944 1311.68 659.22 0.3956 1310.25 774.88 0.9745 1357.35 733.78 0.9879 1354.32 756.33 0.9972 1363.27 806.64 0.9789 1354.88 850.11 0.9960 1305.76 869.96 0.9563 1309.09 921.13 0.9861
154 1335.84 521.30 1669.68 984.62 0.9344 1602.22 572.26 0.8236 1600.79 562.02 0.0677 1596.83 564.87 0.9209 1550.61 565.29 0.0104 1565.22 575.11 0.9885 1541.07 611.48 0.9413 1536.44 641.99 0.9993 1524.14 688.09 0.1741 1548.47 733.18 0.9956 1548.95 743.20 0.1537 1609.59 780.34 0.9656 1525.73 769.18 0.9936 1508.65 779.81 0.9992 1547.03 856.48 0.9943 1475.39 870.93 0.9993 1533.37 951.55 0.9921 1366.11 897.03 0.9984
155 1500.53 538.79 1872.03 1032.45 0.9397 1766.13 588.60 0.9229 1763.59 577.49 0.0887 1757.46 581.18 0.9620 1709.76 579.23 0.0100 1726.32 594.04 0.9942 1660.06 625.50 0.9758 1718.89 661.80 0.9991 1649.18 683.07 0.3236 1744.43 749.85 0.9925 1695.91 732.12 0.2810 1827.44 780.08 0.9604 1614.05 780.37 0.9917 1661.89 797.85 0.9983 1589.95 864.01 0.9928 1691.94 894.94 0.9988 1537.98 944.85 0.9869 1712.86 994.73 0.9956
156 1611.37 546.31 2048.00 1061.43 0.9460 1911.50 609.05 0.1431 1904.06 595.84 0.0191 1910.96 601.71 0.1366 1848.96 592.77 0.2963 1894.34 609.67 0.9535 1783.75 643.80 0.9989 1895.23 677.93 0.9982 1719.96 708.51 0.9922 1977.24 730.86 0.9518 1688.69 774.37 0.9475 2040.68 732.90 0.6753 1740.60 802.10 0.9995 1808.34 820.08 0.9993 1710.98 880.04 0.9983 1787.02 918.99 0.9969 1640.54 963.31 0.9921 1726.18 1007.38 0.9843
157 1696.32 551.69 2046.50 1059.60 0.9385 1976.18 615.11 0.1572 1969.97 601.42 0.0192 1975.50 607.38 0.1694 1908.02 594.93 0.2186 1952.44 614.69 0.9372 1840.61 644.48 0.9970 1939.92 683.60 0.9989 1793.44 714.17 0.8976 1971.38 761.57 0.9902 1861.12 713.61 0.5931 2016.85 717.13 0.9004 1790.16 806.12 0.9989 1850.73 826.55 0.9992 1781.32 888.49 0.9969 1811.87 925.45 0.9978 1730.63 973.59 0.9857 1737.48 1013.67 0.9873
158 1708.63 566.92 2047.64 1059.81 0.9387 2043.31 634.33 0.0084 2039.47 621.46 0.0067 2045.73 626.63 0.0055 2001.12 611.90 0.5085 2042.35 630.11 0.5154 1933.63 658.37 0.9964 2031.11 692.95 0.9490 1866.65 717.06 0.9733 2026.34 783.28 0.3497 1928.21 720.09 0.6612 2020.76 769.44 0.0542 1886.46 820.26 0.9992 1938.40 833.10 0.9962 1883.41 921.81 0.9984 1848.43 930.54 0.9877 1861.90 1010.82 0.9948 1752.31 1012.45 0.9738
159 1862.44 560.71 2048.00 1081.71 0.8725 2048.00 603.31 0.0064 2048.00 592.99 0.0083 2048.00 597.26 0.0019 2048.00 601.33 0.1004 2048.00 610.23 0.0172 2025.19 655.87 0.8472 2048.00 672.26 0.0204 1953.77 709.33 0.9731 1970.69 716.51 0.0135 1927.50 648.40 0.9570 1931.43 653.31 0.0653 1985.21 816.84 0.9773 2022.93 829.13 0.6694 1944.14 901.94 0.9922 2036.15 948.36 0.7866 1896.30 997.71 0.9873 1979.51 1041.78 0.8196
160 1885.91 625.21 2048.00 1065.82 0.7387 2048.00 668.35 0.0128 2047.84 657.95 0.0072 2048.00 658.40 0.0086 2042.64 664.09 0.0040 2048.00 663.98 0.0061 2048.00 708.06 0.0023 2048.00 705.52 0.0099 2044.22 713.61 0.0198 2048.00 710.57 0.1502 1995.00 677.30 0.2359 1996.74 678.26 0.6070 2043.80 854.95 0.0434 2041.06 850.37 0.0894 2013.60 928.66 0.3034 2017.43 925.54 0.4893 1931.04 1001.68 0.4777 1926.26 998.50 0.6397
