31 959.52 478.68 1066.82 750.64 0.6134 1044.09 501.41 0.6109 1049.20 498.27 0.5369 1045.12 495.11 0.2734 1056.00 504.32 0.7005 1044.95 496.93 0.1693 1056.41 541.19 0.9161 1019.15 523.13 0.9876 1046.57 585.36 0.4421 989.09 548.51 0.9521 1034.77 612.35 0.2983 970.80 578.42 0.8377 1023.93 618.42 0.9396 998.94 608.86 0.9777 1006.68 678.22 0.7683 989.48 666.59 0.9154 990.96 734.17 0.5265 981.58 722.80 0.7479
33 930.14 485.25 1053.85 783.10 0.8852 1007.83 510.56 0.5280 1010.60 505.84 0.4954 1008.20 505.12 0.0863 1020.30 509.07 0.7783 1013.67 508.59 0.0462 1043.91 544.76 0.9912 1001.19 537.23 0.9805 1042.09 591.05 0.9838 981.08 564.19 0.8902 1002.59 603.97 0.9680 961.16 558.05 0.8368 1010.88 632.00 0.9970 979.81 624.30 0.9957 998.30 696.94 0.9948 958.41 689.86 0.9914 979.65 756.99 0.9792 942.84 748.70 0.9710
34 902.38 477.45 1035.01 785.60 0.8991 977.55 507.99 0.9843 984.53 502.14 0.9894 976.23 501.84 0.7253 1004.43 504.57 0.9756 978.51 504.42 0.0462 1015.80 542.14 0.9971 975.55 534.26 0.9901 994.37 592.59 0.9908 954.94 567.21 0.9109 947.78 591.28 0.9882 939.77 560.65 0.9255 987.34 636.52 0.9953 956.65 629.52 0.9921 973.79 703.01 0.9921 937.26 693.32 0.9849 977.24 768.85 0.9683 934.02 759.35 0.9523
35 890.11 481.41 1013.95 815.52 0.8997 964.89 511.33 0.9870 972.57 505.48 0.9900 962.66 504.69 0.8289 989.66 509.59 0.9730 963.30 507.93 0.1071 996.97 552.99 0.9973 959.09 541.13 0.9952 985.82 613.11 0.9907 935.11 573.99 0.9657 940.54 620.51 0.9900 917.82 539.43 0.9723 964.07 643.66 0.9947 939.98 635.07 0.9934 934.75 710.89 0.9884 930.64 704.21 0.9842 913.25 777.00 0.9452 924.44 774.44 0.9360
36 831.26 475.88 991.30 825.97 0.9165 933.23 509.81 0.9816 939.63 502.98 0.9869 932.14 502.92 0.5974 959.64 505.62 0.9741 937.23 506.37 0.0244 972.98 549.44 0.9973 941.09 541.29 0.9870 940.08 603.75 0.9927 922.21 580.93 0.8344 891.75 588.53 0.9910 899.00 563.00 0.8717 936.09 654.66 0.9968 909.90 644.84 0.9935 915.14 729.17 0.9973 879.05 712.23 0.9932 902.77 801.37 0.9906 875.43 780.32 0.9830
37 812.45 475.22 978.75 841.72 0.8970 916.35 508.61 0.6251 918.91 501.19 0.7643 918.10 501.11 0.0611 930.67 503.92 0.9700 943.35 503.93 0.0312 934.64 549.17 0.9983 959.15 544.05 0.9350 892.93 603.03 0.9809 931.74 590.26 0.2181 875.67 587.14 0.8807 899.07 579.53 0.1392 907.08 659.15 0.9981 919.66 651.74 0.9866 879.01 725.43 0.9989 865.17 716.80 0.9898 885.57 809.86 0.9981 852.72 788.91 0.9902
38 846.10 477.39 995.25 843.86 0.8964 922.72 510.79 0.0095 921.95 503.86 0.0066 924.13 504.42 0.0048 919.60 508.05 0.6173 951.01 506.85 0.5110 909.66 551.24 0.9934 972.83 551.37 0.9941 886.24 605.97 0.7959 981.20 606.50 0.8678 906.78 596.52 0.1760 948.86 597.08 0.2630 907.01 666.44 0.9973 945.09 663.57 0.9975 891.52 736.45 0.9895 906.83 734.48 0.9907 894.93 815.36 0.9699 882.77 807.62 0.9729
39 846.32 481.93 1002.85 844.70 0.8959 945.81 512.18 0.0173 943.38 505.23 0.0137 946.15 506.77 0.0095 930.52 508.40 0.7476 961.78 509.09 0.6956 918.37 547.37 0.9988 979.90 553.21 0.9968 891.08 606.51 0.9888 987.15 609.20 0.8983 896.13 640.61 0.8510 966.70 598.66 0.4087 914.61 661.32 0.9994 954.65 661.78 0.9991 896.12 734.54 0.9976 929.00 735.32 0.9955 902.43 816.84 0.9914 914.17 808.25 0.9859
40 843.98 482.51 1019.48 843.84 0.8790 953.04 515.25 0.0371 950.61 508.55 0.0283 952.64 509.67 0.0231 934.38 508.55 0.7701 965.87 511.41 0.7744 922.63 543.26 0.9989 980.09 553.09 0.9982 902.31 602.93 0.9936 996.56 605.58 0.9739 881.78 646.45 0.9416 1002.43 592.51 0.7907 917.86 658.06 0.9994 955.14 660.79 0.9992 896.88 730.62 0.9963 929.53 734.21 0.9942 901.64 811.03 0.9829 911.67 808.59 0.9753
41 843.16 481.84 1038.34 842.83 0.8727 940.71 513.74 0.0329 941.29 507.23 0.0269 941.53 508.40 0.0175 934.19 509.05 0.8297 965.33 511.20 0.7385 924.68 545.15 0.9993 980.00 554.61 0.9989 904.98 605.17 0.9967 998.89 609.56 0.9899 891.61 648.04 0.9685 1018.53 589.94 0.9139 921.01 659.63 0.9998 956.82 661.62 0.9998 898.66 731.66 0.9991 931.45 731.79 0.9987 894.35 808.61 0.9953 914.57 802.77 0.9939
42 776.60 473.93 977.47 830.76 0.9140 908.06 505.92 0.1178 906.89 498.68 0.1329 907.36 498.96 0.0160 912.13 501.71 0.9102 938.72 501.18 0.2301 914.69 544.83 0.9991 956.82 544.60 0.9927 902.35 604.20 0.9948 968.71 601.22 0.6917 880.07 642.91 0.9486 941.97 609.94 0.2825 906.75 655.15 0.9996 937.82 654.00 0.9989 860.86 712.04 0.9994 912.31 725.47 0.9977 825.67 776.45 0.9981 909.87 804.99 0.9946
43 761.43 447.59 905.26 789.28 0.9010 849.26 473.58 0.8397 855.84 468.67 0.8952 853.04 467.58 0.1065 873.13 476.94 0.9450 870.68 474.78 0.0075 881.85 511.55 0.9940 870.87 508.60 0.8896 861.03 525.76 0.9885 843.86 519.51 0.3354 835.41 500.03 0.9777 826.06 499.46 0.4170 849.73 621.12 0.9973 845.29 616.53 0.9876 820.84 691.86 0.9989 831.85 690.11 0.9931 809.37 764.50 0.9974 861.49 751.18 0.9901
44 657.38 349.25 919.85 789.07 0.9321 793.49 453.50 0.9544 802.71 451.54 0.9554 795.93 447.79 0.3822 819.05 466.10 0.9368 798.99 455.69 0.0148 825.90 504.01 0.9943 786.07 480.20 0.9938 858.22 496.95 0.9865 776.44 438.81 0.9863 893.50 475.69 0.9885 767.58 390.04 0.9891 789.27 613.42 0.9991 756.70 600.78 0.9991 777.06 691.54 0.9992 724.87 669.61 0.9993 806.00 765.26 0.9968 708.19 735.11 0.9974
45 629.93 327.34 919.04 783.95 0.9209 735.10 441.12 0.9921 744.40 437.53 0.9933 732.99 434.38 0.9199 758.51 447.30 0.9685 728.41 439.22 0.1755 770.22 484.87 0.9980 711.90 466.62 0.9978 820.26 485.17 0.9925 689.06 425.16 0.9921 878.90 470.50 0.9932 666.57 363.82 0.9939 727.25 592.76 0.9988 696.92 586.02 0.9989 686.50 665.88 0.9981 698.43 667.65 0.9982 669.72 747.07 0.9904 710.69 738.38 0.9912
46 558.24 402.86 866.01 791.39 0.9314 669.87 436.98 0.9948 679.60 430.52 0.9961 665.80 429.76 0.9614 694.60 437.39 0.9752 658.80 434.72 0.3379 712.78 482.30 0.9989 639.58 470.10 0.9976 765.34 504.33 0.9946 602.61 461.27 0.9587 831.39 510.98 0.9923 574.11 442.34 0.9530 670.57 601.65 0.9984 626.08 592.27 0.9979 635.46 682.91 0.9970 591.80 664.84 0.9948 623.85 757.45 0.9865 627.70 690.36 0.9816
47 434.72 400.54 653.23 801.52 0.9273 573.28 445.87 0.9945 582.34 437.81 0.9975 568.49 436.85 0.9035 604.17 438.30 0.9878 564.15 436.67 0.0800 628.84 487.56 0.9990 561.48 478.83 0.9802 638.37 557.84 0.9931 555.70 533.98 0.4857 628.27 615.48 0.9828 544.88 591.01 0.5128 593.42 612.56 0.9983 544.21 605.91 0.9922 596.49 692.62 0.9990 513.72 685.50 0.9941 598.16 763.24 0.9978 485.59 766.37 0.9920
48 432.72 386.14 579.58 808.16 0.9195 497.85 436.21 0.9884 508.20 427.61 0.9946 491.69 426.24 0.9233 525.70 427.79 0.9750 483.20 424.52 0.2428 552.04 478.17 0.9987 471.50 467.41 0.9622 563.60 548.44 0.9923 461.79 522.69 0.3458 566.98 612.13 0.9795 468.89 581.86 0.3933 513.10 607.43 0.9955 463.73 599.69 0.9761 479.98 698.10 0.9957 464.88 689.03 0.9691 470.86 776.75 0.9908 486.14 763.29 0.9597
49 218.09 356.77 710.12 873.90 0.9375 428.90 445.60 0.9977 441.76 435.06 0.9987 421.65 434.09 0.9737 465.48 431.21 0.9902 412.65 428.69 0.2299 498.20 480.26 0.9995 395.42 459.94 0.9990 573.20 497.13 0.9970 327.89 424.25 0.9865 661.10 505.77 0.9959 265.36 384.30 0.9867 448.12 636.86 0.9995 387.49 622.38 0.9994 410.76 746.99 0.9989 344.52 718.85 0.9984 393.67 821.07 0.9937 397.69 745.18 0.9925
50 159.03 209.21 498.64 942.95 0.9385 335.59 455.55 0.9967 349.13 445.28 0.9977 326.80 441.56 0.9634 379.62 439.49 0.9781 318.48 431.21 0.1555 410.89 478.83 0.9976 307.66 461.30 0.9985 461.65 425.22 0.9741 249.40 377.57 0.9930 487.11 335.57 0.9693 196.43 280.63 0.9914 365.24 660.08 0.9991 294.63 655.33 0.9993 357.86 764.06 0.9968 256.00 783.06 0.9981 394.19 828.53 0.9828 255.54 896.91 0.9887
51 137.45 312.02 344.11 1026.18 0.8998 215.71 453.69 0.9907 229.92 441.66 0.9923 207.87 439.23 0.9039 261.22 436.88 0.9445 198.24 429.61 0.1019 296.65 485.78 0.9957 195.53 456.30 0.9944 311.59 443.55 0.9877 182.52 335.69 0.9746 286.56 385.70 0.9922 254.21 327.91 0.9847 253.04 674.93 0.9993 192.37 660.80 0.9993 227.65 799.07 0.9997 198.88 788.41 0.9996 186.97 949.14 0.9988 259.03 863.70 0.9988
52 0.35 308.13 262.83 1083.77 0.9198 70.75 463.05 0.9877 87.36 444.26 0.9929 59.21 442.94 0.8427 130.59 431.27 0.9494 51.35 428.52 0.0486 176.41 494.59 0.9946 69.49 468.13 0.9744 184.48 402.47 0.9860 53.32 333.19 0.6792 163.21 365.62 0.9817 105.18 347.91 0.7060 140.10 741.99 0.9977 64.32 720.08 0.9956 111.01 887.78 0.9961 0.00 835.98 0.9899 97.74 1013.56 0.9822 98.68 915.12 0.9697
53 0.03 348.20 198.48 1126.88 0.7805 0.00 442.09 0.0182 0.22 424.98 0.0208 0.00 424.84 0.0075 0.00 430.59 0.0585 0.00 429.60 0.0120 23.54 522.98 0.4555 12.44 519.83 0.0066 163.98 591.87 0.8856 132.12 589.43 0.0091 47.80 508.55 0.9126 34.16 504.20 0.0639 0.00 797.83 0.4858 0.00 791.84 0.0678 6.86 936.86 0.5225 3.75 929.54 0.0633 77.80 1009.64 0.3591 65.53 1000.05 0.0598
54 0.00 410.54 85.01 1261.48 0.6619 10.49 615.28 0.0065 9.30 603.37 0.0037 11.64 602.85 0.0031 7.95 615.70 0.0030 11.63 612.60 0.0022 3.35 683.75 0.0044 5.63 681.84 0.0013 1.98 742.51 0.0696 7.32 744.98 0.0210 24.88 802.49 0.4354 24.90 804.87 0.2722 5.47 812.93 0.0039 3.02 813.92 0.0020 7.49 917.17 0.0171 6.71 919.42 0.0087 17.18 1005.75 0.0231 16.91 1006.95 0.0140
86 0.17 276.72 145.74 772.09 0.9166 24.47 332.59 0.8998 27.79 322.36 0.2001 16.36 322.89 0.9253 18.25 324.29 0.0010 0.00 326.32 0.5732 0.00 373.60 0.0855 1.72 375.60 0.6201 60.97 408.37 0.0720 70.06 409.09 0.8558 116.36 358.38 0.4913 121.15 353.98 0.9589 1.10 529.36 0.2166 3.12 532.13 0.5663 13.33 623.20 0.3832 19.98 624.35 0.7891 23.89 731.34 0.2853 25.33 733.93 0.5932
87 1.53 303.31 286.38 777.42 0.9348 177.74 364.07 0.9634 180.31 352.18 0.1169 174.37 352.27 0.9828 131.42 341.84 0.0028 143.92 345.43 0.9927 100.45 379.66 0.9661 110.64 402.79 0.9988 153.45 414.60 0.3664 124.85 496.96 0.9967 209.97 418.33 0.4770 171.50 573.94 0.9897 94.08 548.56 0.9940 116.86 560.20 0.9987 81.45 641.56 0.9955 168.12 648.97 0.9993 30.82 734.84 0.9898 215.04 746.46 0.9970
88 209.78 237.44 383.94 789.88 0.9077 319.61 373.69 0.6686 322.17 365.69 0.0706 315.93 363.92 0.7031 301.52 363.92 0.0110 290.96 359.57 0.8336 279.05 391.11 0.9209 255.00 398.51 0.9870 308.69 328.72 0.6182 310.00 369.65 0.9919 333.53 270.54 0.6996 346.97 298.85 0.9893 275.25 546.85 0.9875 255.60 554.69 0.9949 296.04 634.18 0.9821 275.16 645.96 0.9947 243.63 716.77 0.9444 239.37 744.22 0.9758
89 247.80 290.10 465.33 787.84 0.9164 429.15 399.02 0.5479 430.19 391.28 0.0547 425.04 390.67 0.5938 403.27 394.30 0.0184 402.87 393.68 0.8435 393.74 424.20 0.9481 386.13 435.05 0.9945 412.76 364.79 0.6025 404.10 412.58 0.9937 421.36 307.39 0.6079 422.29 364.26 0.9849 393.83 563.63 0.9977 381.09 567.25 0.9992 407.34 651.13 0.9984 376.83 657.20 0.9995 399.51 743.53 0.9967 284.99 722.42 0.9986
90 384.02 336.93 651.37 769.68 0.9303 529.83 415.88 0.9316 530.86 406.96 0.1147 526.87 408.26 0.9458 492.14 403.35 0.0063 505.34 407.87 0.9795 475.10 433.59 0.9917 485.44 443.32 0.9975 550.20 417.74 0.8922 540.50 434.13 0.9926 600.34 381.61 0.8983 594.85 395.97 0.9871 456.06 570.96 0.9985 473.76 576.18 0.9991 436.14 655.27 0.9986 507.08 656.28 0.9992 403.63 738.42 0.9944 530.20 742.69 0.9957
91 497.69 389.40 667.63 776.35 0.9136 627.47 426.34 0.7924 626.03 417.46 0.0940 623.25 418.81 0.8662 591.21 417.92 0.0443 608.68 422.39 0.9855 563.03 461.49 0.9914 602.22 474.13 0.9994 543.20 519.27 0.5569 627.38 545.50 0.9960 547.63 573.09 0.3603 649.44 592.17 0.9765 555.81 579.84 0.9974 577.21 586.42 0.9992 564.52 652.22 0.9973 573.67 667.03 0.9994 519.78 714.35 0.9949 548.57 747.30 0.9982
92 515.88 413.92 724.60 777.35 0.9072 714.93 452.64 0.7763 718.98 444.54 0.0906 713.34 445.23 0.7907 684.62 440.48 0.0351 699.66 445.08 0.9716 651.46 465.10 0.9982 680.46 481.05 0.9990 603.31 483.58 0.9864 637.10 515.46 0.9949 556.24 527.21 0.9704 585.19 566.76 0.9860 635.38 586.32 0.9997 650.31 592.50 0.9997 643.32 657.39 0.9996 623.66 668.00 0.9996 639.41 729.59 0.9984 558.71 733.43 0.9982
93 626.65 428.00 791.46 761.08 0.9201 775.88 472.05 0.7276 780.00 464.25 0.0814 776.57 464.33 0.7726 749.74 454.25 0.0358 765.65 457.88 0.9619 710.77 472.97 0.9888 737.09 484.34 0.9980 673.12 515.06 0.8324 694.01 526.65 0.9933 650.03 566.80 0.7442 665.37 578.55 0.9785 676.88 583.27 0.9965 702.43 589.42 0.9984 670.01 655.28 0.9936 727.84 660.37 0.9974 646.97 726.88 0.9819 730.21 736.62 0.9896
94 690.39 444.45 916.34 764.45 0.9287 838.97 488.77 0.9893 842.66 482.44 0.6262 834.77 481.67 0.9918 836.63 476.51 0.0162 816.43 473.78 0.9854 832.42 495.40 0.9965 788.40 500.10 0.9980 867.69 505.99 0.9778 754.20 534.33 0.9923 897.38 487.44 0.9830 749.54 537.47 0.9918 790.54 588.03 0.9981 768.86 590.46 0.9984 761.62 650.20 0.9975 772.88 664.59 0.9979 709.78 694.11 0.9904 748.66 734.04 0.9902
95 742.67 436.31 934.52 767.80 0.9205 868.46 495.19 0.9922 876.30 489.75 0.9480 864.28 486.20 0.9907 884.37 485.92 0.3255 850.79 476.97 0.9422 883.37 505.82 0.9974 826.71 501.61 0.9971 923.25 503.30 0.9754 794.94 537.78 0.9594 913.05 461.93 0.9714 798.46 568.03 0.9398 846.23 606.73 0.9973 810.45 601.47 0.9970 836.74 675.00 0.9969 794.61 669.85 0.9962 813.20 734.30 0.9917 761.47 731.41 0.9897
96 804.96 460.21 1014.06 788.63 0.9220 914.71 501.13 0.9940 920.95 495.84 0.9159 910.52 493.12 0.9950 925.38 493.63 0.1403 895.77 485.71 0.9804 926.21 520.69 0.9979 864.79 510.37 0.9982 955.74 545.47 0.9794 831.08 543.15 0.9832 990.32 542.34 0.9783 836.09 571.13 0.9786 884.14 610.09 0.9975 850.18 606.31 0.9976 858.35 676.22 0.9965 850.77 681.67 0.9965 822.81 731.56 0.9889 848.07 755.61 0.9874
97 843.42 476.36 985.48 813.31 0.9073 964.64 516.01 0.9937 970.14 510.61 0.8926 959.26 507.61 0.9950 971.80 512.11 0.1029 941.01 503.46 0.9832 970.03 549.82 0.9978 909.95 534.19 0.9982 968.06 600.62 0.9861 874.21 574.42 0.9872 969.67 650.33 0.9845 856.15 618.70 0.9851 928.99 639.44 0.9964 892.95 632.45 0.9965 909.57 711.14 0.9908 896.22 707.61 0.9901 872.06 756.04 0.9594 883.75 774.49 0.9514
98 868.37 495.13 1055.86 846.79 0.9225 1017.29 533.85 0.9889 1022.97 527.65 0.7937 1012.15 524.92 0.9947 1021.51 529.55 0.0671 992.97 521.33 0.9888 1011.60 567.42 0.9768 962.47 555.88 0.9990 1001.78 617.91 0.4281 975.40 606.54 0.9927 1011.83 639.33 0.4493 1028.95 622.40 0.9787 979.67 669.90 0.9853 939.86 662.72 0.9968 970.63 744.22 0.9852 908.68 728.37 0.9971 960.97 822.26 0.9795 883.50 783.03 0.9940
99 949.03 513.44 1116.38 879.99 0.9218 1084.50 552.70 0.9960 1089.55 546.34 0.8920 1078.45 543.98 0.9971 1089.38 548.69 0.0624 1058.29 540.92 0.9898 1086.67 594.35 0.9985 1028.51 581.40 0.9991 1090.63 653.70 0.9927 1004.44 640.07 0.9972 1101.54 706.31 0.9946 1004.77 697.70 0.9974 1050.40 698.60 0.9982 1015.17 692.60 0.9984 1021.48 772.22 0.9953 1007.30 768.94 0.9958 971.92 826.88 0.9722 967.73 837.28 0.9713
100 988.34 547.38 1247.94 942.84 0.9387 1157.01 588.96 0.9978 1161.93 582.41 0.8887 1150.51 579.85 0.9986 1159.29 583.74 0.0299 1127.61 575.60 0.9948 1159.97 624.96 0.9988 1092.27 609.10 0.9994 1200.25 650.38 0.9862 1043.43 634.82 0.9967 1229.98 609.66 0.9892 1008.91 656.13 0.9964 1111.90 733.81 0.9991 1075.34 728.63 0.9993 1082.97 814.66 0.9986 1072.51 815.62 0.9990 1014.37 830.58 0.9938 1052.94 901.91 0.9942
101 1038.71 529.85 1276.18 988.48 0.9314 1222.79 631.05 0.9927 1233.67 624.70 0.9011 1219.15 618.35 0.9947 1237.50 619.78 0.1129 1197.48 604.77 0.9739 1221.63 635.27 0.9958 1158.93 647.45 0.9983 1256.94 590.04 0.9638 1153.02 718.80 0.9940 1220.90 554.65 0.9750 1179.86 773.48 0.9914 1172.23 774.15 0.9982 1125.86 768.65 0.9986 1155.93 866.00 0.9980 1091.57 843.26 0.9984 1150.50 952.74 0.9933 1057.35 895.92 0.9943
102 1124.62 531.31 1372.11 1027.81 0.9301 1317.33 667.26 0.9316 1324.90 660.93 0.3788 1313.78 656.08 0.9505 1315.64 655.71 0.0266 1289.09 643.58 0.9404 1296.09 676.80 0.9728 1251.28 675.13 0.9935 1347.90 623.96 0.8326 1297.92 660.61 0.9904 1353.81 561.40 0.8618 1338.24 607.07 0.9847 1257.70 811.59 0.9929 1227.44 808.57 0.9961 1223.89 902.89 0.9836 1212.72 899.26 0.9918 1163.51 969.48 0.9283 1155.46 968.07 0.9543
103 1179.41 556.18 1536.97 1112.62 0.9418 1405.04 716.14 0.9852 1411.89 708.37 0.7630 1398.49 705.47 0.9854 1410.95 701.16 0.0593 1376.70 691.18 0.9607 1408.52 741.33 0.9961 1339.05 712.08 0.9979 1457.43 777.12 0.9773 1341.15 674.25 0.9954 1506.69 826.90 0.9799 1372.31 605.65 0.9963 1348.57 865.45 0.9988 1307.00 858.86 0.9991 1311.34 959.10 0.9976 1309.14 961.03 0.9986 1214.55 962.37 0.9888 1274.01 1062.36 0.9913
104 1252.12 624.48 1622.29 1162.05 0.9496 1524.74 754.44 0.9681 1534.40 747.23 0.4505 1519.91 741.91 0.9748 1519.46 744.75 0.0123 1490.04 728.39 0.9341 1486.04 792.64 0.9656 1450.22 754.29 0.9937 1459.02 866.99 0.8486 1515.72 719.18 0.9899 1473.82 932.05 0.8980 1576.59 651.80 0.9916 1446.39 932.62 0.9961 1402.12 917.56 0.9979 1433.74 1018.64 0.9979 1351.27 1004.43 0.9987 1428.79 1120.63 0.9942 1275.76 1049.79 0.9956
105 1409.40 725.02 1677.23 1201.80 0.9215 1644.90 788.30 0.9964 1649.84 778.96 0.7092 1636.14 776.26 0.9977 1638.82 775.74 0.0097 1600.42 767.15 0.9939 1624.07 825.04 0.9971 1565.93 817.16 0.9992 1615.48 907.44 0.9374 1584.20 897.77 0.9968 1631.84 981.50 0.9519 1631.28 968.12 0.9960 1559.49 966.17 0.9984 1522.90 964.77 0.9990 1509.43 1049.47 0.9986 1527.32 1074.88 0.9992 1438.39 1118.18 0.9946 1477.52 1163.52 0.9957
106 1486.90 783.07 1778.77 1326.92 0.9420 1745.10 855.05 0.9961 1755.22 845.66 0.9178 1733.13 841.63 0.9985 1758.98 841.04 0.0824 1701.84 829.86 0.9939 1751.48 897.22 0.9856 1655.06 878.55 0.9995 1721.04 968.58 0.4283 1578.44 932.72 0.9976 1699.21 1045.97 0.4962 1523.03 994.07 0.9948 1678.87 1048.89 0.9931 1623.54 1042.12 0.9986 1625.79 1149.17 0.9897 1606.22 1150.85 0.9986 1513.69 1148.55 0.9805 1573.31 1261.43 0.9950
107 1548.55 836.08 1878.42 1470.34 0.9361 1812.19 912.07 0.9915 1828.53 902.65 0.9832 1802.58 896.35 0.9880 1849.34 902.83 0.7689 1782.00 884.84 0.8041 1847.12 962.76 0.9753 1737.01 916.45 0.9980 1806.71 1050.70 0.5767 1672.71 961.00 0.9821 1769.73 1127.58 0.5523 1631.25 1016.01 0.9555 1760.56 1139.22 0.9907 1682.01 1107.38 0.9973 1742.24 1278.45 0.9917 1630.82 1202.44 0.9972 1712.46 1395.50 0.9842 1576.92 1277.07 0.9943
108 1587.84 872.93 2013.97 1480.84 0.9304 1865.85 956.22 0.9967 1889.71 946.47 0.9982 1858.61 934.86 0.9460 1928.01 955.32 0.9852 1847.79 926.08 0.1044 1965.77 1037.66 0.9985 1822.95 978.09 0.9889 1958.78 1164.39 0.9921 1777.83 1037.91 0.6530 1922.09 1255.40 0.9854 1785.65 1066.25 0.6732 1851.50 1219.81 0.9972 1759.78 1179.22 0.9925 1781.80 1371.82 0.9938 1700.74 1303.20 0.9781 1723.80 1454.81 0.9570 1642.73 1402.31 0.9068
109 1602.18 917.14 2031.55 1497.45 0.9400 1868.05 1003.01 0.9983 1894.35 993.65 0.9989 1862.28 980.91 0.9723 1938.68 1004.91 0.9901 1853.04 972.53 0.1464 1974.68 1097.12 0.9985 1814.05 1035.48 0.9986 1963.70 1231.47 0.9913 1755.33 1104.66 0.9912 1913.14 1315.48 0.9889 1724.85 1195.08 0.9880 1841.03 1306.26 0.9962 1735.57 1267.88 0.9964 1771.43 1462.24 0.8770 1670.25 1423.21 0.8826 1727.42 1500.00 0.1836 1621.02 1500.00 0.2050
110 1596.99 947.34 2018.44 1493.76 0.9340 1849.23 1054.19 0.9974 1880.39 1043.10 0.9980 1844.69 1024.44 0.9626 1926.06 1059.95 0.9701 1832.31 1010.61 0.0568 1955.66 1189.78 0.9753 1786.55 1066.72 0.9932 1922.27 1356.97 0.5902 1720.16 1046.11 0.9765 1855.34 1391.01 0.5069 1692.61 1007.54 0.9723 1783.49 1408.47 0.9259 1665.89 1344.90 0.9616 1696.44 1500.00 0.1087 1606.59 1479.79 0.2341 1678.11 1500.00 0.0043 1617.42 1500.00 0.0089
111 1480.50 904.70 2011.94 1493.48 0.9345 1795.62 1130.06 0.9550 1831.57 1110.39 0.9677 1789.86 1093.01 0.8034 1896.60 1121.62 0.9551 1784.66 1078.90 0.2446 1915.25 1290.02 0.8623 1735.72 1118.91 0.9760 1897.28 1417.83 0.3205 1747.66 956.19 0.9524 1859.35 1338.38 0.3200 1927.68 1013.13 0.9125 1688.90 1492.71 0.3842 1566.21 1416.72 0.6935 1629.58 1491.35 0.0202 1519.42 1476.76 0.0732 1615.27 1412.47 0.0028 1543.49 1435.85 0.0064
112 1365.75 949.56 1917.71 1492.22 0.9347 1653.57 1218.76 0.9362 1693.27 1197.84 0.9381 1647.83 1177.87 0.8244 1774.48 1200.55 0.8884 1647.71 1150.69 0.3815 1770.01 1356.94 0.8258 1594.60 1195.34 0.9511 1701.58 1267.21 0.3923 1589.32 996.49 0.9133 1784.22 1178.88 0.5140 1810.81 1055.91 0.9120 1571.10 1500.00 0.2564 1436.37 1439.81 0.4494 1639.65 1462.58 0.0192 1437.57 1419.54 0.0475 1572.47 1398.01 0.0030 1462.07 1399.42 0.0054
113 1271.28 817.67 1770.10 1493.98 0.9254 1548.01 1349.88 0.9569 1599.28 1332.30 0.9736 1539.29 1293.67 0.8773 1688.20 1329.34 0.9178 1522.67 1240.82 0.2344 1702.82 1483.41 0.4369 1483.55 1292.20 0.9367 1675.01 1500.00 0.0351 1416.33 1105.71 0.8793 1584.06 1480.54 0.0627 1466.42 931.60 0.8874 1505.77 1500.00 0.0405 1356.79 1467.39 0.2112 1592.54 1404.53 0.0100 1378.80 1408.60 0.0601 1522.68 1361.19 0.0054 1430.22 1384.01 0.0172
114 1272.44 1207.66 1600.16 1496.37 0.7665 1314.71 1463.78 0.8944 1366.96 1451.56 0.9761 1317.55 1419.81 0.7890 1507.84 1464.80 0.8399 1364.18 1385.89 0.0648 1541.84 1500.00 0.0556 1322.26 1450.12 0.1444 1535.54 1490.51 0.0056 1263.45 1467.74 0.0098 1355.63 1496.08 0.0178 1280.72 1481.62 0.0178 1428.72 1500.00 0.0010 1284.14 1493.66 0.0021 1415.99 1500.00 0.0010 1276.56 1452.32 0.0025 1373.24 1468.89 0.0070 1339.20 1500.00 0.0169
115 826.47 1108.02 1311.84 1488.51 0.9188 842.70 1343.54 0.8539 863.51 1313.29 0.9667 862.57 1305.78 0.0816 965.59 1343.85 0.9948 1061.30 1303.46 0.0156 969.63 1500.00 0.5371 1195.80 1397.19 0.7485 932.00 1500.00 0.0183 1184.32 1419.94 0.0163 939.50 1455.81 0.0197 1040.63 1429.36 0.0172 1090.90 1500.00 0.0014 1242.70 1489.99 0.0036 910.74 1500.00 0.0014 1016.40 1375.37 0.0031 1004.74 1499.55 0.0042 1066.96 1492.12 0.0115
116 354.94 920.66 1104.02 1492.57 0.9331 457.30 1125.46 0.1903 457.41 1099.73 0.1817 496.16 1096.68 0.0437 488.22 1120.35 0.9159 652.97 1080.22 0.2837 475.35 1404.61 0.8368 805.48 1246.36 0.9691 412.05 1500.00 0.0733 950.28 1386.77 0.7002 489.05 1431.60 0.0673 1051.14 1397.98 0.5768 550.90 1500.00 0.0261 776.09 1491.30 0.0776 573.08 1417.35 0.0077 726.31 1375.78 0.0222 539.44 1410.96 0.0026 930.02 1357.66 0.0054
117 0.00 821.10 852.69 1487.70 0.9561 189.76 983.64 0.1002 163.42 959.03 0.0156 194.30 960.98 0.1695 30.58 992.71 0.1118 184.01 996.52 0.8051 0.00 1196.01 0.1475 324.52 1184.28 0.9494 95.83 1295.27 0.0056 578.81 1308.28 0.8584 241.51 1217.24 0.0092 761.37 1302.75 0.7958 71.20 1500.00 0.0137 286.26 1500.00 0.1115 278.39 1320.77 0.0055 450.23 1379.65 0.0448 272.67 1342.74 0.0036 559.98 1358.91 0.0126
118 0.25 687.26 668.35 1485.16 0.9600 127.13 841.93 0.2012 116.17 810.17 0.0278 128.96 817.25 0.3235 0.00 829.70 0.0437 101.03 847.93 0.6678 0.00 1004.27 0.0520 148.41 1043.87 0.9306 165.56 1242.71 0.0032 343.12 1274.11 0.9308 419.17 1355.56 0.0061 551.89 1391.65 0.8897 0.00 1429.18 0.0198 58.75 1452.05 0.2147 128.82 1326.24 0.0085 212.84 1394.45 0.0986 132.56 1418.36 0.0074 224.47 1424.11 0.0332
119 0.48 544.62 376.23 1488.65 0.9504 210.38 666.16 0.0470 199.87 643.97 0.0155 223.89 650.41 0.0395 111.95 649.29 0.5764 254.06 667.31 0.8169 23.74 795.83 0.8303 303.43 840.76 0.9976 3.64 975.03 0.0614 335.09 1045.57 0.9756 56.19 1067.03 0.0096 327.53 1108.63 0.7067 17.81 1168.68 0.8029 209.35 1190.87 0.9728 12.60 1357.31 0.2063 149.97 1400.45 0.6609 6.75 1443.20 0.0362 117.16 1500.00 0.1098
120 0.33 486.94 366.81 1486.20 0.9493 203.35 585.12 0.0359 195.87 568.43 0.0149 217.16 573.95 0.0312 125.98 581.67 0.5763 252.84 591.41 0.7775 56.21 708.42 0.9401 302.87 729.98 0.9913 15.59 858.39 0.2231 319.35 866.83 0.8765 29.03 924.55 0.0246 233.86 871.57 0.3670 77.94 1010.76 0.9903 237.49 1028.03 0.9965 93.86 1128.87 0.9661 207.13 1220.25 0.9879 111.12 1282.97 0.8993 166.08 1416.66 0.9334
121 0.00 441.16 403.06 1309.60 0.9503 144.03 518.40 0.0436 146.92 502.48 0.0337 155.21 504.68 0.0097 147.64 514.36 0.9522 239.77 522.32 0.6216 76.83 627.16 0.9937 282.18 632.06 0.9995 16.34 752.25 0.5699 338.86 782.70 0.9957 7.09 836.39 0.1425 371.26 893.39 0.9262 92.67 893.70 0.9968 224.15 884.40 0.9991 97.17 1069.49 0.9950 231.84 992.79 0.9988 135.23 1238.97 0.9864 223.73 1095.75 0.9968
122 0.21 409.56 304.29 1212.41 0.9349 180.49 421.84 0.9003 206.41 417.12 0.9371 188.58 411.08 0.2257 239.46 462.26 0.9735 228.52 440.00 0.0449 189.23 574.46 0.9981 248.77 550.07 0.9447 137.98 732.08 0.9942 222.62 688.23 0.2623 62.10 848.09 0.9822 186.77 808.67 0.2873 177.12 824.87 0.9958 221.71 809.87 0.9746 115.68 972.82 0.9983 181.48 942.29 0.9823 182.33 1136.60 0.9935 210.68 1076.79 0.9657
123 65.08 322.30 381.65 1201.69 0.9248 198.05 421.14 0.9155 214.88 420.28 0.9218 202.27 414.82 0.2676 228.82 466.84 0.9582 215.42 450.80 0.0353 218.92 558.08 0.9983 173.06 517.92 0.9952 256.12 562.41 0.9964 179.94 436.11 0.9487 318.68 569.12 0.9925 210.47 346.89 0.9333 177.68 804.37 0.9994 143.17 790.59 0.9991 169.98 964.57 0.9984 145.98 943.73 0.9972 189.90 1101.96 0.9824 179.98 1063.15 0.9762
124 0.00 239.01 254.94 1202.05 0.9209 75.12 450.41 0.9666 101.35 437.28 0.9806 77.57 432.87 0.5058 158.99 459.05 0.9641 92.29 445.64 0.0193 190.71 542.55 0.9975 100.19 540.02 0.9664 195.86 455.73 0.9873 91.30 545.69 0.4988 164.93 296.70 0.9651 89.57 498.77 0.3587 158.46 810.88 0.9989 85.62 794.71 0.9963 152.52 963.05 0.9992 24.04 915.18 0.9963 186.84 1115.40 0.9967 95.71 1044.96 0.9914
125 0.13 326.44 150.36 1205.21 0.8819 19.10 432.65 0.0692 29.86 419.00 0.1045 16.02 416.69 0.0283 44.87 428.54 0.2644 26.73 421.93 0.0405 66.96 521.74 0.8627 26.60 507.93 0.0572 82.00 601.40 0.8618 19.54 580.44 0.0216 50.47 483.00 0.6627 27.37 465.72 0.0412 44.86 780.84 0.7982 17.49 772.83 0.2470 0.00 937.45 0.7949 0.00 935.19 0.1971 90.23 1078.53 0.6403 51.69 1078.99 0.1707
126 0.00 282.05 72.48 1172.48 0.4655 7.41 372.64 0.0036 6.32 357.21 0.0033 7.53 358.16 0.0039 0.14 369.32 0.0045 7.45 370.27 0.0065 0.00 441.72 0.0005 6.02 444.78 0.0018 5.93 498.21 0.0022 13.38 506.81 0.0070 0.00 546.82 0.0124 2.63 556.59 0.0195 0.00 663.80 0.0169 6.28 665.17 0.0369 4.24 897.83 0.1453 0.00 897.67 0.2674 16.32 1073.92 0.3968 19.42 1075.78 0.5400
146 0.21 544.04 249.28 1481.35 0.8647 23.61 679.60 0.7873 29.13 659.94 0.2037 15.48 659.06 0.8160 23.68 658.25 0.0024 0.00 655.27 0.2789 0.61 746.81 0.0437 0.00 744.60 0.2628 18.49 837.16 0.0461 16.50 842.66 0.6854 155.23 890.21 0.4015 154.61 894.21 0.9302 0.00 1034.78 0.0072 0.00 1038.27 0.0222 0.63 1200.53 0.0124 0.00 1205.21 0.0500 13.63 1367.53 0.0079 14.14 1381.52 0.0224
147 29.78 578.12 510.10 1488.85 0.9106 426.02 719.46 0.4695 410.88 694.40 0.0593 427.03 699.16 0.4329 310.74 667.94 0.1412 400.23 695.63 0.9407 219.17 736.55 0.9881 315.70 830.53 0.9966 126.88 800.24 0.9457 326.53 1047.52 0.9880 94.95 808.75 0.8852 424.36 1177.33 0.9628 207.63 1081.24 0.9954 263.76 1129.46 0.9970 252.35 1234.11 0.9686 302.29 1290.00 0.9770 101.64 1378.25 0.7566 229.55 1479.24 0.7660
148 0.53 416.99 744.04 1486.08 0.9541 540.86 643.77 0.1555 532.49 627.96 0.0528 551.89 639.96 0.0442 492.78 632.59 0.6508 585.22 656.21 0.5930 406.28 717.34 0.9952 586.63 739.47 0.9957 233.97 686.81 0.9844 694.86 621.76 0.9879 39.07 620.57 0.9259 676.15 484.17 0.9443 422.12 1056.90 0.9993 496.39 1073.60 0.9994 473.08 1206.76 0.9879 460.77 1253.46 0.9894 443.26 1313.21 0.8397 356.80 1402.02 0.8381
149 464.89 533.18 758.60 1358.53 0.9395 660.56 626.27 0.0376 652.92 611.91 0.0182 662.17 616.26 0.0291 578.87 618.70 0.5344 667.07 622.62 0.5874 537.58 713.80 0.9878 679.48 659.47 0.9857 531.25 831.45 0.9927 735.30 553.54 0.9818 542.83 939.86 0.9905 657.17 580.16 0.9688 532.20 944.68 0.9992 629.22 922.95 0.9991 516.80 1119.08 0.9991 632.80 1065.88 0.9988 497.65 1277.58 0.9960 619.77 1168.11 0.9951
150 457.65 449.24 828.59 1176.40 0.9377 679.46 574.61 0.0468 686.02 561.57 0.0495 687.44 566.79 0.0127 681.84 568.94 0.8895 749.86 579.49 0.4330 640.07 651.44 0.9984 758.84 636.27 0.9963 587.17 769.03 0.9987 802.73 527.65 0.9877 512.89 882.87 0.9952 751.83 486.61 0.9607 636.70 853.08 0.9998 714.90 862.25 0.9997 578.11 953.97 0.9996 681.44 1005.51 0.9995 565.53 1085.84 0.9985 613.56 1135.88 0.9977
151 391.79 463.85 931.10 1142.27 0.9400 706.22 558.47 0.0363 705.03 547.89 0.0358 710.91 550.36 0.0074 705.12 553.07 0.9130 763.89 562.95 0.4455 659.40 609.09 0.9993 777.86 619.97 0.9988 547.83 617.87 0.9986 850.01 572.52 0.9951 438.84 618.80 0.9918 893.72 520.95 0.9749 651.61 797.65 0.9999 711.44 811.20 0.9999 623.42 891.18 0.9999 677.07 952.07 0.9998 603.85 989.08 0.9995 636.38 1070.07 0.9994
152 495.56 471.07 889.08 1031.38 0.9446 785.13 552.61 0.0481 783.91 543.48 0.0373 791.80 545.56 0.0378 746.99 535.47 0.8416 800.43 551.32 0.8810 695.36 563.75 0.9989 793.35 612.52 0.9992 607.34 545.02 0.9947 817.41 706.98 0.9954 541.43 506.67 0.9690 850.62 779.92 0.9671 662.26 748.82 0.9998 726.47 760.01 0.9998 633.03 871.41 0.9991 725.50 849.97 0.9988 610.98 979.68 0.9951 714.90 922.01 0.9946
153 624.02 487.18 885.06 938.58 0.9306 854.69 530.29 0.0406 852.61 520.96 0.0259 859.15 524.36 0.0244 826.01 516.57 0.7571 869.81 532.99 0.7860 778.79 557.62 0.9993 851.05 596.04 0.9993 719.87 614.47 0.9978 837.08 676.03 0.9975 660.85 657.78 0.9892 838.50 743.12 0.9858 744.01 697.16 0.9998 791.87 717.86 0.9998 728.71 775.08 0.9993 766.43 819.80 0.9992 699.66 856.14 0.9962 721.62 905.21 0.9954
154 741.88 481.57 937.36 908.24 0.9144 893.84 526.89 0.0187 892.91 517.30 0.0114 895.28 519.89 0.0146 864.72 515.84 0.7463 899.49 526.12 0.8075 826.52 558.45 0.9991 901.43 584.92 0.9993 801.16 619.65 0.9911 910.58 655.88 0.9956 788.79 666.92 0.9084 924.89 670.94 0.9431 806.92 691.17 0.9998 852.27 702.97 0.9998 819.40 772.32 0.9993 828.15 791.49 0.9993 805.36 845.86 0.9969 770.74 859.07 0.9968
155 790.43 491.71 984.73 880.37 0.9258 943.21 527.93 0.0097 940.84 519.95 0.0067 945.00 522.90 0.0059 918.40 520.30 0.7371 953.34 529.41 0.7505 885.22 558.17 0.9992 955.00 582.00 0.9981 848.02 610.80 0.9939 972.60 641.32 0.9344 838.53 666.28 0.9072 949.28 616.00 0.4649 861.54 679.59 0.9998 911.13 688.20 0.9997 837.80 760.17 0.9995 906.23 762.18 0.9989 811.92 845.18 0.9978 900.10 830.28 0.9960
156 830.89 485.00 1022.13 853.43 0.9153 972.85 518.27 0.0341 972.22 511.06 0.0368 974.06 514.32 0.0145 963.21 512.98 0.8430 995.35 521.29 0.6360 936.28 551.86 0.9992 1000.10 566.78 0.9918 907.16 609.28 0.9964 1010.78 604.27 0.6505 878.66 663.91 0.9491 995.82 574.95 0.1811 918.19 666.78 0.9994 962.17 673.14 0.9982 877.10 739.22 0.9984 928.05 748.70 0.9922 863.60 817.53 0.9949 896.60 829.96 0.9821
157 863.97 485.34 1031.84 848.27 0.9124 1001.17 518.80 0.0113 997.76 511.63 0.0071 1001.55 514.48 0.0070 974.95 512.62 0.6112 1007.86 520.67 0.6391 943.50 548.93 0.9966 1011.19 564.75 0.9956 911.28 600.54 0.9279 1019.43 615.23 0.8825 928.23 601.71 0.4520 995.68 597.87 0.3171 922.67 662.69 0.9989 967.63 670.80 0.9987 899.83 731.97 0.9965 938.09 748.53 0.9954 878.29 803.89 0.9898 901.44 822.03 0.9869
158 887.28 487.56 1036.34 846.98 0.9124 1002.69 521.04 0.0147 1000.21 513.63 0.0097 1003.79 516.62 0.0090 980.65 514.61 0.6400 1012.41 521.89 0.6188 954.23 550.95 0.9960 1018.55 565.99 0.9942 925.25 596.86 0.9207 1018.81 613.39 0.8534 937.20 601.68 0.4347 984.11 606.94 0.2843 930.59 660.63 0.9982 973.95 666.30 0.9978 914.18 730.04 0.9926 945.49 740.39 0.9904 896.94 807.29 0.9767 909.69 813.19 0.9707
159 889.40 479.67 1039.27 811.17 0.9126 996.90 507.71 0.0473 996.54 501.77 0.0486 998.90 504.68 0.0173 989.60 505.03 0.8089 1019.00 513.32 0.5087 971.26 538.93 0.9979 1026.26 554.41 0.9892 939.52 581.55 0.9860 1026.04 603.47 0.7067 912.79 558.39 0.8707 996.46 584.35 0.2663 949.62 642.25 0.9985 988.51 647.06 0.9963 925.66 708.88 0.9950 972.36 711.43 0.9840 915.07 783.53 0.9827 954.71 777.88 0.9591
160 897.90 487.49 1051.28 801.12 0.9197 1002.15 512.73 0.4034 1004.65 506.23 0.5305 1004.65 507.34 0.0478 1012.45 506.85 0.9331 1030.20 510.38 0.0658 1010.20 537.22 0.9968 1039.25 546.14 0.9206 993.48 581.65 0.9855 1021.83 589.67 0.2270 962.23 566.36 0.9268 972.97 569.86 0.1463 985.77 639.46 0.9960 1011.86 641.23 0.9783 944.65 702.71 0.9941 991.96 709.27 0.9562 921.21 775.08 0.9842 979.97 776.95 0.9301
161 937.80 488.06 1056.41 782.43 0.8881 1015.18 512.36 0.3395 1017.99 506.66 0.4852 1017.13 507.58 0.0324 1027.80 508.02 0.9287 1039.38 510.77 0.0376 1030.38 537.24 0.9961 1047.89 541.58 0.8388 1020.63 580.17 0.9717 1033.90 579.82 0.1516 990.43 578.81 0.8257 1007.86 575.56 0.0974 1005.59 628.65 0.9963 1021.59 628.91 0.9711 974.00 688.21 0.9965 999.64 694.56 0.9644 954.01 752.69 0.9932 983.99 756.55 0.9614
