32 0.00 364.38 127.66 599.73 0.4956 12.48 386.86 0.3300 10.71 381.43 0.1563 7.82 383.35 0.2586 6.45 388.08 0.0617 1.20 392.17 0.2137 12.68 416.48 0.6400 3.69 422.26 0.2593 20.53 411.98 0.4296 10.74 422.60 0.1313 12.96 394.71 0.3971 9.69 398.65 0.2159 31.67 474.10 0.7335 22.54 479.78 0.5179 69.92 521.68 0.8006 57.58 528.29 0.6119 95.17 578.05 0.7972 77.03 586.52 0.6472
33 0.19 319.07 130.35 605.87 0.8746 5.53 356.79 0.3466 6.30 348.78 0.4176 0.71 353.45 0.0802 10.69 343.80 0.5790 0.00 355.26 0.0453 48.40 366.93 0.9811 0.00 387.56 0.3731 86.63 398.11 0.9855 1.77 429.27 0.0826 111.33 431.53 0.9614 6.63 411.56 0.1558 69.52 454.09 0.9793 36.60 465.39 0.8258 91.01 515.17 0.9731 73.00 523.14 0.7417 106.54 578.59 0.9382 102.08 581.40 0.6871
34 0.58 318.64 122.64 456.07 0.7346 30.35 355.90 0.9628 33.64 346.40 0.9629 21.85 351.08 0.8834 44.25 340.71 0.8198 12.43 352.73 0.3660 73.67 364.00 0.9768 15.62 385.27 0.9216 110.48 401.95 0.9196 21.50 428.19 0.4766 96.48 438.69 0.8170 40.84 426.85 0.4034 96.89 453.40 0.6767 58.44 464.48 0.5141 121.81 479.39 0.0895 68.20 491.87 0.0434 111.56 503.10 0.0237 89.79 514.34 0.0133
35 0.49 318.43 259.73 620.01 0.9186 76.39 356.28 0.9899 79.59 347.34 0.9620 67.69 352.44 0.9815 86.26 343.43 0.5264 55.39 356.49 0.8872 117.40 376.06 0.9981 49.34 395.39 0.9946 155.74 420.78 0.9957 32.61 434.73 0.9182 143.11 455.48 0.9927 14.58 413.94 0.9109 144.47 468.46 0.9932 100.95 479.52 0.9890 183.96 526.71 0.9700 139.58 531.75 0.9416 221.97 592.57 0.8356 170.76 593.56 0.7383
36 92.87 322.94 268.91 626.17 0.8336 139.66 363.00 0.9908 142.72 353.80 0.9695 130.53 358.53 0.9817 149.46 349.67 0.6315 114.47 360.65 0.8674 177.63 381.39 0.9982 113.67 395.44 0.9932 206.60 432.63 0.9920 109.85 437.30 0.9063 168.86 452.11 0.9866 91.25 431.89 0.9117 200.51 481.39 0.9949 158.82 489.80 0.9903 223.26 544.34 0.9875 180.49 555.67 0.9728 231.34 608.71 0.9522 186.10 610.98 0.9115
37 120.00 328.66 307.01 650.55 0.9175 144.15 370.63 0.9932 149.70 362.16 0.9962 139.87 364.11 0.7783 171.10 356.49 0.9886 141.61 363.68 0.0353 202.29 389.59 0.9989 152.76 395.36 0.9913 210.29 447.03 0.9967 157.96 433.54 0.7499 158.28 449.98 0.9938 139.36 436.73 0.7701 225.18 490.56 0.9974 189.25 495.00 0.9933 256.08 558.13 0.9968 209.81 565.44 0.9904 287.64 606.05 0.9881 242.26 615.87 0.9745
38 141.23 330.91 320.72 639.01 0.9186 161.60 373.07 0.7762 164.26 366.50 0.8280 162.03 367.30 0.1108 180.40 363.93 0.9305 178.15 365.91 0.0179 220.34 394.90 0.9958 195.46 390.40 0.9542 204.78 448.02 0.9919 188.21 414.19 0.6353 164.45 425.23 0.9792 167.52 396.54 0.6434 248.30 491.47 0.9972 225.18 490.74 0.9915 277.02 552.74 0.9966 230.33 554.38 0.9889 305.07 606.55 0.9887 249.39 607.91 0.9740
39 125.46 331.91 320.77 635.25 0.9231 145.51 376.79 0.3591 145.05 371.34 0.3930 148.05 371.17 0.0418 151.64 367.71 0.8644 167.79 365.54 0.0517 202.08 392.58 0.9964 185.06 384.92 0.9646 219.18 445.75 0.9923 191.14 407.06 0.6672 185.04 472.62 0.9686 164.07 396.97 0.5648 242.71 485.89 0.9983 226.93 483.33 0.9949 273.75 550.10 0.9973 239.13 547.63 0.9912 303.85 603.88 0.9910 260.44 595.91 0.9790
40 102.71 331.77 319.93 634.29 0.9213 122.99 375.24 0.5145 123.50 368.88 0.6308 123.79 368.97 0.0464 133.66 364.07 0.9296 142.90 363.07 0.0299 186.16 387.06 0.9979 163.47 389.63 0.9433 215.19 439.37 0.9956 186.80 440.29 0.3431 223.12 497.19 0.9765 202.81 490.81 0.2432 236.67 479.25 0.9981 217.64 481.00 0.9904 264.80 542.88 0.9978 228.21 541.89 0.9865 302.12 604.11 0.9939 260.47 595.14 0.9776
41 93.37 332.97 319.87 634.96 0.9314 114.25 376.94 0.6310 114.64 369.97 0.7279 114.50 371.34 0.0682 124.83 363.87 0.9343 133.21 366.38 0.0281 176.72 385.56 0.9977 156.29 392.88 0.9481 208.91 437.07 0.9958 180.40 444.06 0.4019 210.20 496.93 0.9817 194.49 494.17 0.3240 231.92 479.32 0.9978 214.31 483.28 0.9903 261.78 543.98 0.9977 223.42 544.09 0.9872 301.50 606.09 0.9934 262.08 597.46 0.9775
42 77.63 335.36 288.11 656.20 0.9252 101.30 383.92 0.9230 102.12 375.64 0.9371 99.56 379.19 0.2044 119.33 367.41 0.9611 116.42 375.23 0.0133 169.30 395.38 0.9969 143.93 400.05 0.9906 210.96 444.18 0.9962 143.16 430.93 0.9597 227.21 494.77 0.9955 110.45 427.22 0.9729 208.93 492.35 0.9983 197.21 493.00 0.9974 208.08 561.95 0.9977 223.50 547.10 0.9962 225.97 624.44 0.9875 265.96 594.90 0.9845
43 0.09 337.32 273.93 673.37 0.9330 68.67 376.48 0.9926 74.64 367.39 0.9968 63.65 371.43 0.8033 96.91 364.54 0.9878 66.78 375.91 0.0330 138.85 397.17 0.9987 73.36 406.39 0.9776 189.94 409.27 0.9960 28.58 390.81 0.5115 244.85 401.42 0.9917 0.00 378.32 0.5852 157.48 502.73 0.9978 120.79 506.29 0.9914 173.16 575.65 0.9980 139.51 567.61 0.9899 185.73 642.28 0.9935 208.44 584.37 0.9808
44 0.19 313.66 236.23 720.18 0.9281 52.35 379.27 0.9917 54.39 370.02 0.9815 39.58 376.15 0.9833 64.76 371.55 0.6166 25.03 386.85 0.8050 96.66 404.57 0.9986 23.11 419.58 0.9023 153.41 381.81 0.9931 0.00 392.88 0.1927 200.61 347.09 0.9840 0.00 366.75 0.3449 126.29 517.65 0.9965 78.52 530.63 0.9669 161.38 585.35 0.9972 104.61 608.80 0.9663 189.31 638.94 0.9955 114.83 687.00 0.9665
45 0.00 318.94 208.53 724.18 0.9277 32.23 390.49 0.9772 34.31 380.68 0.9237 20.80 386.17 0.9784 38.45 380.83 0.1756 2.46 394.22 0.8792 63.17 408.60 0.9971 0.00 435.44 0.4107 110.08 387.33 0.9906 13.27 439.27 0.0350 146.09 346.01 0.9793 37.76 388.24 0.1548 100.46 534.03 0.9934 54.96 550.55 0.8332 143.97 610.10 0.9980 85.94 630.22 0.9245 169.21 681.07 0.9982 116.79 688.90 0.9663
46 0.18 359.31 239.98 741.88 0.9330 77.14 405.87 0.9805 75.22 397.54 0.7767 65.17 403.20 0.9828 71.01 401.58 0.0478 42.75 415.63 0.9556 99.20 431.22 0.9972 34.58 458.32 0.8814 140.04 415.67 0.9849 0.00 469.54 0.2130 179.39 383.96 0.9669 0.44 451.31 0.3411 145.92 554.39 0.9951 100.90 567.55 0.9584 178.54 636.67 0.9962 133.36 641.09 0.9546 191.73 718.65 0.9924 118.66 686.91 0.9462
47 71.60 399.04 290.72 787.86 0.9270 155.12 442.22 0.9826 153.63 432.89 0.6672 144.30 437.56 0.9903 148.10 430.10 0.0415 116.07 441.17 0.9847 164.24 465.12 0.9786 101.01 489.88 0.9982 189.68 510.95 0.5100 104.08 557.84 0.9892 211.05 568.46 0.5345 130.01 602.04 0.9786 202.39 579.65 0.9889 166.54 597.60 0.9970 206.56 649.95 0.9908 218.54 664.19 0.9981 188.76 700.13 0.9855 251.68 755.12 0.9952
48 139.00 402.95 374.43 788.83 0.9350 234.67 449.09 0.9678 234.71 439.63 0.4609 225.92 441.97 0.9843 222.15 439.05 0.0180 197.31 444.47 0.9808 231.34 479.39 0.9400 167.86 498.00 0.9974 248.91 530.91 0.2784 157.35 562.97 0.9852 266.61 582.81 0.2805 188.71 612.22 0.9576 274.83 599.90 0.9731 228.78 616.63 0.9947 320.08 667.40 0.9694 253.17 694.45 0.9953 326.23 734.12 0.9578 264.89 759.21 0.9886
49 147.55 410.65 451.72 786.23 0.9305 339.76 458.86 0.9755 340.54 450.16 0.2128 333.65 450.30 0.9806 319.55 448.67 0.0032 304.47 449.59 0.9871 327.33 474.28 0.9965 270.69 497.86 0.9987 352.24 463.19 0.9652 227.64 527.88 0.9950 372.60 448.75 0.9567 178.88 536.86 0.9912 373.66 605.35 0.9990 330.57 617.88 0.9992 398.71 678.35 0.9985 354.02 690.33 0.9988 397.50 755.41 0.9924 300.09 739.47 0.9930
50 324.15 292.58 576.24 803.49 0.9203 442.76 465.87 0.9844 441.38 456.89 0.3573 435.92 458.42 0.9854 428.92 452.75 0.0033 409.66 457.85 0.9739 429.76 468.92 0.9915 390.13 495.90 0.9945 434.47 387.65 0.9751 358.11 472.94 0.9852 429.42 333.48 0.9871 342.97 408.39 0.9908 450.27 598.86 0.9986 433.59 611.82 0.9987 439.11 680.37 0.9992 492.80 684.61 0.9992 404.93 747.18 0.9972 526.29 769.15 0.9967
51 451.81 335.72 661.37 804.17 0.9144 540.28 465.76 0.9768 542.78 456.28 0.5167 532.98 458.84 0.9872 537.30 451.44 0.0122 508.07 454.99 0.9682 526.40 488.06 0.9150 488.85 481.92 0.9967 531.41 528.94 0.3588 498.51 445.81 0.9951 554.32 585.31 0.5046 534.36 391.37 0.9947 556.93 607.70 0.9839 524.21 616.70 0.9970 602.50 673.07 0.9889 534.82 697.55 0.9986 609.37 751.00 0.9848 539.43 774.55 0.9963
52 574.03 386.89 732.01 802.62 0.9065 656.48 466.46 0.9574 658.95 457.58 0.4270 649.97 457.29 0.9736 651.22 456.51 0.0137 625.84 456.38 0.9526 640.54 479.03 0.9004 614.30 497.46 0.9905 640.67 415.12 0.3604 601.56 476.09 0.9653 611.76 391.99 0.5051 601.23 441.61 0.9566 671.66 609.22 0.9780 649.95 618.29 0.9935 690.72 686.20 0.9841 677.84 696.87 0.9959 678.86 761.53 0.9787 621.58 738.26 0.9920
53 669.92 416.74 870.64 815.10 0.9145 777.27 477.75 0.9450 776.01 469.45 0.1578 772.54 469.72 0.9715 756.44 466.33 0.0039 749.16 467.29 0.9815 750.16 495.21 0.8934 726.70 503.49 0.9968 733.86 474.85 0.2344 705.49 495.25 0.9895 720.20 441.10 0.3599 706.07 455.10 0.9795 763.87 619.07 0.9870 756.24 625.85 0.9979 742.84 690.73 0.9940 799.60 695.04 0.9992 694.62 753.79 0.9928 816.95 780.49 0.9983
54 780.50 421.20 956.00 816.06 0.9128 884.31 471.10 0.8776 887.10 463.32 0.1545 881.26 462.69 0.9237 869.85 457.44 0.0105 864.24 455.95 0.9589 855.69 488.13 0.9366 821.49 489.23 0.9970 852.66 549.70 0.3605 800.77 529.72 0.9896 869.34 603.00 0.3288 792.25 569.34 0.9679 870.44 612.46 0.9874 839.72 622.46 0.9972 899.96 669.51 0.9881 838.90 706.90 0.9979 910.69 731.56 0.9846 817.10 789.73 0.9951
55 834.86 399.80 1082.40 816.56 0.9234 1011.41 470.22 0.6281 1011.19 463.38 0.0810 1007.47 462.61 0.6812 980.76 463.91 0.0391 987.31 460.42 0.9263 947.42 497.56 0.9921 972.71 484.08 0.9952 914.05 549.79 0.9775 1018.26 447.70 0.9907 900.29 585.73 0.9557 1067.95 410.11 0.9733 974.50 615.90 0.9990 965.38 619.10 0.9991 1030.68 679.77 0.9983 943.66 706.36 0.9985 1030.54 752.63 0.9951 867.05 762.48 0.9946
56 990.15 412.70 1162.61 816.61 0.9151 1109.74 467.42 0.9611 1114.67 459.62 0.2293 1107.29 458.67 0.9847 1095.66 448.70 0.0067 1086.95 446.95 0.9910 1065.03 474.96 0.9085 1050.37 481.77 0.9987 1048.68 533.49 0.1589 1018.77 545.16 0.9937 1057.13 590.14 0.2255 1007.73 604.70 0.9788 1054.41 600.51 0.9778 1051.74 607.92 0.9975 1052.23 673.91 0.9857 1086.91 688.17 0.9988 1031.20 748.48 0.9853 1105.85 781.70 0.9973
57 1017.93 350.38 1276.87 805.82 0.9339 1198.29 511.54 0.9315 1198.44 500.05 0.2057 1191.97 505.61 0.9390 1180.17 483.45 0.0085 1166.08 498.30 0.9589 1166.06 485.28 0.9912 1139.68 527.07 0.9956 1205.10 425.93 0.9817 1096.47 565.61 0.9944 1249.20 381.11 0.9906 1097.06 601.80 0.9942 1141.48 607.69 0.9984 1140.89 624.44 0.9987 1091.22 681.58 0.9975 1176.09 690.02 0.9979 1043.53 744.72 0.9862 1185.89 765.81 0.9863
58 1171.47 442.52 1322.04 808.69 0.9098 1307.21 496.84 0.9072 1307.42 487.78 0.1958 1300.83 490.19 0.9577 1290.60 480.06 0.0114 1276.93 487.51 0.9797 1279.19 494.62 0.8970 1236.32 522.94 0.9979 1268.47 511.65 0.1733 1204.62 593.87 0.9912 1266.51 557.39 0.1789 1196.94 665.51 0.9562 1259.15 613.31 0.9692 1228.97 626.96 0.9953 1261.84 687.21 0.9607 1223.96 698.71 0.9954 1213.43 745.00 0.9502 1194.92 770.66 0.9894
59 1197.71 390.15 1471.25 827.90 0.9419 1407.60 483.37 0.5886 1410.23 475.90 0.0605 1403.68 475.01 0.7449 1384.22 476.70 0.0167 1381.08 475.61 0.9394 1372.31 513.65 0.8397 1351.48 512.57 0.9966 1393.76 502.37 0.1795 1402.19 474.69 0.9876 1419.35 442.76 0.1841 1436.53 421.15 0.9362 1365.60 645.99 0.9908 1336.90 645.35 0.9987 1367.07 722.21 0.9926 1300.29 721.26 0.9990 1362.44 800.38 0.9916 1224.48 755.38 0.9981
60 1350.13 417.95 1573.94 852.80 0.9261 1542.72 503.89 0.8948 1547.50 495.04 0.1462 1541.44 493.67 0.9024 1524.51 487.82 0.0089 1520.28 483.56 0.9382 1482.31 529.82 0.9735 1487.38 510.73 0.9912 1469.83 588.43 0.7358 1501.43 480.44 0.9416 1505.02 625.88 0.6945 1510.13 435.93 0.9169 1452.71 648.25 0.9948 1462.13 648.18 0.9966 1421.00 718.84 0.9977 1488.83 732.06 0.9984 1371.07 793.85 0.9955 1509.40 820.22 0.9959
61 1512.80 394.54 1717.78 865.83 0.9272 1668.33 498.90 0.0870 1668.76 490.64 0.0124 1666.42 493.83 0.0921 1629.50 485.32 0.1057 1652.05 493.38 0.8110 1590.97 521.30 0.9920 1637.39 519.07 0.9938 1561.83 583.78 0.9895 1695.33 477.13 0.9931 1555.17 621.70 0.9728 1670.71 424.78 0.9744 1580.62 647.83 0.9985 1598.73 653.85 0.9986 1585.48 724.82 0.9930 1580.58 746.08 0.9936 1549.26 808.67 0.9647 1532.55 826.01 0.9613
62 1582.50 408.08 1943.93 855.60 0.9343 1811.19 515.52 0.1414 1813.61 507.17 0.0160 1811.04 507.44 0.1633 1770.13 497.97 0.0743 1793.67 500.13 0.8393 1716.02 525.63 0.9885 1776.55 523.97 0.9934 1671.00 587.16 0.9797 1836.50 500.25 0.9923 1657.49 637.42 0.9581 1902.15 437.34 0.9731 1685.79 657.62 0.9991 1709.03 661.04 0.9992 1709.96 746.15 0.9982 1700.08 759.65 0.9984 1682.85 814.31 0.9935 1605.28 804.19 0.9930
63 1680.64 475.97 1964.61 882.90 0.9364 1930.14 541.67 0.9073 1935.27 533.66 0.1401 1928.58 531.89 0.9587 1915.56 523.08 0.0087 1906.76 518.80 0.9855 1885.34 552.60 0.9219 1851.95 549.21 0.9990 1859.18 600.89 0.2016 1811.07 576.66 0.9968 1846.91 657.46 0.2489 1803.19 586.03 0.9885 1827.28 672.91 0.9896 1810.11 674.38 0.9987 1783.42 742.07 0.9915 1815.73 759.96 0.9992 1706.03 794.27 0.9889 1773.73 836.03 0.9978
64 1759.99 491.21 2041.91 903.90 0.9290 1973.92 559.83 0.9903 1986.18 553.99 0.9485 1969.66 546.59 0.9861 2000.72 548.56 0.4703 1952.90 529.62 0.9082 2004.69 583.07 0.9947 1910.41 557.23 0.9989 2006.07 651.30 0.9120 1862.43 610.12 0.9958 1975.39 709.51 0.8978 1840.86 661.90 0.9919 1942.73 703.68 0.9965 1878.57 686.94 0.9982 1923.34 789.33 0.9918 1839.80 770.18 0.9961 1897.43 870.90 0.9709 1781.64 829.67 0.9838
65 1775.40 487.88 2047.50 905.21 0.9272 1986.03 556.37 0.9703 1998.61 549.25 0.9668 1981.46 544.15 0.8671 2023.97 539.57 0.8617 1975.70 527.73 0.2224 2046.40 581.41 0.9583 1952.81 555.03 0.9936 2039.40 670.06 0.5820 1919.52 618.30 0.9613 2008.49 736.92 0.6074 1903.69 678.73 0.9291 1979.84 711.49 0.9854 1917.48 693.63 0.9946 1938.92 798.34 0.9885 1860.29 777.78 0.9962 1903.33 868.14 0.9797 1821.58 860.35 0.9920
66 1744.29 515.74 2047.06 945.51 0.9339 1935.70 584.20 0.9923 1946.80 574.40 0.9947 1928.04 571.61 0.9071 1977.56 565.90 0.9682 1921.83 560.91 0.0880 2011.68 603.79 0.9865 1914.13 586.47 0.9890 2035.29 656.26 0.7197 1890.45 625.01 0.7729 2025.22 659.83 0.6165 1935.46 614.41 0.6344 1940.23 741.33 0.9848 1874.18 726.91 0.9868 1911.70 837.56 0.9795 1827.58 816.74 0.9836 1897.52 906.24 0.9553 1795.18 911.00 0.9658
67 1663.36 520.72 2029.18 1036.66 0.9383 1921.92 598.61 0.9971 1938.65 589.68 0.9973 1914.61 583.58 0.9796 1967.86 586.36 0.9753 1904.29 569.93 0.4129 1983.93 644.37 0.9990 1873.13 592.00 0.9993 1991.84 725.75 0.9920 1784.73 572.76 0.9948 1983.16 801.25 0.9896 1703.97 541.02 0.9951 1893.05 782.98 0.9993 1825.34 751.75 0.9993 1848.11 887.61 0.9989 1789.23 834.62 0.9989 1806.21 987.37 0.9940 1782.97 913.47 0.9950
68 1699.88 463.14 2012.18 1061.27 0.9387 1893.61 626.93 0.9966 1907.03 613.37 0.9975 1883.55 610.73 0.9529 1941.55 604.37 0.9846 1874.76 596.50 0.1591 1968.07 681.53 0.9988 1863.73 614.84 0.9986 1952.85 777.24 0.9940 1846.41 539.12 0.9874 1925.65 853.05 0.9922 1917.33 497.84 0.9894 1866.73 833.27 0.9990 1793.43 801.17 0.9990 1820.37 930.53 0.9977 1737.66 902.28 0.9973 1755.54 997.71 0.9858 1752.64 969.52 0.9852
69 1593.10 565.41 1952.75 1134.14 0.9362 1811.22 691.40 0.9928 1822.30 675.42 0.9951 1800.32 676.31 0.8847 1859.54 655.67 0.9751 1796.17 656.30 0.0770 1897.93 726.65 0.9972 1794.84 668.37 0.9934 1891.08 819.83 0.9824 1784.05 602.25 0.9152 1888.52 918.22 0.9700 1830.15 615.09 0.9210 1802.69 896.30 0.9980 1727.23 872.28 0.9971 1783.35 1002.56 0.9950 1682.97 991.24 0.9930 1756.69 1051.74 0.9774 1656.06 1090.36 0.9713
70 1589.40 524.75 1898.46 1274.69 0.9322 1757.72 749.77 0.9954 1772.83 735.64 0.9966 1746.17 733.36 0.9408 1813.73 718.93 0.9754 1736.75 711.62 0.1393 1851.55 786.24 0.9981 1734.02 721.91 0.9965 1847.94 854.69 0.9908 1723.78 629.02 0.9447 1839.17 895.59 0.9863 1785.40 566.03 0.9498 1744.76 954.95 0.9985 1666.00 917.51 0.9981 1683.63 1079.74 0.9979 1639.69 1014.16 0.9967 1638.42 1195.20 0.9888 1638.34 1089.38 0.9870
71 1512.48 534.60 1867.30 1315.77 0.9364 1707.70 813.67 0.9963 1727.08 798.34 0.9976 1695.62 795.49 0.9534 1772.40 781.72 0.9812 1687.31 771.30 0.1487 1814.21 871.36 0.9986 1683.40 784.95 0.9980 1808.47 1008.30 0.9929 1629.18 704.25 0.9760 1781.34 1115.44 0.9875 1595.11 605.43 0.9826 1692.86 1049.94 0.9991 1605.52 1004.84 0.9990 1648.62 1174.86 0.9977 1551.37 1118.14 0.9972 1599.92 1237.07 0.9836 1571.07 1164.60 0.9832
72 1357.53 784.26 1943.66 1419.24 0.9409 1586.36 894.52 0.9915 1605.66 877.67 0.9910 1574.91 875.59 0.8981 1657.00 864.93 0.9685 1572.46 858.78 0.2095 1706.28 929.65 0.9972 1555.91 900.55 0.9866 1792.27 973.29 0.9924 1484.47 893.14 0.9794 1875.31 997.54 0.9894 1404.39 871.01 0.9829 1609.50 1143.07 0.9991 1507.35 1128.17 0.9986 1596.76 1233.78 0.9916 1456.52 1248.31 0.9898 1573.76 1273.28 0.9217 1432.12 1366.77 0.9073
73 1360.59 851.77 2002.26 1495.58 0.9502 1423.45 985.80 0.9800 1440.84 966.05 0.9935 1409.93 963.85 0.7535 1497.17 940.44 0.9923 1422.93 936.98 0.1323 1576.62 1006.28 0.9982 1429.46 985.24 0.8699 1751.42 1036.06 0.9822 1415.74 1046.21 0.1925 1907.32 1050.67 0.9211 1415.13 1121.02 0.1080 1497.60 1249.29 0.9763 1414.99 1217.76 0.8611 1440.35 1421.57 0.8766 1396.45 1325.69 0.5628 1439.59 1499.69 0.4762 1407.24 1374.64 0.2647
74 1187.71 998.23 1673.34 1494.48 0.9468 1333.09 1154.82 0.9986 1359.02 1139.75 0.9993 1319.07 1128.21 0.9474 1422.18 1106.53 0.9910 1309.25 1079.29 0.0291 1495.35 1179.81 0.9976 1320.27 1108.46 0.9958 1564.95 1306.62 0.9882 1270.86 1170.20 0.9750 1605.69 1402.79 0.9756 1260.19 1204.07 0.9652 1378.34 1412.46 0.9863 1266.33 1369.90 0.9852 1332.35 1500.00 0.3268 1208.21 1446.10 0.3540 1358.09 1483.60 0.0167 1222.17 1500.00 0.0209
75 988.12 1124.87 1349.51 1493.80 0.9221 1134.60 1293.49 0.9938 1163.70 1285.02 0.9973 1129.98 1261.11 0.8593 1248.86 1256.94 0.9928 1145.46 1204.53 0.0319 1295.46 1371.97 0.9587 1121.08 1226.88 0.9926 1232.61 1500.00 0.1717 1038.16 1378.29 0.8149 1118.47 1491.17 0.1017 1020.97 1493.36 0.5063 1166.26 1500.00 0.0198 1059.62 1431.59 0.0699 1116.81 1500.00 0.0018 1041.77 1321.88 0.0106 1082.42 1496.17 0.0015 1103.98 1500.00 0.0091
76 777.04 1253.42 1141.89 1498.28 0.8952 865.44 1443.75 0.8122 890.40 1438.57 0.9248 867.93 1421.06 0.2996 997.18 1412.47 0.9653 930.46 1371.46 0.0473 1074.44 1438.38 0.7179 917.35 1352.25 0.9687 1012.24 1500.00 0.0698 830.37 1419.80 0.7781 842.92 1500.00 0.0328 796.43 1500.00 0.4118 1046.67 1500.00 0.0258 945.75 1459.96 0.1170 997.41 1500.00 0.0021 861.18 1409.30 0.0150 934.33 1484.62 0.0021 885.58 1500.00 0.0124
77 523.65 1315.74 1133.81 1496.26 0.8384 693.63 1438.49 0.0166 684.46 1437.63 0.0139 691.19 1435.56 0.0102 650.80 1461.30 0.1308 716.64 1455.82 0.1011 703.19 1467.05 0.2918 760.34 1456.62 0.1039 813.69 1405.80 0.5369 839.21 1401.03 0.1408 965.34 1360.53 0.7374 968.74 1357.88 0.3766 851.18 1453.67 0.0134 890.05 1454.04 0.0068 856.09 1432.07 0.0050 883.27 1412.11 0.0023 950.26 1425.83 0.0048 942.44 1409.66 0.0030
78 502.08 1269.93 889.76 1493.52 0.9232 592.99 1393.68 0.0145 579.66 1398.11 0.0140 607.26 1373.85 0.0155 531.54 1437.16 0.7229 683.80 1376.30 0.8208 545.68 1500.00 0.5205 796.93 1431.09 0.9281 528.06 1494.96 0.0263 839.64 1437.23 0.2299 580.10 1439.56 0.0085 705.22 1438.61 0.0404 665.96 1500.00 0.0285 833.22 1477.65 0.1163 640.99 1448.36 0.0057 776.15 1375.99 0.0278 661.00 1456.83 0.0103 774.94 1478.04 0.0394
79 421.94 1064.49 812.42 1494.24 0.9304 510.77 1194.32 0.0058 500.81 1181.42 0.0066 516.05 1172.32 0.0038 505.80 1203.55 0.9238 627.67 1165.37 0.8799 482.65 1379.08 0.9779 722.61 1252.67 0.9942 481.77 1500.00 0.1073 785.72 1369.99 0.7286 524.62 1403.93 0.0073 698.00 1309.93 0.1191 606.20 1500.00 0.0144 766.54 1464.15 0.0331 500.56 1500.00 0.0007 651.79 1303.02 0.0021 564.85 1500.00 0.0006 709.39 1500.00 0.0021
80 316.31 943.55 682.10 1495.38 0.9405 440.45 1043.61 0.0107 434.28 1033.92 0.0082 447.85 1025.09 0.0094 389.53 1057.90 0.8984 504.78 1025.50 0.8972 378.10 1190.66 0.9982 564.48 1108.14 0.9978 422.92 1392.13 0.9754 629.82 1150.37 0.9814 440.90 1446.92 0.7258 589.30 1089.07 0.7916 481.03 1391.88 0.9914 613.51 1354.93 0.9913 501.05 1475.86 0.3727 642.50 1437.00 0.4585 554.25 1500.00 0.0319 640.69 1496.63 0.0395
81 195.62 835.32 615.74 1494.60 0.9421 375.11 916.18 0.0176 361.55 907.71 0.0156 377.29 899.72 0.0127 315.48 931.25 0.9024 413.55 908.39 0.9110 298.76 1037.24 0.9990 482.28 989.43 0.9991 246.07 1059.62 0.9964 564.71 1123.12 0.9985 220.33 933.75 0.9713 588.15 1246.67 0.9911 405.13 1249.52 0.9984 506.95 1212.80 0.9984 474.92 1398.89 0.9532 552.20 1272.42 0.9630 564.57 1471.61 0.5954 561.84 1343.57 0.7418
82 184.58 735.23 525.85 1342.95 0.9213 292.39 809.83 0.0087 283.34 800.28 0.0076 295.35 793.21 0.0051 263.17 820.12 0.8921 342.34 793.62 0.8625 258.16 929.93 0.9995 417.08 874.58 0.9992 236.27 1047.60 0.9921 492.65 961.95 0.9886 201.41 1022.96 0.8706 504.69 988.45 0.8689 349.88 1097.12 0.9997 450.83 1071.03 0.9997 372.32 1199.35 0.9982 463.37 1164.66 0.9984 432.65 1291.55 0.9885 488.21 1279.72 0.9901
83 146.76 630.47 516.71 1264.75 0.9215 237.43 743.57 0.0791 223.77 736.32 0.0554 236.22 733.34 0.0554 197.53 756.33 0.8154 270.81 739.02 0.8125 196.22 852.51 0.9980 322.02 780.80 0.9966 209.21 974.79 0.9838 358.04 746.65 0.9668 251.96 972.85 0.9074 330.15 683.22 0.8675 290.61 1003.04 0.9992 377.63 982.63 0.9991 323.05 1090.20 0.9975 424.74 1089.17 0.9978 353.69 1154.36 0.9902 473.11 1212.10 0.9903
84 71.86 619.72 405.72 1177.74 0.9400 195.47 678.79 0.0174 186.57 673.33 0.0152 197.43 665.25 0.0116 156.97 691.24 0.8476 225.28 670.16 0.8253 148.98 764.70 0.9988 286.30 735.89 0.9990 92.95 773.31 0.9941 347.79 834.48 0.9982 104.74 690.10 0.9599 376.06 913.45 0.9902 234.64 937.51 0.9997 311.35 914.07 0.9997 280.05 1056.43 0.9977 352.93 979.47 0.9984 348.63 1140.24 0.9831 366.40 1049.00 0.9907
85 73.42 571.38 374.02 1069.99 0.9294 174.74 629.38 0.0280 168.54 622.35 0.0241 177.39 617.54 0.0183 152.51 633.86 0.8711 212.12 618.98 0.8419 144.54 706.47 0.9992 274.17 680.11 0.9991 110.70 758.50 0.9903 333.61 757.71 0.9951 94.90 710.61 0.9078 355.12 809.62 0.9624 227.81 860.32 0.9997 306.84 846.85 0.9997 244.80 949.98 0.9977 318.36 927.26 0.9983 301.81 1037.34 0.9864 347.74 1030.54 0.9903
86 79.62 513.39 376.01 1046.61 0.9304 130.83 589.84 0.0404 122.19 584.53 0.0311 130.67 580.22 0.0204 113.81 602.83 0.7917 168.62 582.49 0.7124 110.71 673.15 0.9987 213.27 614.39 0.9976 150.32 759.41 0.9930 238.45 587.74 0.9799 178.39 737.25 0.9498 193.96 535.84 0.9141 184.84 800.33 0.9996 259.55 785.65 0.9996 208.50 883.79 0.9987 299.50 891.81 0.9987 247.76 946.28 0.9930 330.06 1001.97 0.9922
87 0.28 498.45 305.64 970.16 0.9449 130.38 550.31 0.0093 120.58 542.25 0.0056 127.83 540.77 0.0063 86.78 554.66 0.7743 143.81 545.42 0.8233 74.60 620.63 0.9979 184.97 601.49 0.9991 23.59 661.50 0.9174 247.56 666.19 0.9940 0.00 652.15 0.4055 280.31 695.07 0.9102 149.95 762.54 0.9992 212.19 750.48 0.9994 188.89 855.49 0.9945 247.94 808.30 0.9969 236.22 930.95 0.9734 278.95 859.02 0.9856
88 0.00 366.37 285.44 900.17 0.9405 107.29 496.66 0.0136 102.73 491.11 0.0096 107.58 488.18 0.0081 80.97 506.57 0.7548 131.84 494.57 0.7635 78.20 552.94 0.9977 172.09 537.91 0.9986 31.08 506.58 0.9813 217.95 479.50 0.9953 8.38 457.46 0.8664 239.31 413.88 0.9638 145.70 697.52 0.9995 202.94 693.18 0.9995 163.88 779.15 0.9954 235.26 770.57 0.9964 210.50 856.35 0.9751 257.44 841.24 0.9805
89 0.00 377.90 287.38 858.42 0.9384 87.05 475.81 0.0297 78.45 473.60 0.0141 84.55 468.13 0.0137 56.16 493.31 0.3872 100.20 477.14 0.5286 57.00 533.07 0.9953 137.29 513.82 0.9911 15.15 453.12 0.9924 124.32 447.03 0.9632 44.71 399.42 0.9743 86.42 419.00 0.9193 118.92 661.39 0.9996 171.88 656.98 0.9995 148.51 731.29 0.9993 216.90 731.73 0.9991 175.33 788.12 0.9971 254.38 814.84 0.9965
90 6.08 315.71 212.18 823.63 0.9198 67.17 460.42 0.0541 61.40 457.01 0.0246 68.99 453.17 0.0414 32.09 471.73 0.4360 82.02 461.60 0.6002 28.81 512.62 0.9818 107.35 487.76 0.9929 51.34 478.93 0.8775 140.08 432.73 0.9869 76.60 395.96 0.7146 138.98 365.38 0.9561 83.82 633.81 0.9980 134.69 623.92 0.9988 125.77 714.64 0.9947 168.20 689.63 0.9976 167.58 778.77 0.9829 190.89 751.13 0.9913
91 0.04 396.82 202.40 786.30 0.9286 37.88 442.85 0.0372 34.65 436.38 0.0281 40.60 434.46 0.0212 28.41 441.60 0.7936 69.75 432.29 0.6902 17.57 491.26 0.9970 109.24 471.71 0.9979 22.81 543.96 0.9069 143.95 507.99 0.9782 35.41 573.33 0.4847 136.65 545.75 0.8170 76.44 606.87 0.9989 138.10 600.08 0.9992 98.39 679.93 0.9960 158.16 673.38 0.9977 141.12 739.70 0.9885 181.37 746.17 0.9927
92 0.20 385.64 203.43 764.48 0.9307 25.56 428.60 0.0345 20.77 422.94 0.0117 24.14 420.86 0.0327 0.27 428.17 0.2131 31.22 420.98 0.5649 0.00 466.97 0.8879 67.06 454.54 0.9909 6.03 516.64 0.3720 124.12 494.69 0.9940 11.61 567.85 0.2348 161.90 551.56 0.9747 54.22 575.24 0.9854 100.63 572.39 0.9962 70.22 645.54 0.9740 134.84 647.07 0.9958 105.64 720.75 0.9566 166.55 731.38 0.9893
93 0.09 374.76 140.39 735.03 0.9174 12.66 410.89 0.0527 9.14 404.67 0.0125 10.62 403.10 0.0872 0.00 408.61 0.0744 11.20 403.08 0.7044 0.00 454.13 0.3319 43.45 438.37 0.9922 16.66 514.41 0.0273 75.17 490.44 0.9893 55.81 547.70 0.0357 100.86 544.28 0.9327 23.08 566.04 0.8826 63.71 557.43 0.9936 49.42 637.82 0.8805 92.44 617.46 0.9959 86.47 706.46 0.9253 116.47 684.76 0.9948
94 0.17 356.44 119.58 715.77 0.8962 34.91 399.83 0.0998 33.18 391.82 0.0233 32.83 391.57 0.1231 7.42 391.90 0.0595 29.92 390.75 0.6349 7.51 434.41 0.5762 43.17 432.16 0.9329 21.93 486.91 0.0924 36.53 484.42 0.4151 0.00 507.64 0.0582 0.00 506.89 0.1354 25.79 541.75 0.9099 53.95 539.18 0.9744 45.76 611.18 0.9645 72.83 604.50 0.9906 71.94 672.78 0.9823 86.32 667.98 0.9934
95 0.12 313.52 129.27 690.19 0.9043 40.44 389.33 0.5833 41.23 382.16 0.0654 37.60 381.02 0.5392 21.96 379.47 0.0069 18.43 377.21 0.6386 15.85 404.28 0.8758 13.60 411.84 0.7121 57.71 374.51 0.7395 48.34 398.04 0.4179 40.37 335.34 0.7506 34.15 346.08 0.5361 42.71 514.37 0.9498 42.02 519.75 0.9119 63.38 580.46 0.9638 69.82 587.40 0.9314 72.09 659.20 0.9301 81.95 662.04 0.8776
96 0.00 330.62 194.52 657.36 0.9257 57.29 374.28 0.8682 55.22 366.81 0.2034 51.27 366.65 0.8787 34.97 365.89 0.0123 25.67 366.08 0.8788 27.00 394.09 0.9467 21.38 402.86 0.9362 85.79 387.10 0.7863 22.06 426.98 0.7787 131.59 364.92 0.8390 38.57 433.01 0.8254 49.14 503.42 0.9812 54.66 508.11 0.9783 69.26 565.04 0.9899 109.58 559.24 0.9881 67.23 639.93 0.9826 142.45 623.88 0.9785
97 66.29 326.99 248.03 650.08 0.9185 131.80 358.93 0.9218 128.99 352.21 0.1687 125.04 354.07 0.9267 111.60 353.85 0.0093 104.81 357.76 0.9594 111.17 389.80 0.9920 96.98 395.44 0.9968 137.68 436.54 0.9627 89.15 454.04 0.9959 178.94 465.12 0.9718 90.93 507.50 0.9958 134.26 489.29 0.9982 133.19 494.07 0.9987 135.69 553.32 0.9979 179.45 544.68 0.9987 92.41 613.00 0.9913 196.49 614.12 0.9934
98 128.88 318.36 325.11 632.46 0.9217 200.84 344.47 0.8805 197.38 339.49 0.0931 194.27 339.13 0.8941 168.99 347.63 0.0138 179.99 347.84 0.9844 156.59 383.57 0.9980 185.71 387.82 0.9987 145.79 431.16 0.9892 235.09 416.09 0.9954 143.23 473.71 0.9810 290.95 411.08 0.9896 196.94 476.16 0.9990 199.98 483.40 0.9991 252.08 525.08 0.9980 212.14 544.83 0.9983 289.83 577.03 0.9916 198.53 610.58 0.9912
99 224.26 304.84 365.21 597.83 0.9091 277.91 328.82 0.8444 275.78 322.97 0.1191 271.67 324.45 0.9072 252.86 327.65 0.0146 258.30 332.25 0.9731 248.03 361.86 0.9243 257.57 374.04 0.9973 277.16 401.26 0.2435 289.88 424.95 0.9902 312.69 430.96 0.2450 332.57 447.49 0.9662 278.58 451.58 0.9678 285.81 460.59 0.9938 315.60 506.26 0.9647 333.66 509.43 0.9953 302.94 568.94 0.9540 317.88 570.95 0.9895
100 271.35 290.69 467.40 587.10 0.9176 367.51 323.25 0.8182 364.30 317.94 0.1024 362.84 318.79 0.8176 348.40 323.16 0.0147 347.81 325.15 0.9382 351.17 352.00 0.9937 337.44 362.77 0.9967 385.40 349.45 0.9795 313.60 401.80 0.9958 409.12 314.75 0.9809 292.98 443.23 0.9943 371.88 441.83 0.9989 371.32 446.72 0.9991 369.52 503.78 0.9981 411.15 497.83 0.9985 336.35 556.73 0.9904 427.40 559.39 0.9915
101 386.08 255.86 524.79 575.12 0.8960 436.98 314.93 0.6734 433.54 308.79 0.0851 433.02 309.26 0.6813 413.69 310.36 0.0219 419.99 313.01 0.8880 407.56 330.77 0.9825 412.77 357.92 0.9924 419.16 302.39 0.9368 441.92 396.08 0.9910 418.30 269.54 0.9463 481.68 420.17 0.9871 435.78 424.73 0.9953 430.58 441.08 0.9966 465.26 468.58 0.9916 440.65 496.85 0.9948 493.35 522.16 0.9723 428.44 560.72 0.9787
102 455.56 243.00 574.08 551.55 0.8817 505.27 310.34 0.5942 502.50 304.93 0.0872 501.91 305.72 0.5894 480.51 305.95 0.0560 489.71 308.57 0.9006 471.27 325.53 0.9905 490.76 332.29 0.9946 487.30 291.00 0.9578 527.51 317.96 0.9921 490.21 260.93 0.9522 557.82 297.33 0.9890 490.90 413.46 0.9975 503.04 417.44 0.9980 512.47 466.21 0.9950 535.72 465.53 0.9967 503.45 527.92 0.9817 523.13 520.24 0.9860
103 516.10 230.26 648.99 541.95 0.8941 569.46 299.47 0.6333 567.30 296.13 0.0777 565.28 295.62 0.5950 555.17 303.20 0.0162 552.28 301.65 0.7921 553.80 328.77 0.9678 547.09 319.78 0.9807 588.93 326.24 0.9286 547.66 287.87 0.9779 627.35 314.91 0.9448 537.54 251.57 0.9824 563.11 403.76 0.9952 565.61 402.62 0.9961 561.91 456.02 0.9952 598.87 451.66 0.9963 533.91 512.68 0.9847 599.26 509.12 0.9866
104 574.00 213.18 674.67 528.84 0.8626 616.01 288.55 0.2391 613.38 284.50 0.0343 612.95 284.26 0.2710 594.77 289.87 0.0629 604.56 289.55 0.8073 589.92 313.97 0.9150 604.29 311.28 0.9928 605.33 299.63 0.3748 626.40 282.27 0.9740 610.33 249.17 0.2371 624.40 242.40 0.8837 611.70 388.02 0.9880 617.23 390.72 0.9968 630.77 434.41 0.9843 621.26 447.73 0.9968 646.47 479.56 0.9800 607.66 505.40 0.9936
105 621.75 258.84 729.42 504.12 0.8672 665.10 283.44 0.7193 663.79 278.35 0.1081 661.73 278.63 0.8074 640.58 280.51 0.0445 652.44 280.99 0.9671 630.00 307.14 0.9539 656.35 307.90 0.9981 650.61 332.89 0.3236 684.61 329.29 0.9883 679.64 343.09 0.2572 716.71 340.63 0.9448 646.14 379.90 0.9852 664.85 382.08 0.9970 664.24 428.52 0.9857 692.48 426.04 0.9977 657.65 481.61 0.9843 678.18 479.00 0.9960
106 668.29 258.20 772.77 494.98 0.8631 728.09 283.67 0.9156 727.19 278.29 0.2912 723.32 279.21 0.9546 717.41 278.58 0.0224 709.84 280.73 0.9682 713.03 305.29 0.8834 705.01 309.59 0.9964 719.60 337.73 0.2163 696.79 350.86 0.9833 733.30 354.38 0.2855 700.04 392.28 0.9539 723.90 377.06 0.9632 722.78 379.88 0.9941 717.93 425.13 0.9693 742.56 424.24 0.9960 686.16 464.88 0.9701 741.71 474.86 0.9932
107 705.39 259.07 846.97 493.04 0.9174 777.19 285.20 0.9763 777.74 279.99 0.6248 772.04 280.78 0.9887 773.57 280.72 0.0293 757.55 281.79 0.9803 770.93 305.94 0.9316 746.58 306.65 0.9976 770.70 335.65 0.3101 725.29 331.97 0.9868 781.00 361.16 0.3888 715.67 361.67 0.9677 776.10 373.83 0.9743 757.03 376.99 0.9952 794.98 419.11 0.9819 756.17 426.09 0.9972 812.12 459.63 0.9834 743.91 471.90 0.9957
108 776.68 257.72 871.79 492.36 0.8896 819.61 285.27 0.9864 822.69 280.13 0.9040 814.36 280.90 0.9862 826.29 278.33 0.2744 803.34 279.56 0.9510 832.92 300.32 0.9966 794.06 303.67 0.9975 843.11 332.44 0.9747 783.66 339.36 0.9888 857.13 363.94 0.9760 788.66 371.21 0.9889 836.36 369.62 0.9966 811.36 372.38 0.9970 845.68 419.43 0.9960 827.15 421.65 0.9966 834.47 466.73 0.9901 803.97 463.45 0.9908
109 805.79 265.60 938.77 516.33 0.9278 862.53 293.45 0.9895 865.46 287.92 0.9255 856.95 288.80 0.9891 869.78 286.16 0.2955 846.71 288.14 0.9584 879.67 311.15 0.9975 835.48 313.94 0.9979 893.82 338.02 0.9822 819.13 344.50 0.9874 921.03 351.06 0.9834 814.99 368.91 0.9871 876.47 378.95 0.9975 853.82 382.39 0.9977 870.50 427.70 0.9974 873.20 431.10 0.9976 839.78 460.02 0.9935 884.34 490.90 0.9934
110 867.72 270.94 971.04 523.27 0.8838 905.36 298.60 0.9815 909.01 293.16 0.8885 899.99 293.98 0.9842 912.73 292.60 0.2417 887.45 293.78 0.9455 917.99 316.93 0.9914 878.81 317.49 0.9929 924.49 349.81 0.8835 895.38 334.46 0.9292 930.62 386.19 0.8404 912.26 314.68 0.9122 922.47 393.80 0.9912 892.56 396.02 0.9919 935.53 446.73 0.9922 890.40 448.97 0.9929 944.40 499.37 0.9875 887.75 496.03 0.9876
111 911.76 261.13 983.23 536.00 0.8734 956.37 305.70 0.9608 959.48 300.49 0.8082 950.68 301.15 0.9748 963.63 301.11 0.1589 940.45 302.00 0.9153 968.92 322.98 0.8894 934.63 320.92 0.9936 964.54 318.05 0.3387 919.85 302.90 0.9740 953.06 285.55 0.4554 928.92 277.62 0.9542 969.70 398.47 0.9610 946.44 398.79 0.9913 975.51 456.45 0.9708 957.48 455.11 0.9945 955.14 508.14 0.9728 927.38 499.45 0.9923
112 953.03 290.28 1026.01 571.91 0.8687 1001.07 325.17 0.9678 1003.76 319.13 0.8073 995.05 320.06 0.9714 1006.44 316.69 0.1246 983.12 318.43 0.8914 1011.51 340.65 0.9666 971.06 338.16 0.9822 1007.34 352.66 0.7385 954.27 328.61 0.8825 988.15 324.18 0.7686 963.46 307.21 0.8826 1010.36 416.76 0.9818 986.88 419.80 0.9867 1005.74 475.61 0.9905 1009.62 478.86 0.9933 973.11 503.48 0.9890 1007.84 544.54 0.9909
113 996.99 245.57 1105.10 577.52 0.9049 1046.58 331.70 0.9719 1050.30 325.61 0.8092 1041.34 325.91 0.9844 1051.82 324.46 0.1308 1029.05 323.89 0.9540 1048.39 354.81 0.9241 1017.22 345.21 0.9970 1049.15 391.07 0.3565 1018.72 327.14 0.9860 1056.44 433.12 0.4300 1038.63 273.99 0.9744 1050.14 437.18 0.9767 1024.70 437.49 0.9958 1063.40 493.99 0.9859 1018.57 496.89 0.9979 1070.25 550.69 0.9884 1010.46 551.04 0.9971
114 1036.07 305.30 1170.15 590.70 0.9094 1089.50 345.04 0.9799 1093.80 339.55 0.8156 1084.49 339.02 0.9822 1095.71 334.68 0.1209 1070.45 332.35 0.9551 1102.01 357.35 0.9952 1054.25 358.45 0.9966 1126.56 391.41 0.9785 1046.15 405.97 0.9889 1150.14 417.29 0.9806 1057.36 446.54 0.9878 1097.14 446.37 0.9964 1067.51 447.39 0.9968 1097.85 504.97 0.9934 1072.61 504.99 0.9942 1084.32 560.44 0.9757 1051.91 561.59 0.9764
115 1007.36 310.41 1187.09 623.37 0.9276 1082.07 362.68 0.9896 1087.00 356.68 0.9882 1077.35 356.97 0.9191 1098.61 348.18 0.9439 1071.60 351.50 0.2488 1116.92 363.78 0.9970 1063.89 373.39 0.9970 1144.08 352.31 0.9784 1048.58 394.33 0.9862 1165.28 329.11 0.9788 1029.75 410.17 0.9851 1109.37 459.29 0.9967 1077.83 463.15 0.9969 1099.78 524.48 0.9937 1082.56 526.90 0.9948 1090.10 571.88 0.9782 1091.26 591.41 0.9821
116 994.86 330.65 1241.64 634.20 0.9302 1072.59 372.68 0.9930 1078.23 366.25 0.9932 1066.66 367.27 0.9549 1090.80 358.26 0.9552 1059.54 362.97 0.3754 1115.01 372.95 0.9985 1055.18 384.06 0.9977 1158.94 371.55 0.9936 1041.92 412.22 0.9827 1209.53 357.67 0.9932 1017.31 429.07 0.9814 1109.49 476.15 0.9983 1072.11 480.53 0.9980 1124.80 544.21 0.9968 1080.10 545.98 0.9963 1136.73 605.77 0.9881 1088.96 606.46 0.9875
117 998.87 358.06 1262.35 689.35 0.9332 1072.70 401.42 0.9915 1078.67 393.55 0.9937 1067.90 396.07 0.9009 1095.36 385.03 0.9772 1065.21 392.10 0.1550 1125.28 407.28 0.9985 1066.55 410.10 0.9968 1176.79 417.36 0.9932 1045.35 420.48 0.9722 1231.81 420.62 0.9919 1022.15 427.34 0.9728 1113.59 509.79 0.9984 1077.52 506.44 0.9978 1110.42 582.61 0.9974 1070.69 560.98 0.9963 1120.07 650.24 0.9899 1084.75 598.74 0.9884
118 947.23 369.07 1207.57 689.12 0.9259 1027.20 414.09 0.9736 1031.40 406.35 0.9902 1024.18 407.52 0.4041 1051.36 397.97 0.9887 1029.69 403.31 0.0106 1086.41 421.29 0.9990 1040.08 428.26 0.9190 1135.47 432.19 0.9946 1054.21 462.63 0.2273 1185.76 441.09 0.9807 1053.05 492.19 0.2565 1079.24 531.70 0.9989 1043.66 531.77 0.9901 1097.02 600.31 0.9994 1019.29 592.80 0.9933 1118.31 654.58 0.9989 991.39 653.59 0.9938
119 919.85 362.28 1047.25 696.24 0.9042 935.15 405.77 0.9624 939.51 397.87 0.9702 932.25 399.04 0.3668 959.88 391.76 0.9644 938.65 397.11 0.0144 990.29 429.92 0.9974 950.80 432.54 0.9924 1013.56 485.76 0.9952 955.10 484.28 0.9540 1021.65 537.68 0.9943 938.24 517.72 0.9615 981.83 537.19 0.9987 952.87 537.26 0.9981 976.12 604.55 0.9986 947.95 603.75 0.9978 1028.56 651.72 0.9936 965.54 668.03 0.9919
120 821.20 369.66 977.96 739.13 0.9083 860.43 403.56 0.9909 869.90 397.23 0.9938 860.34 395.24 0.7422 892.52 404.17 0.9845 865.73 399.19 0.0287 908.34 451.81 0.9978 868.94 442.25 0.9915 922.04 518.36 0.9931 862.71 485.81 0.9188 910.69 574.54 0.9925 851.05 517.04 0.9488 897.60 555.88 0.9975 879.26 549.67 0.9954 869.80 624.28 0.9976 901.34 614.36 0.9951 855.31 701.66 0.9901 957.89 659.06 0.9844
121 725.84 375.34 870.79 737.83 0.9033 786.87 398.32 0.9831 797.94 394.29 0.9925 785.96 390.98 0.7545 818.41 409.23 0.9828 787.22 401.01 0.0568 834.94 459.54 0.9985 786.72 452.59 0.9495 852.37 525.49 0.9912 793.79 513.00 0.3111 829.97 576.26 0.9736 791.91 565.21 0.3564 830.99 570.24 0.9970 794.17 566.46 0.9819 840.88 641.05 0.9979 777.10 635.20 0.9844 855.59 701.35 0.9957 773.48 702.95 0.9810
122 635.17 384.41 869.73 766.78 0.9334 725.38 413.65 0.8777 730.02 407.67 0.7163 719.09 408.94 0.7332 737.66 415.02 0.5959 712.00 418.64 0.6557 770.50 458.80 0.9984 698.01 467.64 0.9980 803.97 509.29 0.9955 676.57 523.58 0.9930 841.82 557.44 0.9921 653.55 577.51 0.9884 768.04 581.43 0.9994 719.00 587.17 0.9994 785.64 657.42 0.9983 726.62 667.76 0.9981 806.79 712.78 0.9905 735.77 731.90 0.9895
123 537.95 369.29 866.44 764.17 0.9351 721.92 400.37 0.9785 722.53 394.65 0.7856 710.27 399.66 0.9821 723.39 405.12 0.1525 697.10 418.35 0.9735 760.05 439.39 0.9985 681.98 458.10 0.9991 806.38 424.70 0.9865 626.42 456.00 0.9962 851.54 390.74 0.9795 572.86 431.88 0.9929 767.94 573.90 0.9994 720.67 581.79 0.9995 771.75 656.27 0.9986 727.15 661.20 0.9989 768.61 720.13 0.9924 732.14 727.43 0.9933
124 649.43 298.48 817.92 787.23 0.9157 742.01 416.31 0.9833 742.92 409.31 0.7989 730.50 412.16 0.9859 743.07 415.09 0.0638 711.27 422.45 0.9589 759.85 439.98 0.9949 704.34 455.58 0.9964 795.53 390.05 0.9837 665.93 422.47 0.9904 802.78 327.76 0.9872 667.50 351.21 0.9917 779.16 570.60 0.9981 743.26 579.84 0.9983 784.79 654.64 0.9974 749.70 667.54 0.9977 772.18 722.14 0.9885 737.46 749.67 0.9887
125 673.51 380.88 817.35 802.59 0.9137 756.99 461.75 0.9655 761.93 453.23 0.7561 749.12 453.85 0.9632 763.51 445.33 0.1017 729.76 447.30 0.8855 770.94 461.31 0.9901 712.88 473.26 0.9911 784.95 408.75 0.9720 680.87 433.17 0.9808 752.89 390.64 0.9781 715.20 399.06 0.9860 779.11 593.09 0.9967 740.68 602.97 0.9969 804.13 668.79 0.9947 753.77 689.18 0.9953 778.65 715.38 0.9819 754.62 759.12 0.9816
126 708.80 354.04 898.63 822.13 0.9006 789.84 486.92 0.9897 795.01 477.78 0.8621 781.51 479.11 0.9914 798.61 471.85 0.0633 758.05 474.19 0.9560 803.69 491.71 0.9947 739.39 499.49 0.9962 837.85 442.55 0.9792 723.28 466.87 0.9885 871.19 387.96 0.9854 729.87 405.04 0.9912 804.84 630.48 0.9986 759.74 635.49 0.9988 835.75 711.40 0.9987 756.67 714.13 0.9988 846.58 789.53 0.9959 762.93 773.98 0.9959
127 690.80 449.38 992.88 877.23 0.9424 876.78 505.47 0.9975 881.65 496.09 0.8896 867.39 497.74 0.9983 880.64 489.02 0.0296 840.43 492.00 0.9929 890.83 524.61 0.9990 808.51 535.31 0.9993 922.28 565.87 0.9932 762.04 596.24 0.9962 955.52 598.14 0.9948 719.96 651.59 0.9964 881.96 660.95 0.9994 832.60 667.53 0.9994 883.90 745.67 0.9993 849.24 752.21 0.9993 866.93 814.70 0.9968 835.72 834.19 0.9965
128 843.86 492.14 994.46 958.38 0.9279 939.98 543.98 0.9951 942.76 532.63 0.9120 926.81 537.55 0.9961 944.48 527.49 0.1025 900.58 539.26 0.9846 960.04 565.22 0.9984 873.34 589.62 0.9987 973.42 619.12 0.9877 857.50 667.71 0.9934 979.22 687.75 0.9886 862.16 728.71 0.9935 956.30 705.39 0.9982 905.70 723.20 0.9984 939.77 778.95 0.9968 936.67 813.55 0.9973 888.59 812.96 0.9884 947.87 907.16 0.9877
129 914.91 519.53 1139.55 985.62 0.9076 1039.15 575.89 0.9953 1042.69 563.40 0.8249 1026.66 568.08 0.9974 1037.62 562.21 0.0226 992.46 571.90 0.9877 1040.25 612.10 0.9876 960.59 632.01 0.9986 1034.99 678.07 0.7258 941.81 722.51 0.9929 1048.59 735.16 0.7737 965.77 794.23 0.9885 1043.01 765.73 0.9950 982.89 775.05 0.9982 1062.45 852.98 0.9959 969.77 851.21 0.9985 1082.79 952.63 0.9905 945.93 899.90 0.9954
130 1042.61 546.90 1267.40 1028.19 0.9303 1176.42 609.04 0.9966 1177.54 595.16 0.7544 1161.76 601.90 0.9973 1169.94 590.68 0.0070 1124.33 605.59 0.9894 1178.71 640.51 0.9973 1084.51 663.05 0.9980 1196.27 708.10 0.9895 1056.52 746.40 0.9908 1225.31 775.61 0.9938 1063.56 813.46 0.9937 1169.56 801.69 0.9985 1113.71 816.35 0.9985 1146.76 897.94 0.9979 1143.78 915.73 0.9977 1095.13 962.00 0.9878 1122.61 986.42 0.9846
131 1135.58 599.15 1410.19 1159.05 0.9388 1327.53 672.86 0.9965 1327.84 658.38 0.6714 1312.38 664.42 0.9974 1317.12 650.90 0.0053 1271.24 664.49 0.9928 1317.73 704.99 0.9982 1225.54 730.13 0.9988 1329.38 771.94 0.9903 1186.10 827.92 0.9946 1372.32 840.82 0.9943 1189.71 911.46 0.9958 1292.88 877.75 0.9992 1241.81 895.61 0.9993 1246.46 965.12 0.9989 1269.01 996.97 0.9989 1173.51 989.83 0.9935 1256.73 1089.07 0.9919
132 1230.54 643.82 1557.41 1178.71 0.9221 1502.63 730.60 0.9855 1504.48 715.09 0.2427 1490.99 718.91 0.9957 1467.19 705.42 0.0022 1444.43 714.41 0.9972 1446.04 753.49 0.9351 1394.17 783.93 0.9995 1392.24 822.57 0.1433 1392.77 904.57 0.9964 1365.14 890.03 0.1855 1486.14 968.84 0.9791 1427.10 936.97 0.9893 1372.77 948.63 0.9989 1450.71 1037.81 0.9896 1326.82 1043.86 0.9990 1471.71 1143.82 0.9849 1254.11 1083.88 0.9972
133 1464.41 695.48 1727.95 1330.60 0.9359 1691.03 799.79 0.9930 1699.19 785.95 0.5793 1679.84 784.64 0.9971 1689.09 766.68 0.0062 1633.03 761.61 0.9942 1654.70 805.65 0.9668 1560.01 814.45 0.9989 1624.07 875.11 0.3269 1493.32 915.22 0.9946 1605.34 959.55 0.4446 1577.10 977.46 0.9896 1586.07 975.54 0.9872 1532.92 989.97 0.9974 1566.38 1080.49 0.9898 1615.43 1123.84 0.9985 1501.87 1156.76 0.9797 1591.86 1260.36 0.9937
134 1478.05 840.90 2047.09 1405.77 0.9334 1885.81 960.77 0.9909 1898.66 946.69 0.7993 1868.80 946.70 0.9946 1909.02 921.83 0.0587 1826.71 920.64 0.9879 1904.20 939.28 0.9941 1756.61 948.31 0.9986 1951.45 1011.67 0.9159 1682.19 1073.73 0.9978 1992.93 1091.65 0.9474 1811.17 1067.10 0.9976 1735.30 1046.57 0.9963 1667.56 1052.49 0.9979 1649.56 1142.17 0.9868 1802.40 1161.59 0.9954 1530.00 1169.33 0.9186 1827.52 1315.41 0.9528
135 1651.23 708.04 2048.00 1405.82 0.8897 2048.00 788.35 0.0012 2048.00 773.28 0.0005 2048.00 778.26 0.0005 2048.00 760.26 0.0215 2048.00 777.48 0.0206 2048.00 814.29 0.1606 2004.00 827.83 0.6913 1884.08 869.76 0.0990 1790.31 848.75 0.7063 1834.99 950.64 0.0684 1705.08 938.84 0.3949 1902.74 1016.95 0.9605 1863.12 1030.30 0.9889 1970.46 1142.75 0.9576 1946.92 1216.38 0.9913 1802.45 1142.84 0.9422 1826.60 1294.12 0.9784
136 1802.87 594.55 2048.00 1409.59 0.9097 2015.89 730.83 0.9223 2036.28 714.73 0.8999 2006.52 704.77 0.6007 2048.00 711.62 0.1985 2004.31 684.42 0.0049 2048.00 838.08 0.0312 2005.36 746.09 0.7429 2048.00 1035.12 0.0481 1945.16 827.99 0.9718 2029.20 1157.14 0.4995 1871.25 907.35 0.9944 1973.49 1098.86 0.4622 1919.52 1049.98 0.9107 1932.06 1268.78 0.6336 1879.57 1199.34 0.9662 1901.10 1323.80 0.4517 1843.72 1310.62 0.8920
137 1670.26 623.22 2048.00 1461.13 0.8768 1876.29 759.95 0.9406 1885.66 739.41 0.9492 1886.61 732.92 0.0295 1948.80 744.49 0.9359 1964.90 730.41 0.0001 2033.61 918.83 0.9325 1967.95 843.02 0.9093 2033.42 1123.64 0.9306 1935.01 992.56 0.8835 1941.08 1264.96 0.9662 1852.85 1075.12 0.9587 1914.54 1196.58 0.9445 1864.36 1133.34 0.9493 1818.51 1312.24 0.9518 1758.51 1178.07 0.9560 1791.46 1390.72 0.7033 1772.76 1317.80 0.7900
138 1489.60 725.75 2020.21 1493.09 0.9445 1674.68 826.91 0.7937 1684.17 811.10 0.7990 1688.21 808.97 0.1657 1729.47 828.30 0.9788 1776.51 813.27 0.1895 1744.57 964.85 0.9986 1869.77 900.86 0.9960 1663.14 1114.35 0.9917 1987.37 970.03 0.9745 1555.70 989.55 0.9565 1913.95 935.28 0.8805 1725.96 1225.99 0.9986 1770.38 1176.43 0.9982 1616.54 1341.76 0.9893 1589.23 1281.19 0.9857 1762.67 1455.15 0.9009 1578.90 1400.01 0.8930
139 1189.43 749.55 1582.04 1473.86 0.9406 1421.02 813.44 0.6378 1421.32 803.94 0.7077 1425.54 800.01 0.0580 1441.01 834.07 0.9713 1513.10 817.62 0.1138 1444.02 942.38 0.9994 1536.88 906.97 0.9908 1457.61 1096.51 0.9990 1512.93 995.19 0.6498 1456.41 1207.49 0.9967 1414.68 1039.94 0.6514 1425.96 1139.25 0.9989 1505.29 1131.25 0.9966 1327.61 1182.01 0.9987 1479.24 1254.56 0.9944 1256.42 1249.44 0.9940 1495.62 1408.73 0.9782
140 1045.68 644.52 1381.33 1249.02 0.9417 1250.25 705.00 0.1182 1251.13 694.63 0.1240 1258.73 695.05 0.0163 1256.26 712.33 0.9467 1323.53 712.91 0.4544 1222.05 802.63 0.9996 1343.07 796.28 0.9987 1160.42 900.66 0.9980 1356.54 895.85 0.9298 1093.44 941.55 0.9843 1337.76 950.32 0.6772 1217.74 988.78 0.9994 1292.25 978.40 0.9990 1204.80 1092.65 0.9985 1247.36 1051.47 0.9960 1227.35 1215.59 0.9908 1250.17 1146.98 0.9832
141 976.12 583.63 1280.86 1191.50 0.9387 1161.49 634.65 0.1068 1161.98 626.04 0.1162 1169.25 627.00 0.0137 1161.99 637.63 0.9651 1215.45 642.59 0.4311 1118.05 715.77 0.9997 1230.97 712.17 0.9996 1052.49 789.53 0.9985 1253.89 813.74 0.9926 1004.61 755.96 0.9860 1263.70 889.57 0.9389 1129.38 887.82 0.9997 1190.04 880.47 0.9996 1111.78 1000.84 0.9989 1137.86 963.77 0.9981 1178.02 1104.30 0.9918 1137.39 1065.21 0.9896
142 988.99 524.36 1185.94 1058.93 0.9181 1123.47 578.16 0.0092 1112.81 565.38 0.0080 1120.49 569.06 0.0053 1085.60 571.18 0.8176 1140.57 576.03 0.7742 1054.55 638.58 0.9994 1150.65 644.05 0.9960 1052.19 734.47 0.9952 1165.30 684.67 0.7325 1045.98 814.81 0.8959 1130.72 642.83 0.1514 1063.26 788.42 0.9995 1128.95 801.23 0.9989 1039.09 839.36 0.9984 1119.02 904.86 0.9954 1024.05 905.33 0.9954 1113.82 1015.10 0.9871
143 927.94 475.37 1134.41 933.08 0.9231 1071.39 524.76 0.0255 1066.08 515.47 0.0180 1070.22 517.27 0.0177 1034.08 517.03 0.8322 1079.26 523.08 0.8707 998.96 575.56 0.9995 1092.66 584.76 0.9995 959.03 633.93 0.9968 1113.07 667.39 0.9949 944.72 667.38 0.9673 1121.43 728.94 0.9465 1010.78 721.23 0.9998 1070.27 722.03 0.9998 1014.69 812.61 0.9990 1070.10 786.92 0.9987 1027.58 899.33 0.9944 1068.09 859.25 0.9936
144 953.35 441.54 1121.77 888.79 0.9235 1048.72 481.46 0.0324 1046.48 473.61 0.0248 1049.41 474.97 0.0215 1030.24 477.75 0.8567 1069.90 481.53 0.8659 1001.72 531.97 0.9996 1083.92 538.72 0.9996 971.28 595.43 0.9965 1097.43 612.76 0.9968 965.28 633.95 0.9683 1106.20 671.83 0.9684 1010.89 664.61 0.9998 1064.84 664.89 0.9998 1006.80 748.11 0.9991 1060.08 730.65 0.9989 1018.44 842.93 0.9952 1054.25 799.08 0.9949
145 952.13 413.59 1082.64 826.04 0.9034 1002.29 447.19 0.0337 998.35 440.38 0.0273 1002.33 441.14 0.0191 990.06 448.60 0.8337 1025.12 446.23 0.7662 980.23 500.06 0.9992 1047.62 493.03 0.9984 977.93 571.16 0.9922 1069.56 536.38 0.9707 975.88 633.30 0.9065 1038.69 559.95 0.7516 997.70 619.17 0.9994 1045.57 618.89 0.9993 984.77 680.40 0.9961 1043.87 701.44 0.9952 988.00 737.05 0.9839 1052.91 792.90 0.9793
146 874.34 379.14 1029.37 748.99 0.9166 952.14 413.15 0.0572 951.79 406.29 0.0492 953.59 407.53 0.0218 950.89 409.03 0.8729 983.87 411.36 0.6851 935.07 455.45 0.9992 1004.42 457.53 0.9991 907.80 509.15 0.9921 1018.24 520.67 0.9929 890.64 526.17 0.9265 1019.50 578.03 0.9368 950.05 569.59 0.9995 992.94 569.86 0.9994 954.51 646.10 0.9957 982.06 638.31 0.9955 982.66 713.85 0.9763 977.77 705.62 0.9776
147 821.61 356.43 1042.15 699.89 0.9246 897.07 394.40 0.4225 898.49 387.38 0.4831 896.24 386.58 0.0480 905.91 387.63 0.9795 927.97 383.41 0.2242 906.84 432.65 0.9997 964.65 421.45 0.9993 884.70 490.81 0.9986 995.08 463.03 0.9925 848.75 533.27 0.9920 1027.09 487.38 0.9683 927.25 536.41 0.9998 961.18 531.09 0.9997 914.66 597.58 0.9992 946.80 592.65 0.9989 950.19 661.30 0.9952 956.04 662.37 0.9945
148 809.79 274.47 961.88 670.64 0.9041 838.26 390.64 0.9156 841.19 382.47 0.9285 836.82 383.16 0.1566 859.54 376.52 0.9713 857.81 377.50 0.0123 872.70 414.42 0.9961 889.22 396.50 0.9918 873.57 443.74 0.9746 879.30 352.32 0.8957 860.18 461.17 0.9490 866.02 304.04 0.8903 874.51 514.79 0.9982 893.23 509.80 0.9976 854.38 576.93 0.9985 915.68 577.37 0.9981 851.29 642.52 0.9956 942.44 638.09 0.9951
149 742.26 348.26 869.05 664.86 0.8984 757.03 390.49 0.9094 759.33 381.84 0.9597 754.17 383.33 0.1587 777.92 374.35 0.9841 766.70 379.54 0.0101 807.98 410.41 0.9984 787.43 407.58 0.9147 842.25 452.73 0.9881 812.16 437.31 0.2037 853.15 486.81 0.9465 824.51 468.36 0.1986 811.32 510.42 0.9976 793.63 506.83 0.9813 823.98 575.95 0.9986 787.10 560.98 0.9872 848.52 635.49 0.9976 791.95 619.43 0.9889
150 654.21 343.01 809.89 664.31 0.9193 672.60 392.45 0.9336 675.29 383.11 0.9710 667.77 385.45 0.2128 693.34 373.76 0.9834 677.99 379.86 0.0118 722.47 408.16 0.9984 701.22 407.01 0.9135 766.75 450.76 0.9917 716.69 444.59 0.2097 791.87 496.65 0.9698 721.86 493.06 0.2360 726.46 506.11 0.9972 712.09 505.49 0.9785 723.18 573.63 0.9981 710.24 573.37 0.9825 776.74 622.20 0.9961 734.06 628.78 0.9811
151 528.62 281.63 743.61 681.20 0.9178 580.27 400.20 0.9508 581.55 390.85 0.9599 578.01 392.95 0.1803 599.85 380.74 0.9651 594.65 386.00 0.0047 632.36 414.10 0.9958 616.98 396.31 0.9892 664.38 440.71 0.9953 582.74 336.31 0.9523 693.71 459.07 0.9955 554.78 303.97 0.9748 634.04 516.29 0.9990 636.29 511.54 0.9986 613.84 580.95 0.9992 667.71 574.19 0.9988 616.26 656.05 0.9965 716.10 628.45 0.9957
152 467.39 353.46 631.76 681.66 0.9065 478.38 396.90 0.5009 478.07 389.98 0.5355 478.69 390.24 0.0633 488.28 382.45 0.9389 505.90 383.67 0.0732 510.37 407.73 0.9965 550.20 406.04 0.9951 493.87 421.60 0.9753 588.01 433.65 0.9667 490.45 412.82 0.9029 599.70 454.16 0.8982 550.16 514.73 0.9989 563.18 509.76 0.9989 574.50 586.15 0.9980 536.23 569.75 0.9982 613.18 653.12 0.9935 530.19 630.10 0.9949
153 389.38 339.47 531.36 675.65 0.9094 399.35 377.65 0.7929 400.32 369.73 0.8242 397.94 369.81 0.1124 413.59 366.13 0.9835 427.70 364.32 0.0799 424.82 405.23 0.9992 470.84 397.95 0.9988 437.13 463.82 0.9920 503.14 445.86 0.9858 428.03 507.66 0.9686 520.98 496.11 0.9548 457.08 504.55 0.9991 488.20 501.89 0.9990 434.71 570.23 0.9974 473.17 573.72 0.9973 483.12 631.82 0.9872 500.88 642.22 0.9879
154 309.34 338.73 493.70 655.76 0.9223 332.59 371.53 0.0969 332.68 365.64 0.1242 333.29 364.53 0.0191 337.46 370.73 0.8911 363.99 363.17 0.3011 342.33 413.37 0.9989 391.59 399.01 0.9839 340.71 470.42 0.9950 410.52 434.33 0.5401 331.52 512.07 0.9518 390.55 461.98 0.2349 367.90 507.94 0.9994 406.16 502.73 0.9978 361.80 563.94 0.9992 425.78 561.97 0.9960 382.71 626.88 0.9979 475.31 616.78 0.9931
155 240.47 329.54 399.94 648.77 0.9187 266.33 362.00 0.1271 266.71 355.71 0.1774 266.62 354.93 0.0245 271.32 359.69 0.8810 297.53 354.66 0.2326 276.94 402.31 0.9984 321.43 388.69 0.9649 274.87 460.55 0.9931 330.05 430.56 0.3803 256.55 493.71 0.9279 305.67 468.73 0.1518 307.89 495.10 0.9986 330.67 487.69 0.9929 338.49 564.48 0.9972 317.61 546.83 0.9812 378.16 625.00 0.9923 312.65 589.71 0.9695
156 154.92 316.40 357.22 638.83 0.9199 209.64 346.11 0.6554 212.71 340.11 0.6872 211.55 339.71 0.0549 223.73 346.26 0.9401 239.41 343.98 0.0284 249.96 386.13 0.9980 247.13 377.47 0.9944 272.67 435.49 0.9978 228.90 395.36 0.9642 275.46 487.01 0.9949 182.19 393.77 0.9516 282.72 484.27 0.9986 280.57 480.97 0.9979 286.40 551.84 0.9942 277.97 545.89 0.9899 334.29 609.21 0.9521 308.58 594.18 0.9356
157 152.44 312.95 325.45 631.31 0.9212 192.51 346.01 0.3137 193.14 339.80 0.3492 193.94 338.50 0.0406 199.28 343.40 0.8857 225.03 337.13 0.1199 221.38 381.60 0.9974 244.23 367.98 0.9888 229.76 441.97 0.9962 226.24 402.59 0.8888 180.17 433.09 0.9881 185.24 399.04 0.8264 264.06 475.68 0.9978 282.87 469.10 0.9957 257.39 539.09 0.9926 284.87 534.18 0.9824 287.28 608.28 0.9580 306.96 593.46 0.9260
158 115.27 316.34 322.04 622.99 0.9222 148.64 348.88 0.2214 148.60 343.57 0.2642 151.43 341.65 0.0334 155.25 347.79 0.8663 181.66 339.50 0.1307 181.53 382.24 0.9965 203.73 368.93 0.9675 199.41 436.09 0.9901 198.51 413.12 0.5616 151.52 417.11 0.9545 151.68 406.21 0.3990 221.64 473.41 0.9971 244.17 466.24 0.9917 215.33 539.84 0.9939 269.26 532.76 0.9784 226.14 603.63 0.9775 304.39 589.99 0.9445
159 75.55 311.84 239.40 618.35 0.9115 87.85 351.18 0.1554 86.33 345.26 0.1921 89.32 343.78 0.0393 89.87 346.81 0.6657 111.52 339.43 0.1309 132.54 380.18 0.9888 129.03 371.56 0.7469 163.23 430.14 0.9833 150.04 422.12 0.1804 126.85 421.92 0.9205 125.55 419.79 0.1412 168.04 473.57 0.9823 165.17 469.69 0.9086 185.96 533.54 0.9570 178.28 532.31 0.7671 220.75 594.60 0.8862 207.04 591.71 0.6461
160 2.94 316.63 194.29 593.34 0.8415 28.85 359.38 0.9063 29.90 350.55 0.9094 24.71 354.26 0.2980 44.66 341.03 0.9174 33.94 350.97 0.0276 84.47 366.25 0.9837 64.06 379.85 0.9791 121.43 404.70 0.8659 81.55 423.21 0.8194 138.34 419.43 0.7498 80.16 459.70 0.7098 130.48 452.40 0.9764 116.50 459.78 0.9767 160.34 516.17 0.9466 144.27 520.04 0.9550 186.57 576.58 0.8264 177.47 577.19 0.8594
161 0.00 316.53 168.87 597.30 0.9029 6.36 352.07 0.5013 6.68 344.45 0.5831 2.55 348.03 0.0655 13.72 338.34 0.8579 8.96 347.27 0.0329 54.02 360.93 0.9938 28.39 375.23 0.8220 100.05 400.70 0.9754 49.56 421.32 0.1933 95.72 403.47 0.8895 51.35 452.84 0.1511 95.84 451.76 0.9919 78.42 459.29 0.9528 121.22 517.07 0.9887 102.60 522.34 0.9286 155.54 578.00 0.9724 141.51 577.92 0.8967
162 0.00 311.05 162.35 611.18 0.8872 0.00 331.47 0.0394 0.00 326.88 0.0258 0.00 326.52 0.0126 0.00 333.28 0.0775 0.00 331.51 0.0360 7.13 363.33 0.8910 0.00 366.22 0.0956 51.68 384.74 0.9320 37.86 394.01 0.0531 85.87 396.28 0.8678 78.29 399.07 0.1288 52.66 456.96 0.9824 38.31 464.01 0.8488 82.97 520.89 0.9932 58.16 534.03 0.9301 145.99 573.05 0.9911 89.88 593.94 0.9443
