54 1877.32 37.78 2048.00 1179.29 0.8747 2020.91 402.20 0.4262 2034.85 388.29 0.3369 2017.32 380.20 0.3490 2048.00 371.20 0.0614 2011.84 354.77 0.0540 2043.54 398.34 0.0478 2009.47 380.21 0.5401 1941.57 283.62 0.0592 1922.91 256.61 0.9015 1952.67 134.69 0.2535 1937.07 106.81 0.9472 2030.70 709.37 0.2881 2003.88 704.63 0.6904 2041.87 895.83 0.0904 2030.04 904.54 0.4118 2041.67 1066.83 0.0274 2037.90 1061.32 0.1164
55 1458.38 284.50 2048.00 1323.90 0.9587 1812.83 549.70 0.9730 1833.00 528.22 0.9818 1794.56 525.63 0.8498 1887.03 497.30 0.9730 1787.04 493.76 0.2305 1980.39 565.44 0.8437 1772.87 505.21 0.9934 2046.54 674.23 0.1602 1653.40 420.85 0.9089 2020.11 788.50 0.2049 1526.71 341.61 0.8532 1889.04 848.95 0.9071 1791.17 806.21 0.9804 1803.08 1045.74 0.9563 1840.07 975.44 0.9871 1777.92 1251.08 0.9280 1984.45 1025.38 0.9748
56 1395.25 414.93 2047.51 1322.87 0.9512 1516.96 567.47 0.9086 1520.44 543.40 0.9523 1508.66 545.47 0.2428 1580.89 514.23 0.9780 1556.92 522.64 0.0260 1721.98 583.14 0.9974 1601.11 578.51 0.9581 1854.11 685.65 0.9929 1625.99 711.52 0.8016 1949.53 778.11 0.9798 1611.14 829.83 0.6861 1726.66 877.58 0.9986 1629.16 850.43 0.9954 1728.84 1057.36 0.9964 1556.34 963.74 0.9892 1783.38 1231.69 0.9803 1509.61 1092.67 0.9688
57 1059.69 369.35 1821.49 1328.55 0.9468 1272.14 616.48 0.8776 1275.39 593.28 0.8840 1265.16 598.12 0.2876 1315.66 578.14 0.9495 1313.89 591.14 0.0808 1376.67 625.76 0.9933 1422.62 664.39 0.9829 1285.44 542.85 0.9866 1562.36 770.46 0.9620 1130.55 420.53 0.9605 1602.52 921.04 0.9320 1492.91 935.22 0.9988 1461.46 941.46 0.9984 1615.47 1114.72 0.9957 1391.16 1077.76 0.9951 1778.21 1218.63 0.9784 1382.46 1264.46 0.9800
58 919.54 515.19 1424.14 1340.34 0.9334 1061.67 625.38 0.9256 1059.59 604.78 0.9581 1056.24 607.84 0.1664 1087.67 583.81 0.9935 1124.29 588.28 0.0522 1130.10 657.90 0.9994 1223.20 652.58 0.9981 1103.14 760.27 0.9965 1294.16 765.41 0.9622 1000.90 845.94 0.9885 1312.69 848.18 0.9432 1252.53 922.53 0.9994 1308.50 919.93 0.9991 1231.66 1110.90 0.9990 1296.29 1106.48 0.9987 1349.01 1271.53 0.9912 1386.97 1264.69 0.9907
59 800.87 442.21 1358.19 1357.09 0.9428 842.64 667.10 0.7479 846.21 649.17 0.6879 846.32 647.53 0.1477 879.17 649.77 0.9062 916.75 636.84 0.1052 939.88 762.86 0.9942 963.51 681.07 0.9840 1016.47 887.21 0.9845 917.54 580.14 0.9426 1054.53 1039.63 0.9842 845.05 489.36 0.9456 986.13 1001.02 0.9963 1035.04 974.07 0.9947 983.26 1146.62 0.9941 1124.29 1135.38 0.9908 1001.64 1293.20 0.9720 1286.39 1212.72 0.9671
60 604.11 581.38 1062.64 1358.07 0.9410 635.56 729.66 0.4884 631.38 712.41 0.4143 643.17 708.69 0.1004 646.87 707.03 0.8032 711.20 688.19 0.1323 710.64 808.48 0.9894 765.98 719.09 0.9649 697.36 970.54 0.9735 760.28 690.82 0.8885 655.59 1084.17 0.9239 687.59 640.95 0.7681 813.06 1030.49 0.9967 822.82 999.27 0.9948 900.63 1167.32 0.9908 796.41 1117.97 0.9856 1016.04 1276.68 0.9669 801.41 1249.60 0.9613
61 381.67 582.16 789.34 1361.97 0.9268 413.54 767.26 0.3085 411.66 752.77 0.3574 415.93 744.20 0.0422 431.53 747.11 0.9096 478.51 712.79 0.2012 501.08 833.11 0.9990 542.34 743.25 0.9976 564.66 956.48 0.9980 514.31 673.17 0.9786 574.21 1087.08 0.9904 467.42 639.47 0.9774 594.66 1035.58 0.9998 637.53 1005.74 0.9997 567.90 1168.55 0.9994 666.98 1167.63 0.9991 682.54 1288.98 0.9936 772.44 1271.40 0.9916
62 186.12 598.03 681.70 1439.31 0.9379 213.68 824.13 0.2030 214.87 815.55 0.0925 220.69 803.03 0.0293 220.56 820.62 0.6202 284.04 781.65 0.1847 275.17 912.76 0.9936 333.71 809.67 0.9860 352.49 1020.76 0.9830 322.96 723.55 0.9362 372.96 1166.14 0.9618 261.26 633.02 0.8589 382.31 1093.53 0.9979 440.11 1054.50 0.9970 389.51 1238.92 0.9962 476.25 1179.77 0.9933 467.88 1381.07 0.9823 610.82 1251.05 0.9783
63 41.14 742.14 519.56 1449.50 0.9288 163.16 829.93 0.1364 154.13 824.76 0.0318 170.74 818.96 0.0508 112.34 836.94 0.4929 191.42 814.94 0.6365 98.36 939.05 0.9951 239.75 861.39 0.9960 111.68 1064.46 0.9770 371.16 823.99 0.9876 132.81 1180.20 0.9032 474.45 785.03 0.9476 226.82 1120.59 0.9990 316.15 1092.88 0.9992 296.69 1267.47 0.9923 361.74 1245.70 0.9936 403.58 1366.89 0.9328 421.19 1358.50 0.9396
64 30.21 763.73 433.26 1421.24 0.9021 189.76 840.21 0.8235 182.49 825.05 0.1611 181.08 825.50 0.8640 125.34 826.27 0.0518 145.86 825.60 0.9602 95.38 918.28 0.9660 137.86 910.64 0.9953 118.62 1036.13 0.5009 151.74 1045.23 0.9788 176.90 1132.43 0.4745 193.02 1151.81 0.9560 183.86 1122.26 0.9738 222.71 1122.31 0.9899 239.60 1266.41 0.9665 333.26 1215.90 0.9907 231.43 1400.46 0.8976 366.55 1350.61 0.9626
65 31.90 756.60 474.64 1388.08 0.9106 189.60 826.02 0.9715 185.53 812.54 0.2477 178.48 814.13 0.9776 145.50 817.40 0.0039 131.15 821.97 0.9757 149.95 888.10 0.9949 86.44 916.58 0.9969 187.08 980.39 0.9777 74.15 1045.06 0.9933 261.77 1024.61 0.9817 113.94 1137.06 0.9932 224.30 1073.74 0.9981 174.02 1102.11 0.9983 330.40 1161.73 0.9977 246.38 1210.53 0.9983 382.25 1299.09 0.9847 240.96 1342.37 0.9851
66 189.92 721.12 598.25 1344.51 0.9209 332.95 786.03 0.9591 327.73 772.07 0.1749 322.26 774.69 0.9647 295.61 774.19 0.0067 284.26 782.22 0.9814 289.65 823.39 0.9960 258.06 863.99 0.9978 367.97 795.17 0.9707 217.85 986.98 0.9939 432.10 766.24 0.9798 217.86 1085.41 0.9916 328.89 1032.36 0.9992 334.51 1042.59 0.9993 317.19 1162.29 0.9991 454.46 1102.95 0.9992 257.23 1287.92 0.9930 515.33 1218.16 0.9938
67 352.72 653.47 683.79 1251.97 0.9346 465.83 710.06 0.8154 460.02 698.56 0.0530 457.06 698.78 0.8851 417.61 704.11 0.0032 422.27 705.96 0.9633 405.07 765.99 0.8741 398.76 774.22 0.9949 447.86 788.26 0.2560 447.93 776.79 0.9857 500.04 779.16 0.2906 504.05 760.35 0.9626 481.74 938.23 0.9858 467.60 960.60 0.9974 558.04 1015.48 0.9931 513.04 1078.74 0.9992 625.05 1105.65 0.9913 520.91 1210.78 0.9979
68 490.94 505.53 746.53 1104.69 0.9192 584.74 645.80 0.8924 579.28 637.35 0.1980 572.07 637.47 0.8973 549.83 645.77 0.0369 545.35 649.14 0.9739 524.86 687.95 0.9970 576.88 707.82 0.9978 544.78 637.90 0.9454 590.09 742.12 0.9838 525.24 612.55 0.8892 586.19 789.94 0.9606 584.16 861.05 0.9986 619.51 871.05 0.9987 646.42 947.02 0.9976 705.61 947.72 0.9984 649.51 1040.65 0.9897 672.09 1058.91 0.9920
69 623.58 559.65 925.12 1080.34 0.9221 729.72 621.20 0.6842 724.52 610.92 0.0339 725.47 611.61 0.6763 675.61 616.66 0.0156 701.63 614.55 0.9607 650.46 683.74 0.9929 690.75 649.48 0.9975 662.48 757.34 0.7843 676.85 598.74 0.9728 691.06 819.55 0.5378 673.48 581.55 0.9303 705.90 824.60 0.9985 742.69 819.14 0.9990 731.44 919.03 0.9985 819.57 901.87 0.9991 708.94 1027.99 0.9948 857.03 999.12 0.9962
70 725.46 447.39 973.65 1017.13 0.9356 826.86 558.81 0.5987 819.53 553.60 0.0438 818.21 553.18 0.6117 781.27 571.42 0.0406 800.30 567.29 0.9726 761.25 634.26 0.9987 807.06 599.45 0.9983 742.45 707.69 0.9904 820.59 515.13 0.9810 731.09 751.70 0.9597 789.32 488.03 0.9300 821.55 758.78 0.9996 840.21 759.72 0.9995 878.46 820.97 0.9992 869.46 867.66 0.9992 920.46 905.11 0.9971 867.64 972.90 0.9963
71 832.87 390.26 1024.09 926.75 0.9087 910.66 531.50 0.2529 907.10 527.49 0.0204 904.72 525.97 0.2586 870.07 542.17 0.0497 889.80 538.57 0.8705 845.28 592.93 0.9810 889.17 567.12 0.9975 870.13 600.98 0.6830 924.84 502.75 0.9968 899.61 504.19 0.5245 932.94 429.62 0.9894 898.00 713.50 0.9980 927.60 710.63 0.9992 945.90 797.52 0.9971 991.45 780.27 0.9993 953.48 883.83 0.9915 983.68 875.95 0.9970
72 927.47 449.58 1152.78 904.83 0.9234 1008.90 509.71 0.2907 1004.68 501.47 0.0273 1007.45 501.99 0.2656 971.48 504.52 0.1298 998.11 507.36 0.9412 953.47 541.18 0.9985 984.80 560.56 0.9989 948.72 503.94 0.9856 1010.20 615.62 0.9959 956.25 460.35 0.9571 1067.86 628.19 0.9841 992.81 680.25 0.9996 1016.19 685.51 0.9996 1005.74 772.22 0.9984 1077.36 742.12 0.9987 982.86 864.34 0.9900 1104.51 829.85 0.9920
73 918.82 434.40 1163.77 854.14 0.9224 1099.74 473.57 0.0821 1098.09 465.96 0.0359 1098.76 465.47 0.0738 1059.35 466.24 0.6700 1095.28 470.66 0.9135 1033.13 509.78 0.9994 1078.00 524.13 0.9995 972.55 525.62 0.9971 1068.17 593.83 0.9980 938.02 500.89 0.9794 1067.84 657.21 0.9859 1067.61 640.80 0.9996 1086.12 651.50 0.9996 1105.86 713.56 0.9970 1110.95 739.04 0.9973 1139.33 774.59 0.9815 1101.03 823.46 0.9826
74 1038.58 416.20 1216.77 789.76 0.9133 1143.98 450.43 0.1137 1140.53 443.43 0.0315 1140.70 443.79 0.0920 1108.86 449.10 0.5564 1138.21 448.16 0.9222 1080.93 500.51 0.9994 1144.84 495.09 0.9996 1070.69 566.35 0.9949 1154.63 561.77 0.9983 1053.11 615.80 0.9666 1179.89 613.25 0.9869 1108.46 613.80 0.9997 1150.26 613.78 0.9997 1157.42 682.46 0.9981 1202.26 667.72 0.9985 1164.52 751.56 0.9883 1171.63 740.49 0.9905
75 1140.09 408.01 1320.37 780.53 0.9139 1197.80 441.77 0.1654 1192.41 435.25 0.0253 1196.42 434.79 0.2377 1163.88 441.55 0.1987 1193.73 439.15 0.9412 1156.74 483.29 0.9587 1209.09 480.70 0.9990 1185.17 519.73 0.2180 1240.43 530.90 0.9908 1227.72 552.30 0.0903 1260.37 567.12 0.8964 1185.48 595.44 0.9931 1226.05 592.10 0.9990 1198.91 669.70 0.9892 1258.50 650.49 0.9989 1187.14 746.07 0.9873 1275.85 718.55 0.9979
76 1194.19 386.14 1343.17 738.05 0.9166 1251.77 417.81 0.1648 1247.41 411.71 0.0287 1250.57 411.25 0.2377 1216.43 414.95 0.1551 1245.51 413.73 0.8926 1206.09 450.71 0.9146 1255.59 452.11 0.9977 1244.45 491.47 0.2030 1297.83 497.69 0.9936 1292.71 531.33 0.1056 1325.03 537.97 0.9462 1226.62 557.41 0.9790 1258.60 560.44 0.9970 1265.20 622.27 0.9373 1278.55 633.46 0.9943 1271.69 691.12 0.9018 1274.55 711.74 0.9831
77 1170.69 374.89 1346.31 723.38 0.9159 1303.53 414.41 0.9336 1304.72 407.21 0.2119 1299.43 406.77 0.9416 1273.49 405.35 0.0252 1284.07 404.92 0.9860 1249.23 430.84 0.9978 1278.56 436.45 0.9988 1215.23 465.33 0.9826 1252.17 480.43 0.9948 1191.46 514.53 0.9702 1242.53 520.89 0.9895 1257.01 543.46 0.9978 1277.18 548.09 0.9981 1292.88 609.42 0.9934 1325.94 609.06 0.9947 1290.74 686.21 0.9665 1305.24 686.43 0.9691
78 1262.52 368.73 1384.76 705.18 0.8748 1332.97 405.32 0.9868 1334.23 398.11 0.6707 1324.76 399.45 0.9926 1327.69 399.52 0.0272 1300.78 402.79 0.9844 1317.65 439.14 0.9733 1292.53 444.05 0.9977 1321.94 494.94 0.5922 1273.62 503.54 0.9896 1342.10 537.21 0.6662 1274.97 555.02 0.9824 1322.40 542.33 0.9847 1313.18 546.11 0.9954 1317.92 612.57 0.9829 1354.02 609.78 0.9956 1298.70 680.40 0.9637 1363.74 676.91 0.9857
79 1315.57 353.51 1446.63 704.84 0.9094 1379.53 384.01 0.9838 1377.71 376.47 0.5184 1370.25 377.95 0.9922 1370.48 382.25 0.0121 1348.79 386.60 0.9902 1374.19 422.91 0.9640 1339.57 438.05 0.9986 1380.21 479.86 0.3510 1331.45 504.10 0.9922 1401.47 534.16 0.3719 1371.93 543.99 0.9775 1397.61 528.08 0.9813 1369.68 540.63 0.9963 1435.70 589.11 0.9805 1379.31 616.69 0.9972 1399.54 642.49 0.9704 1376.14 681.37 0.9923
80 1378.90 338.37 1574.71 715.71 0.8082 1462.46 360.74 0.9771 1459.52 354.14 0.4407 1451.34 357.50 0.9895 1451.73 363.65 0.0186 1434.28 372.74 0.9922 1459.53 414.24 0.9538 1431.44 422.65 0.9990 1473.83 471.53 0.2259 1450.35 489.67 0.9935 1494.58 506.44 0.2528 1505.53 509.12 0.9766 1472.73 530.74 0.9712 1459.94 535.24 0.9957 1466.86 616.52 0.9479 1517.41 603.53 0.9943 1400.38 680.14 0.9048 1516.62 690.86 0.9807
81 1440.17 316.84 1711.52 716.79 0.9341 1562.24 344.48 0.9940 1559.72 336.98 0.6451 1550.41 340.27 0.9951 1553.99 345.84 0.0093 1527.03 355.08 0.9895 1581.01 392.45 0.9978 1513.23 405.63 0.9985 1634.29 417.05 0.9883 1468.41 461.39 0.9934 1679.83 391.07 0.9927 1453.18 519.84 0.9941 1579.16 518.12 0.9992 1550.39 523.73 0.9993 1547.52 603.80 0.9992 1604.59 600.85 0.9992 1519.72 683.02 0.9953 1640.01 687.21 0.9947
82 1599.70 284.73 1799.96 731.72 0.9274 1696.57 324.08 0.9789 1692.87 315.97 0.3293 1685.29 317.16 0.9815 1674.51 323.27 0.0043 1652.82 326.94 0.9728 1677.67 376.75 0.9925 1632.36 389.07 0.9960 1708.85 435.82 0.9692 1630.88 466.63 0.9946 1769.59 465.87 0.9820 1675.50 516.93 0.9962 1706.81 505.49 0.9965 1673.52 518.29 0.9973 1745.21 586.96 0.9954 1701.92 600.37 0.9971 1681.63 648.29 0.9744 1680.14 695.60 0.9793
83 1659.85 247.55 1966.25 726.83 0.9330 1839.50 303.35 0.9896 1841.00 295.57 0.5782 1830.72 294.10 0.9925 1813.03 304.33 0.0161 1798.94 301.73 0.9891 1776.36 352.69 0.9968 1802.79 354.86 0.9979 1727.18 399.71 0.9792 1869.94 357.26 0.9930 1691.24 434.25 0.9757 1913.09 294.05 0.9911 1823.34 503.17 0.9988 1816.06 510.00 0.9990 1876.48 581.44 0.9987 1781.06 605.67 0.9990 1885.33 683.72 0.9953 1707.13 677.78 0.9955
84 1818.40 209.13 2048.00 721.98 0.9317 2005.50 262.16 0.9659 2005.09 252.86 0.1406 1996.58 251.91 0.9810 1977.29 258.68 0.0032 1957.58 258.97 0.9918 1973.92 310.31 0.9878 1915.00 326.37 0.9987 2020.97 316.84 0.5097 1840.78 406.22 0.9823 2043.66 301.76 0.3852 1830.59 483.45 0.9152 1960.09 476.03 0.9958 1938.87 481.25 0.9984 1925.86 576.94 0.9920 1989.27 568.06 0.9970 1880.83 680.02 0.9675 2025.39 674.95 0.9823
116 1276.28 1023.84 2047.79 1494.19 0.9068 1622.51 1171.60 0.0382 1621.00 1151.28 0.0256 1614.51 1149.98 0.0215 1590.13 1201.20 0.0142 1585.80 1192.11 0.0090 1602.93 1378.56 0.0059 1625.87 1373.00 0.0096 1738.55 1458.36 0.0187 1809.65 1427.30 0.0377 1677.06 1421.48 0.2902 1694.30 1416.47 0.4438 1656.95 1405.71 0.0054 1663.88 1408.81 0.0066 1641.87 1372.91 0.0351 1585.70 1421.60 0.0359 1638.54 1450.47 0.0638 1731.69 1401.91 0.0620
117 1110.42 1015.78 2048.00 1480.38 0.5418 1894.59 967.95 0.0266 1885.57 943.26 0.0147 1911.06 956.31 0.0062 1954.18 959.09 0.0157 2046.05 976.41 0.0052 1998.69 1088.18 0.0294 2031.03 1087.28 0.0654 1732.90 1164.19 0.1967 1752.16 1153.43 0.3631 1318.28 1162.07 0.4741 1309.30 1160.05 0.6670 1954.77 1394.36 0.0314 1970.77 1374.32 0.0535 1748.45 1129.95 0.0264 1715.97 1141.69 0.0322 1428.96 1209.99 0.0183 1493.65 1180.62 0.0214
118 1323.63 431.00 2047.75 1486.40 0.8464 2012.30 620.45 0.0268 2014.25 603.19 0.0166 2017.69 600.87 0.0056 2042.21 625.24 0.0297 2048.00 622.08 0.0088 2009.08 755.77 0.0694 2042.22 745.21 0.1254 1697.50 768.47 0.2568 1721.79 760.23 0.3116 1450.30 725.07 0.4036 1443.21 723.52 0.4805 2032.06 1275.84 0.1798 2038.96 1268.79 0.2382 2000.07 1398.80 0.0546 1996.93 1395.07 0.0635 1968.66 1418.17 0.0122 1991.01 1410.65 0.0149
119 1936.47 550.94 2048.00 1481.90 0.5824 2032.09 773.36 0.0092 2033.36 754.56 0.0064 2033.48 756.70 0.0036 2037.65 770.81 0.0034 2042.25 773.01 0.0016 2044.22 867.89 0.0047 2043.28 867.84 0.0006 2039.13 928.86 0.1250 2041.58 924.77 0.0106 2017.04 945.35 0.6437 2019.89 942.62 0.2296 2044.20 1088.20 0.0052 2041.17 1086.91 0.0018 2039.73 1254.69 0.0218 2040.31 1245.18 0.0063 2030.22 1390.80 0.0194 2029.67 1367.63 0.0080
126 1864.36 44.21 2048.00 1079.27 0.5999 2020.70 83.67 0.0840 2026.02 65.69 0.0936 2017.12 68.19 0.0756 2036.13 74.99 0.0151 2024.07 79.22 0.0118 2032.88 180.84 0.0030 2024.44 179.77 0.0029 2011.51 276.69 0.0090 2010.61 275.24 0.0104 2010.72 154.62 0.0481 2026.53 162.38 0.0511 2048.00 481.67 0.0220 2044.76 482.26 0.0216 2040.26 751.16 0.3212 2035.66 750.55 0.3008 2023.03 987.78 0.5625 2018.36 987.28 0.5513
127 1743.87 294.93 2009.00 1069.86 0.9265 1765.58 393.58 0.9541 1770.04 375.51 0.9842 1762.64 375.80 0.1735 1818.06 363.45 0.9962 1832.94 357.78 0.0183 1867.86 451.06 0.9996 1926.85 421.22 0.9869 1878.27 598.08 0.9977 1990.86 523.34 0.3748 1820.12 741.04 0.9851 1969.76 633.27 0.2833 1912.43 696.38 0.9977 1945.12 678.24 0.9894 1886.91 845.05 0.9971 1892.56 826.95 0.9833 1965.31 1016.84 0.9841 1947.01 981.27 0.9496
128 1538.42 342.13 1919.23 1060.65 0.9415 1557.75 420.09 0.8812 1562.06 404.76 0.9115 1560.37 403.44 0.1239 1596.15 403.71 0.9884 1628.30 401.17 0.0352 1616.54 494.72 0.9991 1686.64 473.05 0.9983 1613.79 607.44 0.9953 1742.67 585.62 0.9866 1568.34 682.28 0.9826 1749.45 678.87 0.9639 1661.90 706.31 0.9995 1684.46 690.36 0.9994 1697.11 844.32 0.9991 1616.89 804.37 0.9990 1851.77 954.98 0.9947 1632.57 929.52 0.9953
129 1322.39 376.58 1663.40 975.05 0.9340 1385.76 444.82 0.9023 1389.76 432.09 0.9602 1384.96 430.49 0.0774 1421.64 432.74 0.9950 1440.58 423.84 0.0125 1450.39 508.42 0.9997 1493.99 486.63 0.9716 1484.42 620.37 0.9984 1525.57 587.17 0.2110 1480.42 729.95 0.9911 1506.41 690.12 0.2105 1481.13 700.72 0.9995 1528.44 690.56 0.9956 1429.75 815.39 0.9996 1568.31 813.18 0.9951 1398.43 922.41 0.9981 1631.98 926.58 0.9889
130 1182.06 404.43 1412.34 968.70 0.9245 1229.97 466.74 0.7731 1231.71 454.98 0.8231 1229.65 453.79 0.0435 1253.09 454.21 0.9903 1278.47 450.25 0.0280 1260.98 525.40 0.9995 1334.67 510.14 0.9989 1246.90 636.12 0.9987 1379.08 607.79 0.9890 1214.33 710.19 0.9951 1377.60 690.74 0.9700 1294.23 700.87 0.9993 1335.43 692.45 0.9991 1327.22 823.82 0.9960 1322.37 803.55 0.9940 1384.90 930.47 0.9403 1367.76 904.96 0.9320
131 1056.48 437.01 1337.14 955.82 0.9391 1109.15 494.79 0.4621 1108.27 483.64 0.5208 1106.45 482.58 0.0249 1121.52 481.21 0.9854 1151.83 477.62 0.0926 1131.42 548.26 0.9998 1205.71 532.13 0.9996 1114.62 642.77 0.9992 1236.25 617.47 0.9944 1081.45 702.54 0.9953 1238.84 685.28 0.9772 1173.37 706.00 0.9999 1210.61 698.82 0.9999 1205.71 814.10 0.9997 1185.35 800.98 0.9996 1294.82 882.50 0.9970 1208.79 895.23 0.9966
132 981.00 469.29 1235.12 929.55 0.9266 995.88 519.41 0.1495 993.49 510.60 0.2071 996.87 508.22 0.0190 1002.36 514.61 0.9277 1040.19 500.76 0.2031 1034.58 571.12 0.9993 1082.33 548.46 0.9769 1074.11 644.86 0.9964 1109.07 622.55 0.3420 1105.29 721.12 0.9664 1110.82 702.78 0.1621 1076.32 712.65 0.9996 1121.70 701.75 0.9976 1050.93 808.17 0.9994 1149.86 798.89 0.9958 1038.45 897.00 0.9981 1206.29 889.21 0.9916
133 885.54 488.92 1050.97 936.65 0.9204 912.45 536.92 0.0202 906.47 529.01 0.0190 914.32 526.16 0.0096 903.58 533.16 0.8022 947.17 517.30 0.6850 916.11 589.50 0.9991 992.29 561.57 0.9965 931.80 676.78 0.9969 1023.38 625.31 0.9240 929.60 737.81 0.9546 989.34 659.94 0.5629 967.69 719.66 0.9993 1014.37 704.70 0.9988 992.01 816.61 0.9945 1001.67 795.10 0.9889 1027.06 914.71 0.9603 1022.58 876.03 0.9360
134 832.66 510.43 1038.99 931.38 0.9218 875.92 549.45 0.0056 870.64 544.11 0.0041 876.67 541.86 0.0030 863.66 549.12 0.6253 898.62 538.58 0.4935 852.52 597.27 0.9922 935.42 561.01 0.9917 852.08 638.40 0.7837 985.33 595.05 0.8626 875.82 591.73 0.1366 971.25 599.54 0.2423 921.46 704.76 0.9953 967.09 681.07 0.9952 953.84 810.75 0.9757 962.13 727.16 0.9789 1010.36 881.62 0.9202 1004.25 801.80 0.9422
135 802.43 389.80 993.43 767.96 0.9340 886.25 425.76 0.1890 882.04 419.60 0.0236 883.62 418.06 0.2581 846.07 420.47 0.2083 875.64 415.71 0.9579 819.67 463.25 0.9882 890.36 444.78 0.9994 822.46 514.77 0.4345 929.49 482.36 0.9968 854.88 515.81 0.1514 971.59 507.49 0.9609 854.61 571.44 0.9968 900.28 564.68 0.9993 869.44 653.03 0.9915 911.28 642.78 0.9988 899.76 715.06 0.9851 922.97 732.46 0.9965
136 832.59 346.03 1002.27 755.00 0.9108 905.30 385.91 0.9565 905.62 378.66 0.3310 899.15 377.92 0.9724 887.03 379.22 0.0112 875.53 377.75 0.9629 870.20 421.84 0.9451 865.21 421.82 0.9956 882.50 488.11 0.5185 855.87 486.07 0.9920 917.03 529.46 0.6514 872.62 544.59 0.9891 892.91 540.25 0.9805 889.17 545.73 0.9946 930.67 612.20 0.9858 920.64 626.81 0.9971 947.08 688.55 0.9755 918.04 716.35 0.9918
137 855.62 349.62 1018.66 738.45 0.9258 929.82 396.29 0.9915 934.69 387.38 0.8544 922.06 388.55 0.9949 936.21 383.29 0.0772 902.20 385.23 0.9827 934.70 422.27 0.9893 879.49 431.34 0.9986 947.73 479.51 0.7261 869.05 499.93 0.9945 960.70 530.65 0.7339 891.19 552.22 0.9906 950.49 535.33 0.9901 915.58 545.35 0.9962 986.87 609.89 0.9889 969.76 618.95 0.9968 984.85 693.44 0.9773 964.67 704.62 0.9906
138 871.00 402.05 1075.05 813.55 0.9116 976.79 447.60 0.9952 980.06 438.38 0.9046 967.67 440.20 0.9963 980.32 434.27 0.0789 946.57 438.80 0.9847 990.22 464.40 0.9979 925.80 483.20 0.9984 1020.66 483.63 0.9789 884.72 522.83 0.9891 1038.50 482.26 0.9788 890.19 533.52 0.9889 1015.32 582.07 0.9970 975.32 599.31 0.9973 1057.92 646.39 0.9952 1013.20 686.97 0.9961 1015.76 695.01 0.9840 1027.41 773.15 0.9840
139 1001.30 455.40 1249.25 856.60 0.9324 1064.18 493.03 0.9899 1065.66 482.84 0.8419 1052.68 487.94 0.9947 1066.41 484.18 0.0784 1032.72 497.39 0.9849 1086.23 525.10 0.9857 1025.41 552.53 0.9989 1101.82 578.23 0.6095 1028.51 630.54 0.9948 1120.93 633.87 0.6118 1099.66 645.66 0.9888 1115.70 652.38 0.9937 1068.04 668.96 0.9983 1162.87 732.22 0.9945 1079.07 749.26 0.9989 1199.92 810.50 0.9907 1077.85 824.81 0.9970
140 1088.87 421.50 1314.35 904.23 0.8790 1151.35 458.07 0.9966 1153.51 447.13 0.9670 1136.53 454.54 0.9969 1162.91 452.16 0.3138 1120.06 470.81 0.9844 1198.87 506.87 0.9995 1116.45 535.52 0.9995 1237.83 559.67 0.9962 1117.26 617.70 0.9972 1282.28 597.65 0.9963 1137.06 690.94 0.9970 1223.08 649.03 0.9994 1169.70 664.50 0.9995 1246.44 748.04 0.9991 1210.16 754.48 0.9992 1244.41 838.72 0.9951 1206.57 854.52 0.9952
141 1164.77 427.04 1442.69 954.30 0.9514 1228.65 465.31 0.9938 1226.28 453.00 0.9474 1209.69 462.95 0.9908 1237.30 457.31 0.3228 1193.90 483.55 0.9506 1287.18 516.48 0.9990 1196.23 553.81 0.9988 1340.15 566.52 0.9940 1182.34 644.17 0.9950 1405.94 573.84 0.9947 1181.35 721.35 0.9951 1307.21 673.81 0.9991 1256.68 694.70 0.9991 1323.04 773.00 0.9985 1314.53 780.53 0.9988 1261.69 811.12 0.9922 1351.76 901.08 0.9930
142 1248.15 406.32 1587.87 976.70 0.9417 1311.26 468.47 0.9907 1318.63 451.10 0.9795 1294.67 461.29 0.9861 1339.02 447.61 0.7430 1278.94 473.78 0.8375 1383.08 508.66 0.9822 1283.60 547.36 0.9988 1403.02 586.20 0.5674 1292.89 641.08 0.9927 1413.57 650.02 0.5461 1372.81 652.52 0.9815 1409.11 698.04 0.9924 1335.63 716.82 0.9982 1463.46 817.51 0.9927 1344.31 831.89 0.9987 1506.75 928.48 0.9871 1352.30 914.02 0.9968
143 1344.73 387.15 1709.85 1085.55 0.9463 1429.35 471.54 0.9957 1439.69 452.21 0.9920 1410.45 461.53 0.9862 1465.19 438.55 0.8653 1391.50 461.79 0.7443 1520.21 506.78 0.9992 1386.93 541.37 0.9979 1587.57 589.57 0.9941 1371.17 659.37 0.9732 1660.92 667.78 0.9913 1373.20 755.07 0.9700 1540.52 725.30 0.9992 1459.57 743.68 0.9988 1545.73 863.42 0.9991 1495.70 874.58 0.9987 1535.41 963.03 0.9955 1494.33 1008.14 0.9939
144 1421.35 397.33 1803.72 1226.01 0.9512 1585.70 505.54 0.9980 1593.13 485.71 0.9488 1560.98 493.49 0.9987 1598.69 467.23 0.0841 1513.57 488.36 0.9941 1633.20 536.86 0.9993 1477.98 585.59 0.9995 1686.87 633.42 0.9913 1455.40 724.85 0.9969 1756.88 747.61 0.9905 1453.66 844.61 0.9962 1649.93 782.28 0.9986 1557.10 818.44 0.9988 1667.88 903.12 0.9970 1621.74 972.53 0.9982 1576.24 944.55 0.9853 1619.75 1141.23 0.9876
145 1589.92 378.23 2048.00 1390.19 0.9177 1867.63 507.01 0.9744 1870.22 483.50 0.5104 1845.73 488.12 0.9897 1842.95 480.83 0.0298 1769.68 490.87 0.9906 1840.80 589.13 0.9687 1697.91 608.50 0.9945 1846.68 776.43 0.8605 1704.43 787.37 0.9726 1904.59 893.22 0.8180 1838.57 906.63 0.9366 1841.15 884.78 0.9901 1714.96 891.31 0.9945 1917.51 1067.45 0.9825 1686.95 1049.09 0.9857 2006.08 1287.10 0.9189 1616.72 1141.96 0.9272
146 1921.72 344.49 2048.00 1415.82 0.7706 2046.33 480.26 0.0151 2046.80 459.12 0.0088 2046.16 461.25 0.0039 2048.00 473.66 0.0363 2047.10 478.39 0.0110 2026.14 607.91 0.4601 2023.43 612.34 0.1659 1963.05 821.87 0.8425 1964.50 815.66 0.2227 1970.39 983.17 0.8357 1973.31 985.19 0.2919 2044.29 998.94 0.3346 2038.55 1004.94 0.1941 2045.36 1182.25 0.1383 2041.64 1184.52 0.0566 2028.47 1318.57 0.0313 2026.42 1311.58 0.0153
