29 595.72 285.01 679.38 499.60 0.3076 627.67 300.35 0.8711 631.31 295.73 0.7904 624.28 295.86 0.6796 637.71 298.67 0.5932 619.49 299.10 0.3222 645.62 325.36 0.9865 610.69 325.26 0.9217 656.78 357.93 0.9299 599.05 354.60 0.4057 667.68 387.32 0.8780 598.25 380.20 0.3969 643.57 385.91 0.9666 619.95 386.36 0.8956 648.66 432.17 0.9519 625.65 433.75 0.7976 648.20 476.82 0.9031 630.47 474.22 0.7033
30 620.67 284.08 687.68 515.41 0.7737 634.83 300.18 0.9360 639.19 295.30 0.9341 630.76 295.78 0.8210 647.18 298.79 0.8408 626.81 300.40 0.3125 661.64 325.84 0.9928 622.43 326.83 0.8829 679.71 349.60 0.9265 618.01 352.13 0.0967 678.82 368.11 0.8575 621.19 367.82 0.0929 658.80 392.43 0.9799 633.83 392.03 0.8996 656.16 444.79 0.9721 639.16 445.05 0.8298 649.42 492.01 0.9393 641.38 490.54 0.7619
31 622.47 283.43 700.60 515.47 0.8402 647.83 301.71 0.9666 652.36 296.65 0.9576 643.86 296.85 0.9302 660.01 299.73 0.8139 639.21 300.39 0.6005 672.12 328.16 0.9928 632.70 329.18 0.9861 681.94 360.72 0.9642 630.53 363.40 0.9194 687.06 387.27 0.9529 639.93 388.78 0.9131 673.86 393.28 0.9889 648.69 395.01 0.9853 687.01 441.41 0.9741 653.65 447.76 0.9637 676.84 488.52 0.9415 660.61 492.39 0.9195
32 646.96 288.45 732.51 532.65 0.8380 672.23 311.94 0.8200 676.14 305.92 0.7856 668.01 306.82 0.6520 684.77 306.07 0.5663 663.11 308.59 0.2482 699.26 330.08 0.9808 659.61 334.65 0.9622 710.91 365.57 0.9304 653.05 359.30 0.8102 720.72 395.52 0.9093 667.95 343.03 0.7842 705.22 402.19 0.9914 678.79 404.76 0.9865 712.14 459.76 0.9896 676.89 462.11 0.9820 714.85 513.76 0.9786 664.04 511.04 0.9677
33 658.37 295.86 747.65 537.88 0.8180 677.99 318.16 0.7405 681.29 312.13 0.7846 675.27 313.61 0.2377 694.24 310.27 0.8642 677.29 314.66 0.0447 719.84 333.16 0.9893 678.46 338.18 0.9812 740.16 364.39 0.9490 665.67 367.40 0.9130 734.36 383.94 0.9202 670.36 345.60 0.8706 715.41 401.50 0.9927 690.46 402.32 0.9897 712.94 458.60 0.9918 695.91 461.43 0.9877 714.02 514.96 0.9735 705.19 512.69 0.9634
35 683.84 293.29 773.71 556.24 0.6784 708.29 317.39 0.9817 712.78 311.17 0.9729 702.38 312.29 0.9711 720.02 312.74 0.7759 694.06 316.01 0.6705 735.81 341.58 0.9950 689.67 344.32 0.9644 750.52 380.22 0.9900 675.92 368.78 0.6545 728.21 398.26 0.9851 661.77 360.58 0.6790 734.03 419.88 0.9927 703.98 421.55 0.9734 744.73 474.77 0.9938 707.52 477.33 0.9628 753.50 531.84 0.9877 714.05 524.95 0.9520
36 689.27 289.57 777.04 564.03 0.8994 721.11 319.17 0.9853 726.52 312.38 0.9880 716.21 313.45 0.9478 738.34 311.68 0.9339 711.40 314.87 0.3161 757.82 342.56 0.9946 706.08 343.24 0.9843 758.58 386.36 0.9904 702.03 378.83 0.8798 717.54 392.54 0.9868 702.38 388.00 0.8601 753.46 426.31 0.9935 718.83 426.18 0.9884 758.09 485.07 0.9905 722.12 485.04 0.9858 755.64 536.64 0.9754 731.25 533.79 0.9718
37 692.40 291.63 795.67 576.60 0.8896 715.68 320.74 0.9076 719.56 313.73 0.9522 714.46 314.93 0.2033 736.44 312.73 0.9697 722.02 316.28 0.0077 757.80 345.08 0.9958 728.98 348.62 0.9624 747.92 389.94 0.9934 725.47 386.26 0.6553 710.44 387.16 0.9839 708.76 380.80 0.6206 752.55 432.44 0.9958 727.43 432.76 0.9876 755.95 494.22 0.9951 729.11 497.55 0.9911 781.29 546.26 0.9872 738.97 553.31 0.9844
38 717.27 293.12 806.86 574.99 0.8977 727.08 323.24 0.2570 726.27 316.73 0.3868 728.80 315.45 0.0163 733.53 316.23 0.9526 751.36 312.61 0.0669 755.19 345.70 0.9977 768.41 337.71 0.9695 741.30 392.17 0.9429 761.99 374.41 0.1433 734.11 372.28 0.7017 742.68 361.67 0.0738 765.78 431.57 0.9935 766.16 426.96 0.9790 774.33 492.79 0.9922 749.27 487.52 0.9817 792.06 550.35 0.9875 753.03 543.04 0.9821
39 713.38 294.65 806.37 576.56 0.8778 724.37 325.98 0.0494 721.88 320.44 0.0704 726.16 318.18 0.0069 724.03 319.32 0.9073 749.23 313.55 0.2753 747.81 346.33 0.9978 770.66 337.39 0.9788 747.02 389.67 0.9706 777.83 375.46 0.2295 733.90 415.82 0.8814 759.44 401.35 0.1225 765.95 430.04 0.9899 778.38 425.31 0.9696 774.74 490.76 0.9873 770.37 486.68 0.9569 792.17 547.63 0.9852 774.31 542.74 0.9668
40 702.34 295.26 806.26 575.90 0.8679 714.00 327.37 0.1642 712.07 321.36 0.2353 715.31 319.76 0.0130 717.54 318.06 0.9400 738.80 313.61 0.1247 741.00 343.92 0.9981 762.63 336.39 0.9768 747.17 390.18 0.9878 779.48 380.83 0.2847 743.32 434.84 0.9566 772.56 420.71 0.1841 760.44 432.45 0.9911 772.28 428.17 0.9710 771.43 490.82 0.9883 770.53 487.16 0.9579 789.95 546.49 0.9835 778.75 542.09 0.9640
41 700.06 294.92 805.75 576.04 0.8761 709.59 326.42 0.1352 707.63 320.48 0.1823 711.25 318.91 0.0106 712.96 318.04 0.9246 735.47 313.57 0.1217 738.40 344.50 0.9982 757.47 337.14 0.9713 744.30 391.05 0.9898 772.67 380.99 0.2111 736.30 433.98 0.9629 763.04 418.35 0.1398 758.76 430.60 0.9921 769.10 426.26 0.9705 768.76 488.87 0.9911 767.14 485.61 0.9636 789.62 545.46 0.9884 777.56 541.75 0.9721
42 679.30 296.35 791.85 572.81 0.9073 690.57 328.29 0.6781 690.45 321.64 0.7838 690.26 321.47 0.0398 701.80 317.57 0.9741 710.32 316.86 0.0173 730.30 344.43 0.9982 730.61 341.29 0.9537 747.92 391.20 0.9941 742.24 387.48 0.1954 745.13 441.27 0.9867 732.81 423.73 0.2246 742.87 435.36 0.9943 748.57 432.07 0.9770 725.53 490.50 0.9964 755.09 489.11 0.9869 724.58 550.54 0.9882 777.09 541.26 0.9792
43 599.97 286.79 757.50 578.98 0.9050 656.44 315.55 0.9604 660.89 309.59 0.9810 655.14 310.71 0.3301 677.55 311.40 0.9828 662.51 314.35 0.0070 694.45 342.22 0.9931 665.48 339.20 0.9943 716.18 353.30 0.9742 642.95 324.41 0.9777 736.68 348.45 0.9717 619.58 306.81 0.9717 692.86 427.90 0.9976 671.42 428.16 0.9974 690.49 488.23 0.9986 672.53 489.61 0.9973 692.03 548.41 0.9963 724.89 522.35 0.9951
44 530.98 233.07 768.52 594.11 0.9174 625.81 313.40 0.9766 630.98 306.04 0.9775 618.97 308.58 0.9337 643.41 308.55 0.9050 613.03 315.00 0.4473 663.02 338.91 0.9977 608.39 338.90 0.9965 704.18 322.04 0.9952 573.68 306.28 0.9916 742.50 293.76 0.9914 545.52 269.22 0.9868 657.78 440.04 0.9982 620.53 441.16 0.9981 667.87 506.48 0.9962 615.19 506.99 0.9970 684.84 552.98 0.9874 611.73 567.46 0.9896
45 481.89 235.10 734.79 605.29 0.9178 592.54 311.47 0.9896 596.66 304.49 0.9635 584.69 306.23 0.9909 602.92 309.05 0.4607 573.10 313.58 0.9270 623.22 338.39 0.9971 560.84 340.33 0.9971 668.48 321.23 0.9902 525.07 308.59 0.9911 708.05 296.00 0.9827 501.80 265.60 0.9837 619.00 443.73 0.9968 579.89 446.52 0.9972 624.87 511.20 0.9956 595.65 516.08 0.9957 628.79 573.67 0.9889 606.74 571.99 0.9883
46 430.92 290.66 735.79 625.95 0.9277 586.37 320.61 0.9918 590.19 313.09 0.9441 577.79 315.34 0.9946 594.73 316.29 0.2620 563.83 322.38 0.9668 618.33 347.42 0.9981 552.34 355.59 0.9982 665.40 345.97 0.9926 502.42 351.38 0.9950 708.47 329.02 0.9837 458.34 341.31 0.9900 617.89 456.24 0.9974 576.82 458.95 0.9968 618.49 528.37 0.9963 581.31 527.65 0.9894 610.50 589.63 0.9885 587.91 559.91 0.9706
47 535.49 305.06 644.65 661.50 0.9197 588.35 342.85 0.9877 591.70 334.78 0.9187 579.84 336.73 0.9934 595.39 333.53 0.1585 563.12 338.60 0.9721 614.04 366.14 0.9946 550.32 378.36 0.9934 625.66 416.74 0.9624 553.58 431.30 0.9028 632.82 465.73 0.9498 569.47 466.72 0.8327 620.68 474.23 0.9954 580.42 480.23 0.9958 619.59 546.41 0.9935 590.16 553.66 0.9967 613.49 596.40 0.9868 596.14 628.60 0.9911
48 530.60 302.62 683.06 666.76 0.9288 602.45 343.75 0.9901 606.24 335.84 0.8431 594.93 336.38 0.9953 607.38 332.88 0.0396 574.15 334.15 0.9886 618.11 368.23 0.9961 552.03 380.22 0.9962 630.39 420.77 0.9795 544.27 439.94 0.9775 642.42 470.22 0.9754 560.13 484.27 0.9677 627.19 486.32 0.9968 583.37 494.08 0.9966 646.63 557.91 0.9974 590.12 571.34 0.9966 644.72 632.27 0.9921 598.35 638.00 0.9869
49 419.65 310.80 787.05 690.83 0.9120 647.89 355.33 0.9937 652.98 346.80 0.8997 639.92 347.46 0.9965 655.90 343.71 0.0607 620.26 345.37 0.9878 670.22 373.94 0.9975 591.61 383.07 0.9988 712.76 378.91 0.9870 525.87 387.75 0.9927 760.83 372.08 0.9721 464.48 383.07 0.9814 670.54 504.08 0.9976 622.73 508.50 0.9978 674.12 587.43 0.9979 631.12 586.58 0.9949 663.68 660.46 0.9879 611.98 626.27 0.9742
50 537.35 222.08 764.83 746.71 0.9090 693.49 367.64 0.9945 698.23 358.74 0.9476 685.62 360.45 0.9955 702.51 355.10 0.1348 666.46 358.93 0.9695 708.21 377.16 0.9966 647.63 388.26 0.9985 738.92 320.72 0.9925 596.69 340.00 0.9941 751.49 264.28 0.9898 566.94 276.97 0.9892 712.31 515.69 0.9976 673.64 522.50 0.9986 703.05 591.93 0.9961 696.63 602.92 0.9987 674.39 650.09 0.9907 716.31 690.15 0.9954
51 665.13 274.73 843.99 751.26 0.9073 743.05 371.23 0.9883 749.19 362.64 0.9265 735.64 362.53 0.9895 752.13 360.37 0.1429 715.05 360.01 0.9433 748.20 390.33 0.9785 694.49 394.32 0.9946 761.17 373.24 0.5009 687.94 353.82 0.9734 766.73 368.91 0.6180 710.34 317.69 0.9802 760.65 531.03 0.9957 714.28 538.13 0.9970 783.84 625.83 0.9973 717.17 635.57 0.9971 789.24 709.17 0.9946 723.88 709.95 0.9918
52 738.50 300.75 878.05 781.64 0.9066 819.20 379.37 0.9901 825.78 369.83 0.9219 810.90 370.02 0.9892 829.95 368.23 0.1285 790.89 368.42 0.9417 826.52 395.25 0.9850 773.96 400.17 0.9976 843.28 360.77 0.6570 758.41 343.95 0.9834 840.64 338.86 0.7429 781.69 318.11 0.9821 839.97 549.35 0.9966 797.52 554.39 0.9984 844.26 659.27 0.9970 810.81 662.41 0.9969 827.44 741.31 0.9852 766.26 713.57 0.9821
53 761.67 336.23 962.22 857.37 0.9237 899.51 402.01 0.9871 905.34 392.43 0.8485 889.22 393.01 0.9928 906.42 387.91 0.0560 862.34 388.29 0.9817 909.06 422.23 0.9917 832.77 422.86 0.9969 943.62 401.72 0.9343 789.67 393.27 0.9838 910.89 380.43 0.9555 815.97 364.87 0.9813 910.31 580.17 0.9960 862.56 585.25 0.9981 888.86 675.74 0.9904 896.68 696.78 0.9974 837.65 738.34 0.9848 904.51 803.09 0.9895
54 874.82 209.38 1128.42 860.84 0.9263 1008.68 412.74 0.9781 1014.91 402.54 0.4855 1002.50 399.90 0.9904 1000.75 397.33 0.0086 969.55 386.17 0.9778 981.08 450.90 0.9302 920.14 423.79 0.9878 971.28 534.17 0.4851 934.40 331.19 0.9711 991.40 595.90 0.4433 970.26 248.13 0.9764 984.21 610.90 0.9868 920.60 619.36 0.9948 1031.55 704.88 0.9769 911.35 725.90 0.9827 1065.56 807.28 0.9737 908.11 811.54 0.9689
55 912.20 286.91 1222.40 927.16 0.9346 1178.19 451.39 0.9629 1184.33 440.91 0.3251 1174.04 435.95 0.9845 1165.19 433.16 0.0056 1141.26 416.42 0.9771 1140.25 486.65 0.8669 1081.39 460.16 0.9920 1124.82 565.03 0.1573 1087.37 397.17 0.9787 1134.47 619.15 0.1163 1110.38 324.63 0.9799 1132.21 652.94 0.9860 1066.11 652.75 0.9970 1161.40 766.76 0.9829 1024.03 762.56 0.9882 1166.37 875.78 0.9793 937.34 797.96 0.9800
56 995.13 356.23 1424.67 976.17 0.9498 1281.67 443.72 0.9846 1293.19 432.35 0.7715 1274.06 428.87 0.9903 1295.74 417.15 0.0545 1242.91 404.77 0.9617 1279.00 458.66 0.9808 1181.49 454.07 0.9919 1324.81 472.87 0.9766 1099.89 527.31 0.9808 1377.86 476.28 0.9690 1036.17 605.87 0.9855 1232.35 653.83 0.9902 1169.93 651.26 0.9932 1206.29 780.61 0.9906 1172.69 786.01 0.9943 1177.33 886.09 0.9808 1154.33 919.10 0.9837
57 1150.20 248.96 1585.63 1059.75 0.9409 1337.86 505.27 0.9856 1344.99 486.42 0.8989 1318.51 495.28 0.9896 1351.61 459.62 0.2038 1282.86 481.21 0.9354 1381.31 455.17 0.9934 1252.60 539.45 0.9906 1466.46 378.91 0.9870 1238.95 616.80 0.9603 1541.07 303.78 0.9663 1273.89 675.58 0.9264 1345.68 683.23 0.9928 1290.07 710.23 0.9921 1271.35 784.93 0.9895 1337.80 840.34 0.9940 1190.13 862.26 0.9681 1340.50 984.54 0.9687
58 1179.29 387.44 1731.80 1061.09 0.9654 1487.24 488.72 0.9905 1495.89 470.89 0.8264 1469.18 476.58 0.9946 1499.19 452.19 0.0558 1420.36 463.77 0.9735 1513.59 496.37 0.9919 1359.42 541.18 0.9935 1589.66 517.13 0.9919 1282.60 641.99 0.9856 1672.87 541.55 0.9850 1219.02 751.83 0.9856 1471.02 734.66 0.9950 1377.50 743.40 0.9935 1471.83 874.94 0.9920 1370.41 888.62 0.9924 1402.38 968.60 0.9830 1339.23 984.28 0.9830
59 1340.12 207.62 1749.01 1239.35 0.9374 1713.96 503.68 0.9730 1722.03 484.94 0.5820 1695.55 482.54 0.9903 1708.94 479.35 0.0099 1635.53 471.27 0.9725 1682.56 569.48 0.9026 1578.94 555.49 0.9942 1648.29 543.37 0.1942 1575.85 453.05 0.9895 1656.82 473.65 0.0963 1637.04 305.81 0.9872 1649.24 829.85 0.9918 1549.59 818.19 0.9977 1630.66 1003.37 0.9875 1489.19 953.39 0.9827 1591.76 1152.33 0.9813 1376.39 970.14 0.9778
60 1542.04 373.70 2047.21 1482.75 0.9360 2045.89 552.22 0.0940 2045.94 531.78 0.0122 2039.19 528.88 0.0736 2007.15 525.53 0.0418 1998.28 516.08 0.6450 1959.41 630.56 0.9922 1900.63 576.49 0.9713 1963.04 772.23 0.9920 1919.89 472.51 0.6943 2014.45 895.95 0.9771 1984.52 446.67 0.2131 1824.76 909.30 0.9959 1799.43 919.18 0.9938 1744.41 1041.15 0.9887 1833.05 1148.50 0.9914 1603.68 1157.61 0.9782 1880.15 1369.39 0.9650
69 1803.88 726.29 2046.75 1492.33 0.8152 1940.33 1130.60 0.9821 2013.21 1050.95 0.6718 1925.90 1035.38 0.5557 2048.00 1048.61 0.0029 1924.72 1000.30 0.0008 2030.27 1358.17 0.0420 2007.56 1299.74 0.2264 1954.62 1420.54 0.0019 1972.73 1370.64 0.0030 1937.45 1349.82 0.0027 1948.69 1314.91 0.0033 1983.00 1486.58 0.0010 2002.45 1439.18 0.0013 1949.86 1369.40 0.0033 1959.35 1355.92 0.0033 1923.13 1423.65 0.0021 1924.90 1385.81 0.0020
70 916.82 43.21 1654.72 1490.08 0.6647 970.87 1148.42 0.6174 1011.39 1076.16 0.7365 961.09 1084.79 0.0397 1223.37 1092.74 0.9165 1051.16 1104.49 0.0059 1394.87 1325.83 0.3176 1180.10 1269.99 0.5421 1297.00 615.96 0.2933 1214.64 581.55 0.6457 1351.68 190.17 0.3853 1360.07 154.10 0.4397 1446.43 1341.83 0.0027 1254.24 1304.62 0.0034 1256.96 1327.12 0.0224 1102.42 1248.96 0.0120 1238.21 1234.59 0.0099 1152.37 1221.48 0.0068
71 0.00 0.00 779.31 1478.23 0.8849 71.27 1019.70 0.0009 38.12 1007.23 0.0007 147.33 967.17 0.0002 32.62 1056.49 0.7057 371.76 963.59 0.6841 145.99 1345.74 0.0992 508.76 1241.50 0.9526 389.73 731.04 0.0579 584.92 835.65 0.9682 318.19 319.13 0.1000 480.10 323.76 0.9757 331.29 1500.00 0.0002 604.46 1416.72 0.0031 329.88 1249.87 0.0002 507.54 1146.12 0.0074 367.69 1178.94 0.0004 423.42 1147.93 0.0054
72 1.19 1013.83 636.58 1487.40 0.5681 97.16 1026.94 0.0065 86.68 1008.99 0.0004 89.10 1003.54 0.0031 40.30 1007.53 0.0016 43.58 1000.96 0.0222 28.03 1111.25 0.0226 42.81 1120.57 0.1861 285.77 1141.55 0.0698 358.14 1137.93 0.7348 515.30 1112.78 0.0854 561.04 1088.25 0.5647 55.90 1334.08 0.0043 71.56 1353.49 0.0133 211.51 1214.17 0.0079 220.04 1231.85 0.0207 292.85 1260.06 0.0048 287.44 1267.86 0.0091
82 0.00 395.04 131.99 1094.11 0.6425 10.78 538.94 0.0177 11.67 525.46 0.0053 10.43 525.83 0.0161 6.25 528.69 0.0033 0.50 527.30 0.0227 0.00 591.78 0.0061 0.00 595.20 0.0368 8.84 668.00 0.0373 5.28 677.09 0.3741 61.09 703.11 0.2059 66.96 704.98 0.8326 0.23 758.20 0.0279 1.22 762.57 0.1086 5.36 885.33 0.0964 8.51 887.37 0.4698 4.00 1030.45 0.1099 4.08 1041.07 0.4157
83 0.00 358.67 201.79 1042.41 0.8822 11.39 413.65 0.0604 7.44 404.68 0.0090 5.37 402.52 0.0538 0.00 420.50 0.0122 0.00 417.88 0.1744 0.00 498.26 0.0936 36.78 499.88 0.8785 113.29 496.89 0.0659 160.25 496.05 0.9816 130.55 422.03 0.1873 150.47 406.38 0.9560 28.51 705.34 0.6723 66.60 712.69 0.9490 100.35 800.66 0.8810 103.73 835.96 0.9800 158.09 901.13 0.9261 35.15 970.97 0.9643
84 0.16 336.80 348.20 940.06 0.9526 120.23 397.92 0.2275 110.01 385.92 0.0305 119.92 387.02 0.3143 57.76 391.24 0.2870 107.39 392.69 0.9528 25.73 456.83 0.9702 117.27 460.46 0.9933 94.19 485.09 0.8871 107.73 564.00 0.9721 144.46 432.23 0.9349 136.41 659.59 0.9828 75.38 658.67 0.9873 155.91 652.82 0.9939 121.91 776.53 0.9890 236.65 737.95 0.9939 155.04 904.22 0.9782 285.97 829.34 0.9886
85 128.12 332.25 375.44 856.02 0.9534 234.12 385.34 0.1277 226.89 376.42 0.0095 234.14 374.60 0.1346 180.32 380.49 0.4353 228.30 379.19 0.9657 152.79 445.54 0.9900 247.10 449.36 0.9970 162.89 518.82 0.2753 294.89 545.71 0.9845 218.54 543.84 0.0891 340.69 600.15 0.9460 206.66 609.19 0.9942 268.79 610.79 0.9972 244.23 704.02 0.9945 295.37 709.84 0.9984 230.82 802.51 0.9906 299.77 821.87 0.9939
86 178.87 331.02 413.58 835.57 0.9326 305.99 380.74 0.0709 298.85 373.90 0.0087 307.80 373.03 0.0367 263.79 378.97 0.6032 310.07 379.21 0.8898 235.53 434.97 0.9987 333.86 430.85 0.9991 200.08 497.97 0.9918 398.67 429.99 0.9909 200.53 544.16 0.9634 381.97 375.34 0.8646 285.99 581.78 0.9981 341.27 585.26 0.9976 344.11 665.64 0.9969 341.11 690.31 0.9981 379.21 744.79 0.9933 313.49 795.66 0.9921
87 279.24 322.36 522.10 771.51 0.9358 374.84 367.55 0.0498 368.94 359.54 0.0066 376.03 358.99 0.0637 329.85 360.75 0.6482 372.99 362.86 0.9645 303.59 409.79 0.9919 384.51 419.09 0.9983 313.16 450.67 0.2992 435.48 494.31 0.9914 363.47 461.00 0.1198 482.20 541.06 0.9687 339.57 555.63 0.9969 395.04 556.25 0.9982 363.02 645.61 0.9970 436.47 625.14 0.9983 379.66 742.47 0.9911 473.16 700.68 0.9947
88 355.41 210.26 559.38 715.27 0.9236 441.58 338.44 0.0822 434.43 334.59 0.0066 441.87 332.85 0.0858 399.09 344.21 0.2275 440.79 342.52 0.9456 384.85 380.62 0.9952 454.81 378.45 0.9976 370.92 316.21 0.9804 512.97 327.98 0.9941 369.77 255.45 0.9729 538.29 267.95 0.9838 418.22 511.95 0.9977 463.75 511.48 0.9984 439.22 590.44 0.9970 482.85 599.66 0.9980 436.18 667.02 0.9945 487.11 686.24 0.9939
89 410.04 250.62 542.80 703.43 0.9277 470.89 338.00 0.0192 465.72 333.55 0.0060 472.87 332.56 0.0189 443.73 342.17 0.5193 483.31 341.33 0.8488 436.53 376.41 0.9916 495.03 371.26 0.9959 426.74 329.04 0.9649 499.47 324.13 0.9841 436.87 280.24 0.9438 480.19 283.20 0.9586 462.02 502.18 0.9955 501.22 502.44 0.9972 493.94 577.47 0.9952 513.59 587.87 0.9967 515.09 641.71 0.9895 497.14 658.25 0.9892
90 441.67 232.58 610.32 668.12 0.9227 512.26 330.71 0.0879 505.80 325.09 0.0082 511.02 325.47 0.0654 474.04 331.67 0.1975 508.22 335.30 0.8303 459.70 364.01 0.9917 517.91 368.82 0.9978 457.81 316.84 0.9422 561.31 330.45 0.9955 462.24 271.71 0.9237 587.90 274.31 0.9900 479.75 487.38 0.9947 523.43 488.39 0.9968 499.10 566.22 0.9932 551.32 556.57 0.9955 513.49 637.49 0.9872 571.55 615.50 0.9911
91 487.26 297.68 617.73 633.12 0.9210 543.43 327.95 0.0171 539.27 322.70 0.0073 545.00 321.58 0.0175 515.11 327.78 0.7729 550.24 326.85 0.9085 500.28 366.63 0.9880 568.03 366.21 0.9964 513.25 399.17 0.2348 595.44 412.37 0.9482 551.01 408.32 0.0707 607.51 444.52 0.7946 524.72 470.56 0.9932 567.18 470.41 0.9970 538.35 534.14 0.9867 573.95 540.41 0.9967 536.33 585.29 0.9819 577.50 609.36 0.9908
92 478.01 301.33 608.36 628.86 0.9058 559.64 329.66 0.0169 557.07 324.76 0.0115 562.21 324.51 0.0175 540.84 326.32 0.8467 570.70 327.38 0.8814 522.95 357.30 0.9956 581.86 359.28 0.9950 502.43 393.40 0.9724 590.43 406.47 0.9509 490.32 432.92 0.9540 592.28 447.16 0.8916 539.39 457.93 0.9966 574.83 459.88 0.9970 558.62 517.67 0.9887 582.73 528.52 0.9926 570.08 579.13 0.9722 578.43 599.55 0.9774
93 498.25 298.59 644.28 604.71 0.9221 592.84 328.24 0.1268 589.62 322.29 0.0183 593.23 322.54 0.1746 564.11 320.03 0.3766 588.95 322.88 0.9442 537.44 352.96 0.9959 593.36 352.65 0.9932 518.62 402.13 0.9864 593.16 400.38 0.9601 511.24 446.81 0.9771 593.58 445.83 0.9165 549.83 449.76 0.9978 586.50 448.36 0.9965 565.33 514.26 0.9971 605.22 505.38 0.9950 577.25 582.20 0.9915 616.53 564.33 0.9876
94 550.94 295.39 676.80 583.04 0.9181 632.93 327.90 0.4334 630.24 321.21 0.0189 630.54 321.97 0.4521 603.16 318.70 0.0349 619.56 322.37 0.9071 586.86 343.42 0.9894 608.35 349.91 0.9962 619.87 344.32 0.9511 596.64 380.40 0.9919 647.83 331.54 0.9628 576.88 403.19 0.9862 578.58 432.99 0.9955 606.44 435.07 0.9973 590.98 494.81 0.9969 620.87 494.17 0.9983 580.16 545.44 0.9894 618.84 554.90 0.9907
95 577.75 265.93 687.40 574.99 0.9052 649.30 326.44 0.9029 652.18 320.20 0.4258 644.14 320.73 0.9249 651.63 316.27 0.0374 627.87 317.40 0.9217 648.80 333.26 0.9895 609.79 345.43 0.9930 680.18 320.99 0.9877 587.42 389.60 0.9785 664.60 289.25 0.9852 592.05 423.78 0.9609 644.72 425.39 0.9960 618.01 428.11 0.9967 646.51 482.90 0.9960 627.94 488.08 0.9978 637.82 540.44 0.9932 613.57 549.99 0.9954
96 599.16 290.77 760.60 560.74 0.9304 676.53 321.52 0.9723 677.37 315.23 0.4060 671.48 315.41 0.9874 670.98 314.18 0.0082 654.14 314.20 0.9872 671.01 337.89 0.9901 631.96 342.04 0.9951 708.90 341.27 0.9767 609.81 381.93 0.9870 740.53 324.54 0.9806 621.15 410.07 0.9833 658.78 418.42 0.9952 641.47 420.09 0.9965 651.27 478.23 0.9974 670.25 477.96 0.9982 638.39 536.21 0.9931 681.22 540.06 0.9939
97 639.64 291.13 772.54 563.69 0.9213 726.13 319.71 0.9670 727.85 313.63 0.4700 720.87 313.94 0.9736 723.76 314.59 0.0214 705.12 314.94 0.9605 720.45 344.32 0.9885 690.99 345.12 0.9957 731.79 386.67 0.9738 672.27 386.85 0.9947 754.33 419.28 0.9800 660.83 431.67 0.9935 714.32 423.66 0.9940 699.73 423.78 0.9966 704.63 481.48 0.9963 721.19 480.01 0.9988 662.56 522.50 0.9916 727.32 542.63 0.9955
98 716.16 290.81 860.50 563.98 0.9031 783.51 315.33 0.9390 782.71 309.14 0.2704 778.73 310.51 0.9573 773.16 311.01 0.0146 763.46 314.20 0.9675 767.75 339.99 0.9533 753.93 344.93 0.9963 776.74 376.46 0.5094 787.82 377.69 0.9953 800.49 381.41 0.4409 837.38 374.49 0.9875 772.00 427.19 0.9892 753.35 430.53 0.9956 791.04 479.14 0.9919 745.96 487.09 0.9966 816.78 530.06 0.9906 729.09 540.08 0.9917
99 798.25 287.74 884.30 562.58 0.8060 847.14 311.16 0.9113 847.09 305.21 0.1872 842.50 305.56 0.9454 837.95 307.95 0.0113 827.48 309.20 0.9672 832.54 340.71 0.9263 817.27 345.03 0.9942 849.36 384.42 0.6418 833.03 388.72 0.9866 871.11 417.18 0.7095 859.67 422.88 0.9679 838.07 418.63 0.9250 827.33 421.61 0.9837 850.75 472.33 0.9327 852.14 474.59 0.9931 829.69 529.18 0.8979 827.62 533.80 0.9812
100 812.79 289.08 979.97 561.74 0.9233 921.21 316.46 0.9702 921.55 310.88 0.3160 916.20 310.82 0.9805 913.72 312.73 0.0091 900.57 312.74 0.9807 915.18 339.88 0.9914 886.64 343.09 0.9966 944.32 347.69 0.9836 859.13 374.22 0.9959 965.96 319.36 0.9892 829.26 411.31 0.9951 909.38 424.64 0.9954 899.36 423.93 0.9974 906.00 482.33 0.9979 921.95 478.90 0.9993 854.54 518.70 0.9942 925.59 542.25 0.9963
101 915.41 259.23 1045.66 561.99 0.8889 988.58 319.84 0.9449 990.27 313.63 0.3377 984.44 314.14 0.9674 982.73 312.14 0.0200 968.48 313.65 0.9731 975.77 332.17 0.9847 950.00 346.03 0.9970 987.34 301.31 0.9665 968.34 389.67 0.9953 978.47 269.15 0.9697 997.17 421.35 0.9903 977.34 430.40 0.9903 952.59 434.19 0.9944 988.04 479.51 0.9843 946.70 486.88 0.9904 1005.21 529.34 0.9864 930.29 540.12 0.9875
102 999.19 241.62 1116.44 567.74 0.8583 1056.94 316.70 0.4705 1055.42 310.78 0.0228 1055.13 311.52 0.5170 1034.70 309.33 0.0208 1044.08 311.68 0.9267 1021.89 329.26 0.9498 1030.94 334.48 0.9961 1035.40 297.08 0.7213 1066.42 318.83 0.9914 1049.88 268.54 0.7798 1090.73 294.47 0.9762 1028.44 419.64 0.9854 1034.58 421.42 0.9962 1036.84 476.71 0.9826 1053.85 478.74 0.9965 1020.97 532.63 0.9735 1025.53 534.27 0.9910
103 1030.13 295.62 1213.28 566.60 0.9240 1125.41 324.49 0.7980 1126.36 318.93 0.0776 1122.55 318.15 0.8217 1113.60 318.49 0.0149 1110.90 316.43 0.9399 1109.88 341.77 0.9887 1091.63 337.91 0.9923 1152.02 352.09 0.9798 1087.51 340.90 0.9605 1189.39 353.95 0.9885 1108.93 323.38 0.9361 1101.19 422.61 0.9956 1100.41 422.07 0.9970 1100.19 482.77 0.9976 1120.56 481.28 0.9989 1049.69 525.48 0.9906 1118.54 545.32 0.9937
104 1106.68 237.47 1234.94 566.80 0.8811 1183.80 314.49 0.1686 1181.21 310.14 0.0156 1181.87 309.51 0.1708 1164.17 315.07 0.0281 1172.12 314.07 0.6982 1158.73 340.98 0.8363 1162.28 335.90 0.9889 1179.25 321.54 0.1866 1196.39 298.28 0.9773 1206.05 288.63 0.2792 1205.00 255.24 0.9445 1165.53 423.38 0.9862 1159.76 423.32 0.9952 1179.89 477.26 0.9938 1148.91 482.91 0.9976 1193.43 530.48 0.9971 1121.56 540.68 0.9976
105 1192.71 289.98 1303.50 565.50 0.9025 1246.18 317.94 0.9462 1246.03 312.13 0.2358 1241.93 311.83 0.9629 1230.45 313.48 0.0163 1226.35 313.55 0.9703 1215.87 341.50 0.9572 1223.30 343.20 0.9953 1233.02 384.10 0.5453 1253.84 374.82 0.9887 1255.08 413.56 0.6277 1284.83 396.19 0.9808 1214.17 421.05 0.9830 1222.49 422.47 0.9935 1219.55 477.70 0.9936 1246.57 478.00 0.9980 1205.94 535.36 0.9906 1224.19 537.15 0.9946
106 1218.26 297.44 1326.37 569.20 0.9123 1313.31 325.74 0.9690 1315.17 319.44 0.4980 1307.63 320.23 0.9762 1310.61 320.12 0.0192 1291.33 321.93 0.9615 1305.84 350.42 0.9355 1278.29 353.71 0.9931 1302.98 396.46 0.2878 1258.36 398.87 0.9855 1309.80 434.78 0.3221 1249.37 442.85 0.9809 1301.94 431.73 0.9813 1286.56 433.59 0.9932 1290.42 487.29 0.9890 1303.33 490.68 0.9980 1239.78 518.27 0.9831 1298.00 548.45 0.9924
107 1274.30 300.62 1417.94 573.84 0.9123 1364.86 330.77 0.9897 1368.76 324.89 0.8969 1358.67 324.99 0.9929 1371.11 325.76 0.1007 1344.32 325.31 0.9718 1368.76 353.47 0.9621 1325.64 349.07 0.9958 1362.01 392.85 0.2893 1297.16 386.55 0.9897 1362.42 430.06 0.2146 1285.49 423.30 0.9850 1358.86 438.31 0.9898 1327.31 437.21 0.9951 1371.50 492.07 0.9887 1318.39 493.67 0.9951 1387.17 545.99 0.9824 1297.98 547.83 0.9849
108 1346.56 300.86 1462.28 587.65 0.9148 1407.15 333.77 0.9920 1412.64 327.46 0.9803 1401.68 327.90 0.9862 1420.65 325.99 0.7025 1392.05 326.63 0.8511 1431.79 355.59 0.9960 1378.11 355.42 0.9945 1440.38 398.98 0.9838 1365.73 395.15 0.9809 1450.05 438.18 0.9819 1364.25 434.14 0.9852 1420.25 444.11 0.9968 1387.20 443.02 0.9957 1413.30 507.72 0.9967 1397.31 502.04 0.9959 1400.92 561.56 0.9861 1362.52 547.30 0.9843
109 1375.70 307.61 1522.85 621.83 0.9238 1442.34 341.10 0.9959 1448.33 334.58 0.9886 1436.39 334.44 0.9927 1456.13 334.44 0.7619 1426.19 334.06 0.8995 1471.20 365.66 0.9966 1410.78 366.77 0.9973 1488.22 405.98 0.9749 1392.92 405.46 0.9853 1504.20 421.67 0.9749 1384.63 437.68 0.9876 1455.13 460.15 0.9942 1417.67 460.26 0.9954 1436.15 525.90 0.9821 1423.76 525.66 0.9933 1415.52 568.53 0.9364 1428.02 588.21 0.9705
110 1409.44 308.82 1516.23 631.11 0.9187 1478.26 344.16 0.9913 1484.18 336.81 0.9789 1471.50 337.11 0.9906 1492.42 336.80 0.5805 1458.12 336.78 0.8902 1502.19 373.36 0.9915 1443.09 364.27 0.9958 1502.85 423.89 0.9094 1430.89 375.35 0.9745 1502.53 471.79 0.8998 1458.26 358.32 0.9664 1482.12 473.78 0.9954 1441.96 470.25 0.9956 1479.50 543.44 0.9945 1432.19 538.50 0.9934 1477.62 604.80 0.9879 1427.89 593.59 0.9844
111 1428.46 297.30 1560.92 661.56 0.9237 1518.75 352.29 0.9918 1524.59 344.28 0.9733 1511.28 345.26 0.9889 1533.36 342.75 0.6057 1497.03 343.76 0.8723 1545.39 384.60 0.9960 1483.53 367.82 0.9970 1546.88 433.18 0.9813 1473.13 327.31 0.9720 1541.17 481.70 0.9847 1496.43 299.50 0.9723 1520.88 489.34 0.9973 1481.13 483.48 0.9970 1505.25 566.80 0.9969 1478.98 555.27 0.9962 1477.29 625.81 0.9897 1448.63 612.07 0.9889
112 1476.17 315.10 1592.60 704.49 0.9112 1546.12 368.20 0.9919 1552.04 359.05 0.9753 1537.78 360.43 0.9889 1560.42 355.92 0.5586 1522.37 357.82 0.8623 1574.26 398.02 0.9942 1506.79 382.41 0.9972 1575.32 439.95 0.8997 1494.18 341.31 0.9840 1554.02 444.52 0.8346 1519.07 321.57 0.9733 1548.75 508.02 0.9944 1504.29 505.07 0.9963 1540.98 590.82 0.9874 1507.28 594.57 0.9963 1508.11 628.15 0.9543 1501.07 664.69 0.9745
113 1479.02 241.80 1625.08 730.04 0.9203 1589.60 376.76 0.9908 1596.22 368.07 0.9486 1581.59 367.74 0.9894 1603.09 367.37 0.2318 1561.56 364.68 0.9129 1608.13 416.93 0.9881 1539.64 395.07 0.9983 1596.78 466.24 0.4820 1538.94 336.79 0.9943 1590.43 503.39 0.2227 1566.68 273.02 0.9902 1577.62 531.97 0.9935 1527.51 526.19 0.9955 1577.27 615.67 0.9951 1512.57 608.62 0.9944 1573.62 695.52 0.9912 1503.53 672.87 0.9855
114 1502.77 331.14 1700.43 752.15 0.9329 1618.23 384.78 0.9963 1627.12 375.61 0.9938 1610.73 375.18 0.9897 1641.57 370.32 0.8996 1597.74 368.49 0.7990 1660.90 419.14 0.9983 1571.49 408.28 0.9985 1684.40 488.24 0.9072 1545.32 470.62 0.9910 1682.82 520.07 0.7323 1536.15 531.63 0.9867 1619.59 548.48 0.9978 1564.18 540.75 0.9974 1599.27 640.18 0.9970 1554.86 626.19 0.9976 1573.82 712.34 0.9838 1535.28 696.11 0.9851
115 1472.33 304.57 1714.49 778.38 0.9246 1570.63 401.71 0.9941 1579.01 392.11 0.9970 1564.21 392.81 0.8911 1603.38 383.28 0.9862 1561.49 386.20 0.0307 1633.25 415.14 0.9976 1561.82 421.30 0.9867 1671.90 387.70 0.9936 1562.16 452.50 0.9559 1690.90 342.13 0.9914 1543.74 475.67 0.9826 1608.24 564.25 0.9988 1554.35 560.43 0.9982 1590.93 652.68 0.9942 1536.08 658.00 0.9967 1573.85 714.56 0.9780 1524.26 744.47 0.9846
116 1457.83 338.27 1790.70 817.85 0.9216 1508.53 398.57 0.9807 1516.22 387.04 0.9910 1503.35 389.33 0.6581 1545.55 375.09 0.9822 1508.15 380.47 0.0177 1592.46 408.43 0.9879 1514.26 417.81 0.9599 1670.41 402.55 0.9869 1509.13 455.08 0.9547 1742.87 385.62 0.9852 1487.52 489.11 0.9736 1561.66 574.86 0.9891 1510.37 574.09 0.9882 1563.16 676.69 0.9849 1510.08 673.71 0.9868 1581.49 771.01 0.9654 1517.62 755.78 0.9812
117 1410.74 354.92 1744.25 856.71 0.9212 1453.80 420.48 0.9692 1460.32 407.33 0.9856 1449.30 410.35 0.4136 1492.55 394.78 0.9847 1459.52 401.71 0.0121 1544.13 435.87 0.9947 1475.94 440.55 0.8900 1617.72 457.07 0.9855 1478.33 477.29 0.2660 1693.32 468.39 0.9795 1461.52 503.98 0.2643 1504.17 600.88 0.9923 1463.92 595.48 0.9723 1469.39 701.73 0.9812 1447.19 684.13 0.9499 1469.51 816.91 0.9576 1504.51 740.19 0.9697
118 1222.70 354.86 1534.09 859.51 0.9147 1350.45 417.50 0.9599 1353.08 404.38 0.9749 1348.17 407.12 0.1367 1383.75 391.64 0.9739 1369.60 397.77 0.0039 1433.94 436.12 0.9959 1404.25 434.74 0.9261 1460.27 448.66 0.9718 1444.63 443.38 0.3843 1492.56 451.98 0.9643 1465.47 451.55 0.3878 1417.27 614.72 0.9962 1375.10 606.82 0.9868 1430.06 714.01 0.9920 1326.88 683.33 0.9784 1465.89 813.84 0.9739 1275.31 762.27 0.9796
119 1186.29 329.09 1334.89 823.50 0.9086 1221.06 383.81 0.8939 1224.62 372.88 0.9554 1220.30 374.50 0.0617 1252.80 368.69 0.9833 1246.60 371.59 0.0036 1286.41 421.75 0.9971 1269.09 419.23 0.8918 1289.76 510.29 0.9927 1266.46 511.41 0.0698 1264.89 585.11 0.9800 1240.42 584.73 0.0875 1266.65 582.75 0.9948 1252.61 577.23 0.9628 1230.02 673.91 0.9964 1231.00 667.88 0.9821 1302.90 763.43 0.9920 1238.90 761.90 0.9848
120 1013.16 326.68 1256.50 788.82 0.9286 1109.73 357.33 0.9229 1118.92 351.54 0.9632 1111.53 348.74 0.1097 1143.36 367.26 0.9841 1136.83 358.82 0.0165 1153.65 427.23 0.9977 1149.80 419.49 0.9682 1148.86 517.41 0.9970 1132.72 502.24 0.5880 1118.17 593.17 0.9955 1095.56 532.03 0.8091 1133.18 575.85 0.9975 1148.25 571.97 0.9897 1084.81 660.06 0.9982 1175.33 666.26 0.9942 1070.84 757.85 0.9866 1227.29 751.76 0.9771
121 919.68 317.90 1090.95 786.46 0.9035 1013.17 336.74 0.7498 1022.89 333.32 0.7751 1013.87 329.76 0.1597 1040.41 355.79 0.8810 1023.07 345.85 0.0370 1047.92 414.95 0.9958 1025.71 397.42 0.9581 1045.25 494.84 0.9950 1025.44 422.71 0.2215 1003.08 557.32 0.9886 1004.43 416.77 0.0921 1038.60 565.83 0.9976 1012.82 555.56 0.9894 1043.76 661.63 0.9946 986.16 635.21 0.9839 1069.71 754.02 0.9870 976.24 723.68 0.9863
122 814.70 313.03 1071.60 784.26 0.9224 936.19 340.77 0.8216 945.22 335.49 0.8024 934.20 333.64 0.4248 960.05 351.99 0.8885 933.11 347.87 0.3146 986.22 409.63 0.9982 905.42 407.67 0.9977 1018.41 478.90 0.9959 885.40 469.45 0.9906 1043.31 545.28 0.9900 851.39 521.17 0.9817 971.42 556.13 0.9992 915.67 555.53 0.9989 968.17 655.00 0.9986 913.55 650.50 0.9986 1006.59 734.80 0.9878 924.98 733.06 0.9893
123 714.96 303.33 1164.18 783.94 0.9060 930.45 342.97 0.5818 935.37 337.37 0.3204 924.95 337.87 0.2990 937.18 347.42 0.7428 922.25 346.80 0.6331 985.58 391.72 0.9932 887.77 395.03 0.9942 1063.45 381.99 0.9849 805.39 372.11 0.9775 1128.59 352.53 0.9673 748.47 333.14 0.9429 968.38 549.78 0.9912 904.96 549.32 0.9920 970.09 654.99 0.9891 914.52 649.99 0.9894 963.56 738.18 0.9783 922.22 729.06 0.9832
124 831.19 234.39 1060.83 788.99 0.9307 932.09 347.21 0.9801 939.51 337.21 0.9727 920.06 341.30 0.9836 952.54 345.81 0.7800 903.75 353.78 0.8687 983.27 388.71 0.9881 890.10 397.14 0.9820 1040.16 336.52 0.9810 851.91 348.11 0.9455 1049.12 272.50 0.9593 860.54 281.98 0.9129 975.04 556.40 0.9894 912.47 558.10 0.9896 974.62 660.83 0.9803 902.90 664.37 0.9829 968.14 741.30 0.9606 903.31 748.63 0.9697
125 813.73 308.57 1009.48 816.02 0.9369 900.89 382.68 0.9961 908.53 372.14 0.9927 890.65 373.77 0.9961 921.50 368.90 0.7971 873.95 373.42 0.9310 944.48 398.82 0.9975 858.67 404.86 0.9979 989.19 348.12 0.9731 829.79 359.90 0.9659 947.54 323.76 0.9766 865.06 333.26 0.9584 941.64 573.44 0.9980 879.19 577.95 0.9983 953.62 680.03 0.9944 885.29 690.09 0.9962 955.77 737.15 0.9844 898.54 766.83 0.9852
126 759.52 242.55 1036.25 875.99 0.9132 868.16 404.46 0.9840 877.94 391.52 0.9889 856.62 393.64 0.9756 895.16 382.02 0.9067 843.01 385.63 0.6053 928.43 419.02 0.9855 826.73 419.03 0.9829 983.22 366.86 0.9729 782.05 357.31 0.9763 1015.56 297.03 0.9594 771.40 282.93 0.9778 913.90 605.10 0.9919 852.10 605.09 0.9913 908.44 719.16 0.9895 876.33 711.29 0.9784 901.39 826.28 0.9746 895.04 774.17 0.9627
127 662.16 338.34 1085.23 914.93 0.9369 859.14 409.79 0.9905 870.72 395.79 0.9935 845.67 397.59 0.9816 893.29 388.00 0.9457 831.83 391.24 0.6699 937.66 458.47 0.9914 814.38 455.43 0.9881 992.72 533.58 0.9909 767.43 521.08 0.9891 1036.02 601.69 0.9854 708.49 580.49 0.9850 910.75 646.30 0.9919 831.33 643.58 0.9926 906.42 768.96 0.9811 828.44 764.17 0.9856 899.78 849.69 0.9593 843.14 854.59 0.9756
128 722.49 355.63 938.01 1043.85 0.9336 787.06 429.45 0.9903 798.47 411.16 0.9936 769.81 416.94 0.9807 824.11 407.09 0.9496 754.62 420.60 0.6744 880.75 489.91 0.9919 746.10 506.03 0.9779 916.62 589.62 0.9868 749.50 600.68 0.9463 876.76 684.70 0.9804 760.40 678.07 0.8890 863.87 700.61 0.9897 780.86 709.78 0.9857 883.33 825.48 0.9789 793.20 859.62 0.9805 900.79 865.01 0.9587 809.35 973.75 0.9588
129 509.33 366.82 950.78 1184.76 0.9535 743.35 456.28 0.9925 758.88 436.43 0.9948 724.09 439.84 0.9893 787.71 434.98 0.9488 704.48 442.63 0.7922 848.58 534.41 0.9935 684.31 539.77 0.9929 890.62 642.49 0.9922 628.72 646.43 0.9882 914.48 737.67 0.9912 558.04 734.61 0.9856 837.55 777.86 0.9954 739.82 777.84 0.9936 827.23 945.26 0.9911 780.22 922.24 0.9755 816.73 1094.59 0.9728 799.48 981.71 0.9713
130 624.42 369.01 933.86 1303.53 0.9341 697.91 479.42 0.9936 716.55 452.06 0.9980 674.25 460.85 0.9809 760.44 450.91 0.9847 657.33 470.65 0.4677 844.61 567.50 0.9973 652.28 579.91 0.9775 887.38 725.26 0.9904 672.78 705.25 0.7287 896.16 868.97 0.9817 697.98 820.32 0.3552 824.69 883.51 0.9962 700.50 886.15 0.9915 822.61 1066.67 0.9857 696.68 1073.53 0.9821 806.19 1155.38 0.9659 725.58 1186.34 0.9764
131 490.32 404.48 885.74 1491.41 0.9433 593.03 563.87 0.9961 617.33 526.48 0.9989 561.98 537.63 0.9801 677.42 512.02 0.9911 542.33 539.11 0.2760 784.06 652.44 0.9970 544.22 679.66 0.9860 834.47 858.30 0.9918 541.01 854.38 0.9875 850.93 1051.21 0.9890 538.20 1018.67 0.9844 760.79 1028.41 0.9941 615.09 1046.60 0.9919 794.61 1217.75 0.9812 652.23 1290.87 0.9880 827.83 1226.54 0.9323 689.46 1435.55 0.9235
132 1.04 475.22 921.45 1494.69 0.9550 539.81 716.31 0.9969 573.81 669.53 0.9993 501.07 676.65 0.9727 658.11 629.39 0.9891 467.03 647.48 0.1496 776.63 788.26 0.9956 425.00 813.73 0.9981 830.14 937.03 0.9953 294.73 1053.98 0.9959 874.75 1067.65 0.9870 115.96 1332.82 0.9646 747.74 1261.60 0.9720 551.39 1267.06 0.9858 754.24 1473.76 0.3252 613.20 1422.24 0.7632 732.53 1489.83 0.0499 654.68 1459.41 0.4580
133 69.95 605.73 1000.88 1488.31 0.9559 208.86 1051.28 0.9862 257.36 979.86 0.9983 169.17 980.67 0.4939 460.42 865.35 0.9986 187.26 877.04 0.0011 780.09 1058.76 0.9988 320.45 1018.43 0.9910 902.67 1369.52 0.8511 317.64 1244.86 0.9757 864.38 1481.22 0.0033 247.68 1447.19 0.2686 719.09 1500.00 0.0131 434.27 1479.72 0.0399 674.48 1470.96 0.0006 338.08 1489.37 0.0019 627.86 1500.00 0.0003 406.30 1500.00 0.0009
139 0.00 721.09 162.80 1483.76 0.4694 15.29 951.13 0.0127 14.11 926.29 0.0018 10.34 925.43 0.0087 6.83 935.25 0.0013 0.00 934.59 0.0200 15.63 1084.24 0.0109 3.77 1085.70 0.1307 62.90 1326.38 0.0195 69.92 1350.38 0.3035 57.05 1379.23 0.0312 69.75 1364.10 0.1499 22.67 1359.42 0.0146 24.32 1360.23 0.0702 103.23 1311.67 0.1266 119.06 1311.24 0.4887 48.25 1452.39 0.0242 55.54 1453.47 0.0998
140 72.53 398.60 605.69 1490.01 0.9494 370.92 513.15 0.3309 341.50 493.78 0.0137 357.62 496.55 0.4999 223.23 529.31 0.0867 305.05 545.83 0.9825 133.10 688.94 0.9552 341.71 754.84 0.9982 178.21 845.68 0.0661 428.66 1018.46 0.9895 316.25 920.23 0.0479 539.46 1163.28 0.9881 200.28 1116.74 0.9784 358.76 1137.45 0.9938 339.35 1280.66 0.9700 519.74 1229.63 0.9901 350.89 1489.65 0.7453 520.19 1461.61 0.8448
141 417.47 403.67 812.75 1448.03 0.9150 683.00 511.56 0.1119 659.86 492.66 0.0087 678.73 498.62 0.1966 573.30 505.51 0.1687 650.89 522.95 0.9796 511.39 606.29 0.9972 670.35 664.47 0.9930 493.96 728.86 0.9613 684.21 879.85 0.9702 597.12 740.63 0.2796 737.79 1029.49 0.9419 549.64 934.74 0.9933 658.62 955.84 0.9912 574.53 1084.10 0.9911 733.15 1054.42 0.9907 470.54 1289.16 0.9821 720.52 1222.58 0.9874
142 610.21 376.24 978.37 1252.42 0.9471 874.28 462.92 0.8652 863.51 446.16 0.0749 864.98 450.46 0.9259 792.12 455.88 0.0267 822.03 467.60 0.9897 699.73 548.17 0.9950 841.42 576.14 0.9965 665.49 700.50 0.9856 918.28 701.07 0.9857 638.13 819.36 0.9775 956.64 678.42 0.9849 737.63 814.53 0.9941 823.02 839.95 0.9952 821.39 925.96 0.9903 779.32 1026.44 0.9941 849.91 1016.78 0.9937 725.29 1201.45 0.9881
143 816.29 357.51 1068.88 1068.65 0.9297 1004.87 441.07 0.8257 997.00 423.81 0.1075 998.81 428.16 0.9144 939.47 421.78 0.0355 962.23 431.69 0.9883 860.64 488.36 0.9834 956.78 531.40 0.9924 834.06 570.42 0.7908 956.43 678.89 0.9661 899.03 621.16 0.1956 986.25 789.57 0.9651 861.67 726.33 0.9840 936.95 742.79 0.9890 885.16 862.43 0.9869 1002.79 851.22 0.9902 879.61 1013.10 0.9858 985.94 1006.78 0.9863
144 901.61 359.97 1177.56 988.41 0.9227 1139.82 434.99 0.0714 1131.83 417.18 0.0119 1144.19 425.15 0.0798 1082.53 411.19 0.4617 1138.79 424.92 0.9530 1020.10 471.44 0.9948 1113.99 508.17 0.9953 995.32 575.47 0.9464 1110.82 633.10 0.9738 1024.04 654.21 0.7350 1137.90 735.74 0.9651 1017.12 683.34 0.9918 1086.66 702.89 0.9914 1027.33 795.81 0.9926 1122.39 805.24 0.9916 955.08 907.99 0.9900 1110.35 934.29 0.9873
145 1011.07 356.78 1310.74 965.17 0.9412 1200.25 413.95 0.0848 1194.89 401.38 0.0292 1201.61 405.69 0.0909 1155.40 401.73 0.7150 1203.23 408.44 0.9460 1103.02 466.20 0.9941 1210.11 481.24 0.9957 1067.15 561.30 0.9797 1259.06 566.21 0.9798 1036.33 651.84 0.9728 1291.31 590.63 0.9686 1106.83 652.16 0.9933 1174.94 662.64 0.9947 1149.46 756.30 0.9897 1151.65 794.83 0.9946 1162.86 831.21 0.9878 1116.43 925.02 0.9902
146 1098.68 335.67 1273.57 861.33 0.9366 1224.53 385.09 0.0337 1222.95 375.09 0.0093 1232.91 377.92 0.0228 1195.02 375.32 0.9225 1244.66 384.79 0.9223 1146.03 430.25 0.9988 1242.74 449.69 0.9976 1113.49 507.08 0.9737 1237.59 543.93 0.9906 1122.75 537.43 0.8903 1244.85 622.70 0.9795 1153.58 600.59 0.9987 1214.10 607.36 0.9973 1159.11 710.98 0.9982 1230.50 694.68 0.9966 1164.54 822.75 0.9852 1236.69 786.16 0.9826
147 1047.36 329.06 1425.45 787.00 0.9406 1211.80 371.49 0.0925 1212.95 363.70 0.1237 1219.95 364.41 0.0152 1214.55 365.50 0.9813 1253.78 366.42 0.7545 1193.48 416.35 0.9995 1282.89 419.03 0.9990 1138.17 480.01 0.9949 1341.56 478.53 0.9825 1082.70 530.37 0.9753 1397.74 523.20 0.9486 1206.88 565.66 0.9993 1262.96 567.10 0.9988 1187.00 650.12 0.9977 1256.46 655.15 0.9963 1185.61 745.50 0.9855 1250.03 748.49 0.9813
148 1094.63 237.02 1268.74 769.09 0.9207 1164.75 366.23 0.8230 1167.12 355.43 0.8552 1167.59 356.45 0.0430 1186.34 353.53 0.9638 1206.17 353.30 0.0147 1186.26 401.87 0.9978 1243.65 386.78 0.9981 1143.49 405.09 0.9936 1246.56 325.47 0.9842 1110.05 376.45 0.9876 1230.95 270.53 0.9736 1181.87 539.93 0.9975 1232.67 537.02 0.9980 1162.37 618.76 0.9966 1232.12 627.64 0.9982 1162.95 706.68 0.9891 1247.49 720.76 0.9946
149 1078.54 308.60 1202.83 727.25 0.8952 1090.89 363.74 0.8487 1092.40 354.38 0.8815 1090.15 355.25 0.0654 1109.39 348.96 0.9753 1110.64 349.28 0.0154 1128.04 400.14 0.9985 1135.70 377.34 0.9946 1160.63 459.39 0.9872 1149.88 350.59 0.8896 1178.89 511.51 0.9670 1149.31 326.78 0.8532 1134.18 519.24 0.9931 1130.24 509.36 0.9866 1132.17 602.69 0.9906 1111.42 583.92 0.9815 1157.51 688.28 0.9709 1116.54 660.89 0.9687
150 1000.20 308.95 1117.52 696.74 0.9025 1015.41 359.88 0.9060 1017.05 350.40 0.9495 1013.17 352.14 0.0728 1036.74 341.58 0.9863 1034.45 344.02 0.0050 1063.41 384.51 0.9988 1060.90 366.89 0.9826 1085.86 444.62 0.9968 1073.09 361.01 0.4385 1099.76 500.14 0.9938 1062.75 342.07 0.4122 1062.22 504.58 0.9976 1060.56 498.14 0.9912 1023.27 579.48 0.9966 1051.85 576.36 0.9907 1082.97 643.04 0.9846 1061.83 655.14 0.9796
151 886.47 317.73 1065.62 680.92 0.9265 941.00 358.26 0.7677 941.14 348.72 0.8518 940.86 349.83 0.0545 956.88 341.50 0.9655 972.70 342.89 0.0228 976.10 374.01 0.9971 1005.56 373.33 0.9817 966.44 429.06 0.9798 999.88 418.28 0.2057 954.16 411.45 0.8998 963.41 397.34 0.0962 970.35 495.22 0.9972 1001.90 493.23 0.9945 938.99 568.26 0.9968 1002.32 572.74 0.9957 933.67 649.52 0.9880 1044.54 647.40 0.9909
152 777.73 312.29 1021.14 669.96 0.9342 874.66 342.97 0.0920 874.44 336.72 0.1308 879.17 336.20 0.0099 879.60 336.96 0.9643 908.24 335.82 0.4415 874.97 365.60 0.9987 937.51 370.51 0.9979 836.27 371.43 0.9926 971.19 415.43 0.9831 799.22 359.64 0.9689 1001.28 445.43 0.9598 892.88 484.27 0.9983 926.68 482.26 0.9974 904.46 560.95 0.9969 900.29 544.97 0.9927 929.93 640.38 0.9898 884.39 605.11 0.9867
153 767.88 299.59 930.83 637.62 0.9155 841.86 326.65 0.0852 842.65 321.16 0.1502 848.10 321.00 0.0151 846.65 324.29 0.9704 873.16 323.43 0.4818 834.79 360.39 0.9974 894.63 362.55 0.9961 819.38 408.97 0.9910 910.53 417.18 0.9607 791.28 450.03 0.9843 920.27 462.26 0.9325 842.83 465.45 0.9988 881.53 467.35 0.9982 825.70 523.54 0.9973 869.67 537.66 0.9958 840.28 589.07 0.9894 864.21 607.74 0.9848
154 758.00 296.55 875.85 621.37 0.9159 810.61 325.92 0.0359 809.73 320.27 0.0411 815.54 320.67 0.0149 806.81 324.16 0.9064 834.23 324.40 0.6790 795.55 364.70 0.9954 852.47 362.99 0.9961 784.36 415.71 0.9728 862.11 407.65 0.9125 772.11 455.79 0.9250 843.19 426.74 0.6774 802.10 455.91 0.9973 838.46 454.57 0.9971 803.84 517.83 0.9954 842.94 518.21 0.9942 811.56 578.18 0.9880 856.21 574.73 0.9863
155 739.01 293.20 842.65 599.14 0.6494 792.30 320.72 0.0159 790.66 315.89 0.0166 796.51 315.74 0.0078 784.64 319.33 0.8590 813.10 319.16 0.6819 774.88 355.18 0.9958 828.01 354.39 0.9929 764.55 399.36 0.9698 834.39 388.07 0.6892 750.32 431.46 0.8996 813.67 394.29 0.2663 784.96 443.59 0.9961 817.47 442.89 0.9922 794.29 507.41 0.9930 811.18 502.23 0.9729 808.84 570.75 0.9832 812.07 558.96 0.9564
156 754.92 285.78 823.35 583.52 0.8791 772.43 308.58 0.0497 772.39 303.71 0.0633 776.97 303.30 0.0099 775.05 308.73 0.8798 798.64 307.03 0.3006 779.60 344.35 0.9923 809.40 340.62 0.9637 782.00 392.86 0.9673 812.27 386.77 0.2411 770.82 435.23 0.9414 792.92 421.68 0.1723 790.40 431.01 0.9904 810.73 428.84 0.9749 777.31 491.98 0.9922 798.58 489.16 0.9747 797.22 551.05 0.9806 802.05 547.69 0.9615
157 737.42 284.94 821.46 572.32 0.8879 771.11 309.10 0.0225 769.66 304.31 0.0256 774.08 303.61 0.0096 767.90 308.80 0.8407 793.36 307.05 0.6259 768.28 342.17 0.9944 809.09 339.35 0.9840 761.19 386.86 0.9267 802.86 375.51 0.2474 743.44 380.96 0.7327 768.78 374.87 0.0708 778.12 426.88 0.9911 807.31 425.20 0.9842 770.37 486.66 0.9936 802.11 487.35 0.9877 774.73 547.70 0.9887 799.49 546.03 0.9839
158 699.00 288.10 811.09 569.16 0.9085 747.00 314.90 0.0376 745.69 309.74 0.0427 750.98 309.00 0.0096 746.10 313.14 0.8507 773.19 310.63 0.4702 752.47 344.24 0.9957 787.14 341.21 0.9828 746.41 385.54 0.9751 774.27 375.48 0.4545 723.03 374.06 0.9334 735.38 369.47 0.2952 758.69 428.54 0.9942 786.53 426.65 0.9903 751.58 483.25 0.9941 788.96 484.79 0.9931 751.79 536.10 0.9868 796.70 542.18 0.9871
159 689.83 283.88 776.73 555.61 0.8942 714.38 308.51 0.0951 713.65 303.53 0.1388 717.54 302.38 0.0112 717.57 305.96 0.9169 741.41 302.90 0.1861 730.70 335.11 0.9961 755.91 331.74 0.9761 732.26 377.19 0.9857 750.54 369.91 0.3698 703.85 370.33 0.9683 716.66 377.34 0.2919 738.26 414.39 0.9933 759.07 411.38 0.9838 737.72 475.60 0.9942 757.37 468.33 0.9864 750.47 533.27 0.9873 765.34 520.92 0.9829
160 693.31 288.91 764.77 552.88 0.4800 696.09 314.34 0.3082 698.11 308.33 0.2695 694.62 308.31 0.0408 707.48 307.26 0.6022 704.20 307.39 0.0320 727.17 330.24 0.9813 717.76 333.65 0.6921 746.09 365.52 0.9430 725.39 377.17 0.0760 729.04 365.38 0.8702 717.22 403.92 0.1005 740.28 406.67 0.9702 735.57 406.73 0.8675 736.91 468.16 0.9738 736.65 466.44 0.8600 746.80 524.60 0.9426 745.86 520.63 0.8202
161 670.85 290.13 756.78 536.56 0.5021 687.30 309.81 0.5097 691.20 303.99 0.4743 684.26 304.61 0.1883 701.96 304.52 0.5906 684.85 306.60 0.0739 719.49 326.64 0.9735 690.14 331.29 0.8708 737.45 356.87 0.9123 689.71 360.37 0.1849 714.76 357.63 0.8418 700.24 365.48 0.1424 731.65 398.16 0.9639 709.20 400.71 0.9232 735.49 454.88 0.9418 712.78 458.17 0.8720 743.16 510.23 0.8977 724.20 511.18 0.8452
162 658.94 292.01 746.69 531.68 0.8556 670.40 317.98 0.5680 672.59 312.01 0.6128 668.48 313.12 0.1310 682.48 308.49 0.8040 672.20 312.00 0.0352 703.53 327.70 0.9899 676.38 332.94 0.9460 722.50 353.59 0.9742 678.70 366.39 0.3621 720.89 357.63 0.9528 678.65 391.61 0.2478 709.19 401.65 0.9955 688.38 403.15 0.9917 710.50 454.53 0.9912 691.06 457.53 0.9881 734.49 500.22 0.9811 696.95 509.39 0.9812
163 651.88 294.34 721.14 527.53 0.6235 658.38 315.77 0.0809 658.28 310.69 0.0498 660.29 310.11 0.0095 662.21 309.89 0.5670 678.05 307.66 0.1252 667.35 331.30 0.9851 696.66 328.98 0.9336 668.94 371.37 0.9110 708.49 367.53 0.3664 667.96 403.29 0.7650 707.58 402.65 0.2641 684.70 400.59 0.9786 700.91 399.08 0.9507 683.29 454.46 0.9722 689.86 453.26 0.9154 695.02 503.57 0.9330 698.96 501.80 0.8547
164 640.14 287.39 727.91 514.44 0.8086 671.43 305.49 0.0215 670.38 301.23 0.0163 674.47 300.84 0.0084 668.76 301.88 0.6352 687.58 300.89 0.4510 663.30 325.50 0.9875 702.44 325.79 0.9897 656.40 363.27 0.9636 712.11 364.09 0.9645 647.20 390.80 0.9058 719.71 398.61 0.9146 675.59 391.23 0.9902 698.98 391.49 0.9914 676.86 443.54 0.9735 692.82 445.52 0.9781 682.61 488.51 0.9307 689.84 491.95 0.9424
165 636.11 283.79 724.32 505.41 0.7528 672.09 303.96 0.2856 674.42 299.21 0.1090 669.54 299.37 0.1188 678.49 300.36 0.3138 666.62 300.98 0.3464 691.53 325.74 0.9801 658.98 327.26 0.9825 706.72 361.15 0.9403 649.55 362.36 0.9549 716.03 392.56 0.8910 647.48 395.96 0.9240 692.25 389.14 0.9617 671.31 389.62 0.9640 693.87 437.24 0.9609 674.93 437.98 0.9624 689.93 478.91 0.8727 686.54 479.19 0.8676
166 636.27 283.51 717.73 494.58 0.7522 681.28 301.84 0.5174 684.56 297.17 0.3106 677.95 297.38 0.3881 689.28 298.92 0.3338 671.37 299.16 0.5061 696.12 325.12 0.9826 659.16 323.85 0.9817 703.85 358.47 0.9540 645.70 353.73 0.8853 708.46 388.17 0.9109 645.20 382.37 0.7738 691.62 384.32 0.9690 667.19 384.24 0.9639 695.61 429.40 0.9274 673.49 430.32 0.9145 693.21 471.04 0.8350 678.93 471.11 0.8158
167 652.98 280.31 730.99 481.89 0.3426 682.80 299.01 0.2444 684.99 294.76 0.0798 681.85 294.64 0.0566 687.47 295.66 0.3667 684.08 295.42 0.2262 694.03 319.44 0.9731 685.40 319.97 0.9675 707.58 350.69 0.8419 685.40 349.40 0.8068 713.54 375.95 0.6279 683.24 376.59 0.6288 694.66 376.68 0.9182 689.63 375.91 0.9197 694.75 420.79 0.9236 685.10 421.01 0.9232 698.56 461.27 0.7826 686.01 459.63 0.7782
168 650.21 282.54 714.09 470.27 0.3414 674.30 297.16 0.1245 674.93 293.54 0.1025 674.92 293.35 0.0426 676.07 295.32 0.5413 681.83 294.73 0.1838 675.73 317.79 0.9879 687.65 316.65 0.9608 667.31 347.09 0.8520 683.47 343.42 0.4753 659.68 371.77 0.5757 670.24 367.66 0.2644 681.91 369.87 0.9733 689.66 369.15 0.9533 682.87 410.36 0.8778 684.84 409.62 0.7980 689.42 445.63 0.7235 685.46 444.88 0.6171
169 643.21 284.12 711.54 464.55 0.3154 673.63 299.38 0.1561 674.86 295.80 0.1409 674.47 295.58 0.0421 678.29 296.38 0.4556 682.04 295.90 0.0947 679.79 316.20 0.9757 686.76 315.14 0.8895 667.33 341.69 0.7832 678.16 339.56 0.2446 652.31 352.11 0.4428 663.08 352.33 0.1361 681.92 365.71 0.9386 685.87 364.69 0.8827 680.87 404.81 0.7717 677.99 403.66 0.6235 686.71 439.63 0.6862 675.86 439.19 0.5581
