36 1928.70 481.91 2048.00 1102.77 0.8789 1991.35 546.51 0.9409 1998.55 532.24 0.9814 1987.45 534.45 0.3208 2031.40 527.11 0.8763 2006.97 530.14 0.0037 2040.54 597.57 0.7106 2038.86 595.34 0.1840 2011.98 683.93 0.8790 2018.58 680.43 0.0638 1957.74 698.85 0.9242 1975.24 695.09 0.2230 2041.17 782.49 0.5094 2036.91 777.76 0.1895 2008.23 900.63 0.6794 2016.59 897.77 0.2287 2041.78 1032.06 0.3882 2042.25 1023.65 0.1441
37 1859.55 485.07 2048.00 1102.24 0.9400 1944.08 547.58 0.0060 1939.92 537.14 0.0229 1953.77 536.66 0.0022 1932.00 537.16 0.9740 2002.40 533.46 0.8253 1911.75 597.66 0.9986 2040.71 591.54 0.8847 1882.71 689.42 0.9601 2048.00 678.52 0.0269 1922.86 698.80 0.4047 2013.09 712.35 0.0120 1942.35 795.57 0.9918 2023.73 794.73 0.9180 1910.88 902.40 0.9920 1981.87 914.24 0.8891 1950.59 1042.36 0.9916 1976.68 1063.37 0.9301
38 1831.52 488.01 2047.07 1124.89 0.9456 1963.51 534.99 0.0405 1954.18 525.68 0.0381 1966.13 522.09 0.1129 1902.92 531.52 0.7430 1966.62 522.36 0.9682 1864.98 601.31 0.9914 2020.42 578.05 0.9480 1873.09 687.22 0.7187 2048.00 653.06 0.2185 1923.81 714.54 0.1366 2027.33 708.07 0.0540 1908.28 794.72 0.9929 2007.85 785.06 0.9766 1915.43 922.58 0.9815 2020.08 926.85 0.9103 1930.81 1069.66 0.9630 2034.80 1076.80 0.8663
39 1851.35 487.86 2046.74 1121.55 0.7164 2036.82 546.49 0.0420 2026.56 532.27 0.0263 2040.66 532.70 0.0949 1970.91 526.97 0.3443 2029.87 525.24 0.8911 1903.62 595.58 0.9914 2046.00 585.55 0.4681 1876.59 702.19 0.9479 2048.00 691.31 0.0359 1927.46 724.31 0.4544 2031.82 739.78 0.0354 1932.77 805.25 0.9804 2029.20 803.05 0.6320 1932.50 928.72 0.9755 2047.73 931.75 0.3576 1933.67 1066.04 0.8864 2042.85 1071.45 0.1904
40 1860.35 488.66 2047.97 1119.43 0.9376 2020.59 553.75 0.0077 2018.77 542.10 0.0109 2030.56 543.56 0.0028 1996.82 534.42 0.7908 2048.00 537.11 0.2519 1937.54 595.38 0.9879 2048.00 597.77 0.0365 1888.37 697.16 0.9913 2045.47 704.26 0.0020 1893.51 785.21 0.9802 2031.59 783.78 0.0216 1957.35 806.11 0.9834 2040.84 809.70 0.4112 1949.04 929.43 0.9901 2048.00 934.54 0.2666 1941.13 1062.15 0.9414 2042.38 1059.43 0.1411
41 1855.35 491.36 2047.95 1115.33 0.9329 2021.25 557.51 0.0195 2019.83 545.52 0.0341 2030.46 547.58 0.0029 2002.90 536.78 0.8483 2048.00 539.24 0.1472 1950.91 599.11 0.9912 2048.00 602.22 0.0517 1915.15 699.45 0.9894 2046.83 705.49 0.0032 1925.99 782.51 0.9432 2023.29 777.18 0.0167 1962.78 805.27 0.9810 2042.55 808.99 0.3502 1946.14 920.50 0.9866 2046.94 927.47 0.1476 1936.89 1052.79 0.9401 2037.00 1053.28 0.0893
42 1859.75 502.07 2048.00 1101.49 0.9360 1985.06 563.85 0.0055 1983.64 552.93 0.0168 1998.31 555.08 0.0010 1977.80 550.19 0.9460 2042.21 552.72 0.3263 1940.61 607.97 0.9945 2048.00 610.37 0.1104 1908.66 702.46 0.9883 2045.82 703.33 0.0021 1882.58 777.94 0.9674 2015.04 764.77 0.0185 1961.86 801.52 0.9860 2043.11 805.57 0.5156 1945.92 913.15 0.9881 2046.35 930.59 0.3418 1938.39 1025.31 0.9147 2038.32 1047.55 0.1220
43 1680.78 502.53 2047.11 1070.48 0.9505 1903.41 553.13 0.0951 1906.02 541.31 0.1542 1912.71 543.39 0.0205 1909.99 544.59 0.9561 1959.67 544.54 0.4665 1883.43 597.71 0.9943 2000.31 600.53 0.9649 1797.51 585.62 0.9863 2048.00 582.88 0.2812 1722.16 568.04 0.9875 2038.45 567.46 0.1873 1903.50 788.12 0.9947 1978.65 785.60 0.9835 1912.90 901.30 0.9923 1977.38 895.08 0.9739 1941.55 1029.20 0.9670 2028.87 1003.10 0.9530
45 1633.60 483.32 1895.91 1023.17 0.8275 1730.06 571.81 0.9880 1740.81 563.62 0.9936 1728.68 562.82 0.3537 1767.29 572.58 0.9841 1741.09 570.20 0.0026 1778.04 613.55 0.9972 1748.29 614.15 0.9866 1820.27 574.83 0.9972 1718.79 562.48 0.9435 1849.53 530.37 0.9973 1704.60 516.59 0.9775 1762.98 762.87 0.9989 1762.37 764.26 0.9984 1716.13 865.69 0.9992 1784.51 874.84 0.9988 1700.41 983.33 0.9945 1821.31 985.31 0.9949
46 1562.39 550.42 1756.93 1009.25 0.9167 1614.17 582.57 0.9649 1623.96 575.31 0.9763 1613.22 574.88 0.3974 1650.76 582.86 0.9653 1621.88 582.34 0.0112 1666.01 624.16 0.9968 1627.72 636.72 0.9221 1705.63 614.73 0.9920 1628.55 704.91 0.2055 1724.64 600.67 0.9809 1619.50 763.40 0.2339 1649.76 765.73 0.9972 1622.82 765.10 0.9842 1632.59 872.07 0.9993 1621.30 871.05 0.9927 1624.33 976.93 0.9982 1697.23 936.74 0.9930
47 1394.38 571.33 1642.10 1008.78 0.9373 1471.21 610.68 0.9657 1477.46 601.74 0.9865 1467.72 603.26 0.4205 1504.79 599.72 0.9803 1480.07 604.06 0.0078 1535.42 642.26 0.9970 1501.19 648.03 0.9432 1562.47 713.31 0.9959 1508.45 725.27 0.2646 1556.73 780.07 0.9934 1492.87 783.93 0.2399 1530.13 792.23 0.9984 1496.02 788.95 0.9935 1558.38 885.43 0.9976 1464.59 871.57 0.9926 1614.47 977.41 0.9936 1452.24 964.21 0.9913
48 1297.03 565.86 1471.01 994.30 0.9264 1357.85 609.67 0.9668 1364.68 600.24 0.9851 1354.95 601.38 0.3096 1392.93 596.34 0.9844 1367.73 599.07 0.0050 1424.18 636.33 0.9970 1386.79 640.18 0.9240 1449.53 708.13 0.9943 1396.44 712.60 0.1607 1451.59 771.43 0.9896 1387.62 769.11 0.1751 1410.04 772.52 0.9980 1394.24 772.53 0.9907 1368.17 861.05 0.9987 1418.64 868.87 0.9946 1354.81 961.98 0.9928 1449.88 961.75 0.9858
49 1231.67 551.68 1364.10 990.42 0.8763 1252.78 612.83 0.9512 1257.60 602.22 0.9691 1249.48 604.47 0.1698 1283.79 595.80 0.9715 1263.49 601.69 0.0024 1306.06 634.90 0.9970 1285.61 645.87 0.9009 1324.99 606.74 0.9877 1295.42 686.73 0.0654 1337.08 592.53 0.9830 1286.78 730.36 0.0928 1297.01 772.08 0.9973 1277.22 769.24 0.9809 1274.51 863.25 0.9992 1259.62 854.72 0.9917 1279.54 962.21 0.9970 1323.08 919.75 0.9906
50 1062.35 460.55 1288.86 992.11 0.9213 1140.73 611.27 0.8153 1145.61 604.60 0.7779 1137.64 605.31 0.1288 1168.06 604.29 0.7648 1143.96 606.79 0.0072 1188.51 630.74 0.9932 1160.66 641.59 0.8638 1179.89 559.69 0.9947 1154.50 618.27 0.2316 1169.08 500.80 0.9880 1146.54 577.62 0.2717 1181.86 772.70 0.9984 1148.27 770.70 0.9928 1194.15 860.02 0.9981 1124.90 855.74 0.9942 1268.05 946.02 0.9902 1117.68 947.44 0.9843
51 942.60 508.85 1130.45 983.19 0.9251 1030.05 614.86 0.8403 1033.08 605.28 0.8416 1027.13 606.64 0.0554 1054.80 598.21 0.8323 1045.38 600.78 0.0030 1078.08 630.49 0.9906 1071.04 635.10 0.8513 1070.27 595.94 0.9901 1066.05 621.69 0.1566 1049.09 548.71 0.9813 1040.48 584.53 0.1772 1067.79 763.61 0.9983 1072.05 761.25 0.9937 1025.30 853.21 0.9986 1080.98 858.46 0.9962 1000.67 949.25 0.9913 1110.91 948.68 0.9873
52 891.64 541.69 1000.15 984.15 0.8914 915.95 599.12 0.5866 919.70 589.87 0.6062 916.59 591.65 0.0253 942.17 590.78 0.7861 936.75 594.64 0.0036 966.33 623.48 0.9938 953.29 631.55 0.8620 952.28 585.68 0.9842 949.37 608.13 0.0638 950.41 558.84 0.9658 948.02 585.04 0.0778 952.04 751.71 0.9961 935.74 749.53 0.9725 935.12 850.79 0.9988 907.07 843.13 0.9849 948.08 949.56 0.9980 965.36 920.16 0.9910
53 742.56 575.66 947.20 985.97 0.9189 803.95 616.63 0.8753 808.44 608.01 0.8759 801.73 609.27 0.1375 831.06 605.27 0.8743 815.59 608.76 0.0080 851.61 638.80 0.9954 835.17 645.89 0.9192 852.13 651.41 0.9922 826.81 706.68 0.3704 838.00 618.68 0.9778 806.41 735.44 0.4247 838.87 769.94 0.9988 819.55 766.87 0.9951 842.41 859.19 0.9989 794.32 854.69 0.9972 920.06 934.68 0.9955 795.74 946.91 0.9926
54 580.77 489.21 826.49 976.72 0.9327 702.43 620.51 0.9428 704.24 610.47 0.9623 700.02 612.19 0.0446 724.51 601.27 0.9913 721.53 603.79 0.0019 754.59 637.79 0.9994 746.23 620.01 0.9957 791.47 697.23 0.9987 731.85 559.85 0.9283 811.33 757.15 0.9977 709.74 518.19 0.9471 746.32 765.50 0.9989 754.61 762.42 0.9977 687.01 843.33 0.9987 765.03 856.01 0.9977 647.06 935.32 0.9928 791.16 945.58 0.9920
55 495.15 565.53 745.17 983.87 0.9258 561.85 622.49 0.5074 562.42 613.39 0.4947 561.06 613.18 0.0156 580.82 604.67 0.8979 590.10 602.34 0.0140 610.76 641.75 0.9935 618.42 630.58 0.9245 636.55 705.78 0.9832 625.74 684.47 0.1063 643.66 769.48 0.9704 604.69 722.57 0.1082 605.26 769.46 0.9975 627.19 763.45 0.9913 555.57 850.63 0.9981 644.06 846.77 0.9921 552.31 951.70 0.9916 713.18 910.72 0.9874
56 365.22 564.86 631.80 980.85 0.9312 478.76 606.75 0.1475 476.88 599.11 0.1620 482.00 598.31 0.0122 488.58 593.93 0.8919 519.16 591.54 0.2883 499.98 621.01 0.9977 560.48 626.45 0.9949 454.46 626.24 0.9924 593.06 682.12 0.9886 398.94 611.29 0.9681 615.29 736.55 0.9844 521.59 758.91 0.9981 552.52 754.51 0.9969 532.41 857.89 0.9982 515.20 833.10 0.9963 552.68 954.73 0.9939 494.69 901.22 0.9935
57 319.29 489.38 559.03 981.34 0.9195 443.75 622.76 0.0560 441.61 616.05 0.0248 450.03 619.22 0.0097 441.37 609.96 0.6015 469.61 618.89 0.3565 433.01 613.78 0.9975 480.66 649.88 0.9904 380.36 568.04 0.9983 492.52 709.05 0.9963 343.14 523.41 0.9855 479.97 757.64 0.9930 433.45 752.31 0.9977 450.65 761.06 0.9948 471.31 852.11 0.9988 414.31 849.36 0.9979 530.45 937.96 0.9918 394.92 940.08 0.9881
58 196.13 570.35 485.31 967.87 0.9343 356.05 603.22 0.0924 357.75 596.25 0.0962 365.08 598.44 0.0102 361.96 595.39 0.9417 397.30 600.77 0.4823 344.92 620.52 0.9987 421.81 643.53 0.9978 291.95 648.72 0.9930 450.67 700.75 0.9827 231.86 673.33 0.9845 470.98 738.48 0.9710 351.25 747.77 0.9990 403.90 755.98 0.9986 321.55 835.34 0.9981 393.73 844.25 0.9976 328.49 928.12 0.9867 398.05 935.15 0.9872
59 199.75 513.82 383.54 958.05 0.9180 261.70 599.05 0.0557 261.58 590.83 0.0677 269.66 592.75 0.0044 266.38 593.88 0.9546 300.92 596.51 0.2333 263.87 639.32 0.9959 319.52 629.03 0.9992 260.04 704.40 0.9864 327.94 584.52 0.9900 242.66 763.14 0.9754 317.70 536.56 0.9667 267.25 756.30 0.9978 310.24 754.96 0.9988 245.67 844.39 0.9976 311.80 839.41 0.9979 253.98 929.87 0.9868 355.56 899.55 0.9915
60 79.85 561.13 273.88 957.40 0.9207 177.87 599.06 0.0765 180.75 591.77 0.0669 187.70 593.57 0.0065 188.65 598.73 0.8676 220.11 600.05 0.1360 174.33 641.77 0.9955 234.29 630.52 0.9939 141.40 699.26 0.9947 240.76 612.38 0.8997 103.26 744.30 0.9842 220.30 583.53 0.6488 187.90 752.40 0.9971 221.74 749.86 0.9946 205.93 833.36 0.9966 184.51 832.04 0.9905 247.24 920.58 0.9908 153.33 913.08 0.9822
61 13.79 513.66 169.25 943.19 0.9065 81.34 604.86 0.1703 81.53 596.68 0.1903 87.55 597.12 0.0118 90.74 595.71 0.9243 120.62 593.72 0.1684 100.38 634.58 0.9969 145.34 620.03 0.9960 104.38 690.63 0.9913 146.63 579.85 0.9349 85.83 750.69 0.9840 113.50 551.97 0.8721 103.97 754.22 0.9962 144.07 751.79 0.9943 50.89 816.19 0.9948 136.62 831.00 0.9850 55.19 902.61 0.9682 143.24 911.23 0.9219
62 0.00 532.40 100.34 932.37 0.8903 13.14 605.98 0.0125 9.62 599.43 0.0064 12.45 599.10 0.0081 3.14 599.96 0.1685 22.04 600.23 0.2334 11.75 632.14 0.1622 43.28 628.33 0.9733 38.45 603.86 0.0266 75.13 593.92 0.9654 63.52 575.66 0.0870 79.58 560.45 0.8872 15.65 748.19 0.5011 37.37 744.68 0.9271 8.47 826.09 0.3666 18.86 816.32 0.8610 60.02 884.30 0.4878 54.70 881.95 0.8662
65 0.00 567.52 49.08 939.65 0.4171 3.88 638.61 0.0148 0.52 629.41 0.0092 3.92 629.08 0.0089 0.00 634.66 0.0090 1.49 634.47 0.0054 2.55 680.89 0.0110 0.86 679.72 0.0061 2.02 726.04 0.1028 3.76 727.50 0.0483 9.95 740.85 0.3119 9.36 740.53 0.2013 0.00 775.61 0.0131 0.00 775.28 0.0092 6.09 826.11 0.0356 4.60 828.32 0.0244 6.44 890.59 0.0401 6.36 892.72 0.0291
66 0.00 589.28 195.31 929.12 0.8884 90.01 632.02 0.8523 91.90 624.50 0.0819 85.70 623.62 0.9177 78.37 620.55 0.0029 63.12 618.84 0.9612 63.26 645.47 0.9807 24.32 652.40 0.8054 109.60 652.00 0.9747 17.29 716.50 0.1847 160.56 657.81 0.9761 42.22 764.83 0.2064 42.70 759.18 0.8349 16.48 763.79 0.4953 68.63 814.09 0.7821 55.23 817.66 0.2952 64.56 895.08 0.5515 54.51 895.22 0.1554
67 44.38 583.73 248.48 915.24 0.8693 175.44 627.93 0.4120 175.64 620.41 0.0281 172.52 619.83 0.3680 155.61 617.51 0.0153 154.35 617.72 0.6679 135.13 641.77 0.8817 131.91 651.46 0.9805 147.15 642.59 0.1578 145.22 701.85 0.7767 161.53 626.14 0.2288 161.28 739.31 0.6462 139.75 750.42 0.9892 126.64 754.06 0.9947 168.80 819.04 0.9870 106.07 823.34 0.9934 200.78 877.77 0.9742 65.30 889.86 0.9774
68 193.77 565.32 288.83 907.94 0.8461 270.48 627.34 0.3766 271.20 620.05 0.0197 266.49 619.66 0.2585 253.55 618.85 0.0110 250.20 618.35 0.4601 232.18 651.11 0.6972 233.97 642.93 0.9838 240.49 693.26 0.0718 235.87 618.40 0.9591 257.32 722.25 0.1553 250.34 589.35 0.9270 226.35 741.04 0.9289 237.36 741.85 0.9801 233.27 806.58 0.9865 276.94 802.80 0.9953 217.47 878.84 0.9751 235.00 866.67 0.9846
69 236.42 602.49 401.24 904.41 0.8917 363.21 642.13 0.6481 364.20 634.55 0.0635 358.56 634.48 0.5958 348.14 632.29 0.0243 344.26 633.37 0.7451 331.84 656.91 0.8278 335.93 663.15 0.9835 332.08 688.27 0.0702 344.41 710.29 0.7916 341.70 711.51 0.0806 350.57 753.39 0.5437 337.13 745.47 0.9681 336.00 747.64 0.9880 352.46 811.87 0.9873 329.90 813.67 0.9936 351.75 878.83 0.9777 259.98 862.34 0.9833
70 321.36 559.11 489.18 899.25 0.8967 442.69 647.97 0.5442 442.40 641.64 0.0324 441.80 641.50 0.4807 424.31 639.77 0.0194 427.36 639.03 0.7818 399.22 663.65 0.9644 417.01 650.33 0.9937 365.41 698.35 0.9805 426.88 607.17 0.9946 338.06 735.05 0.9870 429.21 572.55 0.9857 408.60 746.86 0.9952 408.52 746.57 0.9970 427.95 803.74 0.9966 393.44 812.18 0.9968 454.26 865.17 0.9904 361.85 875.88 0.9869
71 447.93 573.21 536.31 893.16 0.8688 509.88 646.04 0.4568 510.00 639.70 0.0229 508.07 639.29 0.3155 492.19 637.42 0.0149 495.93 636.38 0.5860 470.56 666.57 0.8004 481.61 655.78 0.9900 476.94 698.00 0.0671 499.33 623.49 0.9858 497.88 716.14 0.1053 522.49 591.65 0.9730 473.88 745.20 0.9734 486.75 745.47 0.9910 480.04 804.45 0.9947 519.10 802.98 0.9971 468.80 868.58 0.9885 490.99 860.42 0.9870
72 476.80 623.97 617.90 890.84 0.8888 588.12 651.48 0.5595 587.56 645.84 0.0293 586.61 645.66 0.5467 570.43 645.32 0.0199 575.44 645.18 0.8930 564.11 669.41 0.8833 554.91 667.49 0.9910 562.97 707.11 0.1502 545.80 700.00 0.9811 571.87 738.23 0.2291 549.70 730.39 0.9686 559.84 750.36 0.9800 563.09 749.07 0.9939 551.49 808.73 0.9922 583.87 803.14 0.9981 496.17 850.02 0.9867 582.26 867.35 0.9919
73 554.05 631.68 679.09 888.47 0.8779 653.44 660.19 0.3251 652.11 654.20 0.0225 653.81 654.94 0.3534 631.91 650.90 0.0722 645.43 655.06 0.9252 610.06 666.57 0.9903 630.72 679.87 0.9936 581.60 678.13 0.9358 606.07 708.46 0.9787 561.46 688.67 0.9060 590.50 743.58 0.9716 608.07 750.84 0.9895 613.82 756.57 0.9901 631.36 800.77 0.9920 607.71 808.39 0.9932 652.95 854.53 0.9934 584.43 862.99 0.9925
74 627.30 633.17 718.79 880.89 0.5131 701.67 658.34 0.3725 699.97 652.72 0.0325 700.22 652.63 0.3904 680.60 651.20 0.0768 691.71 652.77 0.8911 661.43 678.02 0.9806 684.32 680.46 0.9915 644.24 716.40 0.8690 679.28 720.17 0.9663 641.40 746.44 0.8264 681.32 759.79 0.9328 663.19 753.47 0.9882 680.83 754.65 0.9927 678.43 798.93 0.9825 709.82 796.59 0.9918 669.23 850.96 0.9552 675.26 842.38 0.9740
75 673.00 641.32 787.35 879.10 0.8350 752.90 661.60 0.2770 749.62 656.97 0.0248 751.35 656.39 0.3168 727.98 659.65 0.1047 743.55 660.00 0.9185 715.93 686.33 0.9617 748.21 687.45 0.9926 717.47 722.09 0.2870 761.82 725.93 0.9705 739.65 747.21 0.1937 772.26 755.31 0.9244 720.90 756.96 0.9898 744.60 756.60 0.9954 726.21 807.99 0.9905 755.25 808.35 0.9974 689.98 844.28 0.9913 757.07 859.88 0.9951
76 743.41 641.99 825.14 878.18 0.6175 797.50 665.63 0.4083 795.93 660.07 0.0339 796.15 659.91 0.4914 778.28 658.36 0.0456 787.88 659.33 0.8988 765.16 678.35 0.9016 784.30 680.69 0.9939 769.55 713.49 0.1552 797.73 715.97 0.9810 792.58 737.85 0.1636 812.64 747.22 0.9539 765.48 748.94 0.9696 774.47 750.08 0.9917 783.92 799.13 0.9807 774.51 802.88 0.9958 790.50 848.83 0.9923 759.55 856.41 0.9965
78 777.32 646.20 861.16 873.39 0.6994 838.57 667.06 0.9716 841.74 662.45 0.8322 834.20 662.14 0.9757 843.47 664.86 0.1881 823.41 663.57 0.9317 845.28 692.82 0.9842 808.20 688.53 0.9934 847.84 727.68 0.9303 791.27 722.11 0.9782 852.31 758.82 0.9341 784.34 756.56 0.9736 836.13 756.15 0.9913 814.17 754.19 0.9941 828.58 807.09 0.9906 822.98 804.41 0.9943 811.64 848.99 0.9797 810.03 849.21 0.9851
79 807.66 639.18 880.82 873.53 0.8239 854.92 655.95 0.9600 857.42 650.99 0.8176 849.47 651.61 0.9742 859.02 655.80 0.1784 839.59 657.33 0.9369 864.94 684.71 0.9513 827.07 686.20 0.9901 864.19 714.02 0.3573 814.94 717.93 0.9689 862.58 742.07 0.3498 826.08 745.50 0.9615 862.59 751.66 0.9762 837.20 753.70 0.9879 865.51 795.39 0.9677 829.78 807.64 0.9848 849.67 840.63 0.9686 824.59 851.61 0.9731
80 824.77 637.80 923.79 894.73 0.5512 893.00 655.73 0.9576 895.66 649.75 0.7971 886.62 651.28 0.9746 898.01 653.17 0.1527 876.26 656.81 0.9245 904.47 682.78 0.9234 868.52 687.07 0.9913 906.41 719.86 0.1929 863.22 724.61 0.9528 912.16 750.96 0.1760 873.80 758.19 0.9014 906.36 750.16 0.9671 882.45 750.65 0.9845 907.26 808.47 0.9759 879.33 806.49 0.9810 889.62 869.72 0.9855 845.35 845.13 0.9846
81 858.57 637.21 1000.49 902.11 0.9032 930.42 656.73 0.9658 933.33 651.27 0.7918 924.52 651.83 0.9757 935.29 656.09 0.1719 912.50 657.21 0.9424 945.27 689.06 0.9911 899.62 686.49 0.9951 972.03 705.72 0.9648 875.45 710.31 0.9871 990.73 695.18 0.9657 865.08 741.33 0.9850 936.53 762.64 0.9948 910.46 761.78 0.9959 919.13 812.99 0.9950 927.03 812.41 0.9965 894.75 866.58 0.9947 942.01 875.31 0.9953
82 920.10 627.66 1022.62 907.57 0.8517 963.95 648.86 0.6299 968.55 643.40 0.4519 960.15 643.36 0.5244 974.92 647.62 0.3094 953.00 647.21 0.4728 982.20 680.90 0.9845 939.86 680.58 0.9802 990.16 723.13 0.9687 932.58 722.12 0.9553 1004.15 760.64 0.9516 953.01 743.97 0.9319 980.46 760.64 0.9933 952.20 762.17 0.9927 998.41 817.50 0.9941 955.49 823.50 0.9954 982.79 875.55 0.9908 950.44 886.06 0.9913
83 952.32 627.26 1069.71 918.01 0.8977 1035.79 653.32 0.8258 1039.01 647.10 0.3438 1029.58 647.47 0.8876 1037.97 650.59 0.0368 1014.73 651.17 0.8866 1036.56 678.97 0.8782 1003.06 680.89 0.9906 1041.14 705.67 0.1799 1017.07 696.04 0.9864 1045.18 702.02 0.1528 1041.35 668.16 0.9657 1042.31 769.99 0.9856 1012.92 771.27 0.9935 1047.71 830.27 0.9911 1005.35 830.98 0.9928 1037.99 892.18 0.9930 967.27 869.70 0.9910
84 989.97 623.28 1153.62 925.32 0.9334 1087.91 653.27 0.9800 1090.70 647.22 0.7330 1082.04 646.79 0.9892 1089.85 648.97 0.0482 1065.31 647.43 0.9803 1095.28 679.86 0.9948 1041.95 678.01 0.9973 1134.24 685.09 0.9836 1009.95 709.90 0.9932 1144.11 653.99 0.9836 997.32 750.94 0.9907 1083.71 772.54 0.9971 1055.50 770.50 0.9980 1059.45 831.70 0.9971 1073.78 831.88 0.9980 1038.67 893.32 0.9956 1091.54 902.32 0.9955
85 1067.00 617.11 1200.48 933.22 0.9047 1134.12 647.31 0.9760 1137.67 641.19 0.7058 1128.42 640.22 0.9857 1136.60 643.82 0.0372 1110.96 640.64 0.9743 1136.69 681.19 0.9917 1089.14 676.58 0.9937 1156.07 722.34 0.9410 1080.14 725.32 0.9840 1186.13 738.60 0.9080 1106.71 757.53 0.9759 1132.71 771.84 0.9927 1099.94 772.21 0.9946 1149.20 832.73 0.9942 1104.41 840.41 0.9969 1122.15 890.86 0.9867 1098.97 907.45 0.9881
86 1097.31 614.14 1252.66 942.98 0.9178 1201.25 647.42 0.9319 1204.32 640.88 0.3973 1194.96 640.57 0.9584 1199.82 642.97 0.0210 1176.39 641.87 0.9470 1192.72 676.97 0.8768 1163.03 673.39 0.9956 1187.79 720.86 0.1203 1189.37 681.05 0.9900 1194.18 740.14 0.1218 1217.65 654.89 0.9657 1200.31 778.46 0.9882 1167.34 779.15 0.9963 1213.36 843.60 0.9921 1151.95 844.73 0.9952 1210.93 915.06 0.9896 1111.88 895.71 0.9885
87 1186.78 608.57 1388.55 951.54 0.9276 1269.11 642.63 0.9854 1272.07 635.51 0.6961 1262.97 635.54 0.9921 1270.25 635.68 0.0235 1243.79 635.09 0.9856 1273.23 672.18 0.9953 1222.69 673.75 0.9971 1316.38 691.75 0.9883 1207.51 718.60 0.9942 1365.81 694.33 0.9859 1196.74 761.75 0.9914 1266.56 775.53 0.9976 1239.05 775.48 0.9981 1243.65 846.05 0.9980 1261.17 842.25 0.9987 1214.81 917.79 0.9965 1280.17 924.04 0.9971
88 1267.59 501.73 1377.78 964.32 0.8861 1341.50 625.28 0.9705 1344.67 617.81 0.5555 1335.40 617.63 0.9866 1342.83 620.18 0.0105 1314.09 618.69 0.9709 1339.05 649.80 0.9847 1294.32 647.78 0.9893 1353.59 597.34 0.9700 1280.72 595.57 0.9565 1354.91 545.80 0.9740 1282.53 548.39 0.9467 1339.24 767.52 0.9935 1300.34 768.21 0.9942 1356.44 841.95 0.9948 1304.94 850.17 0.9961 1322.25 909.14 0.9938 1292.81 931.27 0.9928
89 1303.79 523.98 1490.08 975.30 0.9155 1425.03 616.70 0.8109 1429.46 608.51 0.2074 1419.37 606.89 0.7267 1427.62 612.89 0.0209 1400.89 608.29 0.6685 1413.04 655.63 0.9086 1385.81 648.20 0.9964 1427.77 644.77 0.3058 1397.25 597.00 0.9956 1436.05 620.89 0.4949 1420.74 544.69 0.9955 1427.73 773.35 0.9928 1397.94 773.49 0.9974 1440.07 857.78 0.9968 1384.00 857.92 0.9974 1437.14 941.76 0.9929 1322.13 917.51 0.9905
90 1416.78 517.45 1616.61 988.38 0.9090 1501.76 610.15 0.8797 1501.54 602.49 0.1675 1494.83 602.42 0.8762 1491.90 607.53 0.0074 1473.44 607.07 0.8667 1495.52 649.16 0.9783 1453.80 645.89 0.9929 1541.70 617.27 0.9811 1467.31 603.40 0.9907 1586.02 584.46 0.9881 1504.18 548.45 0.9869 1497.88 769.91 0.9975 1478.09 772.27 0.9987 1472.14 859.90 0.9983 1512.63 857.96 0.9992 1439.26 949.16 0.9942 1547.33 955.82 0.9967
91 1525.41 564.09 1661.82 1000.54 0.9194 1598.27 596.75 0.9473 1599.27 588.91 0.3530 1590.38 588.56 0.9570 1591.27 594.98 0.0184 1567.81 594.33 0.9452 1594.09 649.50 0.9866 1556.03 644.72 0.9936 1614.22 714.94 0.9393 1576.45 712.90 0.9787 1637.69 768.14 0.9306 1611.74 767.30 0.9562 1592.62 772.06 0.9910 1562.26 771.61 0.9958 1631.14 863.04 0.9929 1578.48 865.11 0.9987 1578.44 939.72 0.9691 1568.27 967.02 0.9899
92 1521.84 562.50 1808.15 1014.86 0.9359 1740.11 604.93 0.9210 1741.55 596.69 0.1125 1733.52 595.44 0.9462 1726.19 598.38 0.0037 1706.84 595.68 0.9721 1704.89 641.76 0.9557 1671.99 631.17 0.9980 1691.65 714.84 0.2739 1612.07 674.88 0.9922 1703.39 773.50 0.1852 1558.77 728.46 0.9775 1705.19 785.36 0.9930 1674.84 783.36 0.9980 1733.50 871.08 0.9970 1661.08 868.87 0.9980 1737.89 983.08 0.9921 1585.22 955.16 0.9903
93 1678.15 553.80 1957.83 1023.48 0.9382 1849.17 602.30 0.9759 1851.88 593.00 0.3010 1841.24 591.30 0.9887 1836.62 592.37 0.0024 1808.93 588.42 0.9847 1817.66 642.87 0.9442 1765.57 631.52 0.9970 1803.43 725.70 0.1520 1704.76 698.26 0.9866 1808.14 786.97 0.1260 1690.56 770.96 0.9734 1803.89 779.19 0.9939 1777.41 779.65 0.9980 1776.31 879.07 0.9965 1832.96 879.40 0.9987 1742.02 980.48 0.9921 1877.08 991.94 0.9933
94 1810.26 522.26 2048.00 1042.57 0.9254 1928.88 593.24 0.9851 1935.64 581.15 0.8761 1916.79 582.40 0.9921 1940.80 576.23 0.0851 1889.11 578.91 0.9875 1958.28 617.90 0.9945 1856.42 637.10 0.9980 2032.74 603.01 0.8484 1825.88 708.01 0.9647 2037.91 563.10 0.7595 1874.19 717.80 0.9204 1956.28 777.56 0.9946 1893.25 782.13 0.9981 1969.61 881.22 0.9875 1918.35 883.41 0.9989 1873.43 947.45 0.9804 1932.86 1006.18 0.9956
95 1929.89 483.00 2047.60 1051.27 0.9013 1987.89 581.90 0.8919 2000.10 571.17 0.8582 1985.37 570.63 0.5602 2017.77 575.05 0.6807 1984.68 572.81 0.1176 2004.15 626.33 0.8190 1979.68 632.91 0.9621 2000.95 587.60 0.4222 1987.13 630.06 0.6766 2027.31 518.03 0.3854 2009.15 593.60 0.4305 2016.73 789.87 0.6990 1991.97 790.41 0.8761 1994.74 900.76 0.5341 1977.99 903.26 0.8652 1970.56 1009.35 0.3384 1967.45 1011.45 0.7403
96 1990.30 528.77 2048.00 1058.51 0.7869 2043.60 575.78 0.0105 2044.18 565.99 0.0043 2045.79 566.30 0.0091 2034.75 567.18 0.0463 2047.38 568.53 0.0755 2025.79 614.35 0.4248 2028.47 616.46 0.5709 2011.03 681.65 0.1922 2012.81 682.22 0.3430 2033.37 691.24 0.0536 2028.70 695.15 0.0897 2035.09 770.74 0.2354 2039.71 774.16 0.3427 2043.04 874.92 0.0435 2043.97 876.11 0.0883 2043.03 969.50 0.0476 2044.37 969.75 0.0914
97 1967.13 490.25 2048.00 1068.62 0.8175 2041.92 556.21 0.0276 2045.01 544.09 0.0087 2044.60 544.43 0.0187 2036.85 546.82 0.0660 2045.43 548.24 0.1157 2017.96 611.72 0.2129 2017.79 615.06 0.8476 1986.22 719.00 0.1633 1986.19 711.79 0.9428 1985.20 791.64 0.2027 1985.28 789.82 0.8943 2037.50 789.17 0.0844 2038.20 794.59 0.3384 2042.44 895.49 0.0183 2045.53 897.74 0.1357 2038.58 993.79 0.0130 2043.39 996.20 0.0720
98 1974.02 468.64 2048.00 1014.60 0.7902 2044.44 543.98 0.0229 2046.34 531.58 0.0084 2044.90 532.42 0.0363 2045.67 532.34 0.0224 2045.14 535.15 0.0976 2043.36 585.65 0.0074 2025.69 583.97 0.8244 2014.88 658.95 0.0130 1987.75 656.57 0.9746 2019.73 627.57 0.0920 1999.81 623.67 0.9276 2048.00 740.04 0.0228 2039.97 740.12 0.4536 2034.79 804.12 0.0239 2030.99 801.25 0.5356 2046.36 932.96 0.0276 2045.67 932.18 0.4201
99 1962.25 451.64 2047.09 1189.29 0.7652 2038.72 519.62 0.0238 2039.66 507.13 0.0297 2042.04 508.52 0.0085 2042.30 507.96 0.1125 2045.14 506.81 0.0229 2031.02 574.11 0.6227 2034.50 574.42 0.0449 2004.25 690.15 0.9146 2003.75 688.73 0.0835 1985.89 782.51 0.8327 1989.93 781.42 0.1682 2043.40 790.48 0.3622 2042.75 791.06 0.0557 2042.69 959.65 0.4919 2040.54 958.08 0.0564 2041.05 1128.94 0.3147 2036.11 1124.97 0.0563
100 1940.59 379.84 2047.13 1238.59 0.9023 2043.31 447.36 0.0359 2046.78 432.41 0.0338 2044.33 433.58 0.0333 2034.68 443.42 0.3080 2036.23 440.85 0.3585 1992.84 541.61 0.8922 2003.32 544.05 0.3059 1979.80 659.02 0.6938 1983.24 659.91 0.0494 2017.44 713.73 0.2284 2010.65 716.75 0.0387 2013.27 810.51 0.7640 2022.03 815.72 0.2697 2029.91 990.17 0.6445 2031.85 992.87 0.1047 2038.60 1139.50 0.2000 2040.38 1138.36 0.0285
101 1851.63 305.71 2046.70 1292.33 0.9085 2031.95 409.82 0.1048 2036.38 390.84 0.1928 2033.29 392.91 0.0424 2022.82 399.95 0.5947 2026.13 398.10 0.1873 1956.02 522.27 0.9714 2016.79 516.30 0.0369 1912.07 638.74 0.9785 1951.99 625.18 0.0043 1877.27 704.46 0.9538 1907.85 679.81 0.0776 1987.26 796.44 0.8706 2028.99 797.05 0.0734 2011.28 992.07 0.8768 2027.77 982.11 0.0409 2046.04 1166.65 0.4265 2042.60 1154.95 0.0198
102 1703.92 130.48 2046.72 1380.64 0.9294 1996.57 353.89 0.8616 2011.81 328.17 0.7084 1986.27 337.31 0.6793 2043.06 325.07 0.1852 1983.53 341.41 0.0739 2029.66 446.11 0.1455 1977.09 448.77 0.9630 1847.66 373.95 0.1920 1825.96 377.50 0.9870 1758.57 240.28 0.2019 1749.30 249.55 0.9663 2028.26 792.48 0.1143 1966.37 789.85 0.9188 2014.93 1028.01 0.0681 1933.70 1017.40 0.9548 2013.92 1236.17 0.0995 1931.86 1233.87 0.9412
103 1768.90 8.21 2046.34 1485.87 0.9106 1922.56 277.61 0.4903 1947.44 247.93 0.5466 1920.65 252.01 0.2204 1985.96 250.54 0.4368 1935.90 250.94 0.0798 1976.48 377.72 0.8463 1946.45 388.66 0.8990 1800.61 192.22 0.8135 1805.95 209.97 0.9236 1955.94 34.75 0.4266 1949.95 48.94 0.3235 1968.95 792.61 0.7168 1916.60 794.48 0.9150 1963.99 1133.99 0.5418 1938.44 1137.32 0.8956 1994.55 1429.21 0.3472 1991.73 1442.11 0.7717
104 1761.82 0.00 2046.33 1489.01 0.8850 1950.87 77.35 0.1337 1973.42 47.23 0.1247 1958.67 52.34 0.0200 2000.66 91.61 0.2464 1987.37 90.70 0.0265 1959.48 289.29 0.9383 1977.76 297.43 0.3599 1840.60 109.56 0.6531 1837.43 106.92 0.0545 1892.85 0.00 0.0216 1874.49 4.01 0.0045 1954.59 807.19 0.8638 1967.41 810.13 0.5260 1963.51 1167.83 0.9070 1964.35 1162.96 0.5075 1998.71 1463.87 0.6199 2006.20 1449.87 0.2346
105 1734.69 31.70 2046.32 1486.01 0.6067 1760.11 310.19 0.3430 1807.08 218.14 0.6057 1776.61 246.58 0.0125 1957.51 269.40 0.5424 1866.26 308.80 0.0008 1954.61 704.70 0.3909 1938.78 706.62 0.0528 1889.14 1123.70 0.0854 1878.38 1063.51 0.0047 1867.17 1306.32 0.0345 1846.69 1279.49 0.0099 1972.74 1369.38 0.1831 1972.64 1362.16 0.0565 1941.39 1342.94 0.0082 1929.57 1359.44 0.0025 1916.30 1417.62 0.0027 1918.11 1386.72 0.0017
107 684.55 13.05 1853.08 1474.86 0.9035 1367.71 125.61 0.0009 1329.45 91.14 0.0005 1379.71 91.30 0.0006 1203.87 53.88 0.0291 1403.52 65.74 0.0319 1070.56 171.96 0.0789 1510.74 165.90 0.2442 992.03 447.19 0.0822 1690.88 372.48 0.8691 991.30 796.11 0.0526 1773.15 749.52 0.9488 1035.10 907.39 0.9557 1367.73 913.74 0.9864 885.34 1439.24 0.0374 1300.63 1467.02 0.0755 941.17 1411.67 0.0006 1285.43 1409.98 0.0011
108 1.73 11.76 982.14 1475.98 0.8848 651.67 92.38 0.0020 657.60 54.77 0.0007 647.60 52.49 0.0015 619.51 25.31 0.0044 598.56 22.36 0.0170 613.20 51.77 0.0015 612.20 60.05 0.0141 892.17 87.18 0.0982 890.13 123.24 0.2690 886.39 764.42 0.7062 875.90 755.92 0.8638 322.02 673.88 0.2722 351.23 627.14 0.4174 230.77 1362.94 0.3130 341.72 1326.49 0.7230 243.00 1382.58 0.0006 346.01 1390.65 0.0048
109 1.73 3.73 589.78 1477.63 0.9624 304.66 89.94 0.0068 281.63 51.65 0.0004 309.02 56.03 0.0055 206.11 0.00 0.0106 316.01 4.16 0.2886 189.52 94.02 0.0667 365.12 111.47 0.9090 432.05 441.99 0.0399 462.00 471.52 0.9619 526.02 781.64 0.2531 525.79 795.54 0.9802 73.57 772.06 0.2905 211.02 773.57 0.9254 35.74 1274.98 0.2878 130.00 1273.49 0.9421 43.66 1461.16 0.0006 107.72 1453.07 0.0131
110 0.30 2.26 330.99 1479.66 0.9539 138.56 133.24 0.0024 112.50 102.18 0.0007 140.09 103.04 0.0329 8.34 99.14 0.1802 141.66 107.45 0.9829 0.00 243.50 0.0333 231.02 256.54 0.9843 64.48 301.04 0.0006 298.29 331.32 0.8160 150.14 237.82 0.0092 212.64 210.31 0.3746 11.51 782.28 0.1496 146.64 786.94 0.9739 20.59 1189.44 0.1035 99.53 1197.08 0.9751 38.96 1434.01 0.0025 76.11 1449.09 0.2469
111 0.11 21.09 215.90 1407.54 0.9118 72.45 226.32 0.0102 57.62 212.03 0.0022 71.55 207.75 0.0140 23.10 218.98 0.0281 74.70 214.22 0.3000 40.90 322.87 0.2778 97.25 306.27 0.9322 146.70 168.47 0.1185 182.41 162.67 0.9515 14.83 91.34 0.0315 21.43 97.49 0.6803 29.26 719.43 0.3048 49.67 709.86 0.8406 37.76 1014.39 0.2071 49.79 1006.57 0.7350 33.98 1284.49 0.3759 50.13 1278.63 0.7989
112 0.09 167.32 201.40 1305.75 0.9271 61.38 358.73 0.0108 46.32 345.07 0.0033 62.94 345.89 0.0158 9.32 351.33 0.1420 81.65 356.03 0.6476 14.37 424.67 0.2615 106.63 430.90 0.9829 101.00 305.87 0.0684 185.06 297.67 0.9626 9.43 232.81 0.0389 23.58 224.60 0.8019 15.09 757.79 0.1846 67.60 760.68 0.9054 14.34 990.68 0.0554 38.18 995.03 0.8107 4.75 1194.39 0.0420 19.64 1203.09 0.6271
113 0.12 229.94 153.95 1294.18 0.9174 37.32 402.55 0.0167 29.39 389.91 0.0035 34.71 388.97 0.0411 0.00 399.41 0.0439 39.80 398.91 0.7539 3.43 478.59 0.0690 78.07 478.36 0.9730 64.41 402.55 0.0181 129.83 388.42 0.9741 68.79 306.49 0.0495 96.07 280.62 0.9345 9.88 767.79 0.1344 58.64 769.95 0.9386 9.60 987.86 0.0392 36.36 991.70 0.9033 8.96 1191.34 0.0252 12.45 1207.55 0.6863
114 0.09 358.83 138.52 1180.91 0.9254 30.95 450.51 0.0705 28.10 434.48 0.0102 30.32 434.91 0.2042 6.07 426.53 0.0264 23.28 427.01 0.8220 8.89 503.51 0.0342 38.51 506.19 0.9601 47.14 651.53 0.0051 71.35 655.95 0.9733 80.42 764.49 0.0299 108.52 773.96 0.9600 0.00 758.85 0.0337 18.60 759.57 0.7390 20.08 936.55 0.0525 29.44 937.81 0.9045 17.80 1119.40 0.0551 17.14 1127.09 0.7624
115 0.00 392.97 221.65 1135.83 0.9357 161.91 523.89 0.6030 156.07 505.62 0.0690 166.71 508.74 0.6640 98.90 483.80 0.1385 147.52 487.36 0.9547 31.52 506.15 0.8739 104.44 531.74 0.9948 4.46 472.70 0.6561 43.96 598.20 0.9691 22.90 426.01 0.7895 34.23 666.26 0.9751 8.92 750.55 0.4855 74.77 759.59 0.9438 47.70 896.79 0.2546 124.82 903.88 0.9626 68.71 1052.14 0.2045 129.30 1069.28 0.9216
116 1.67 460.55 308.50 1118.34 0.9389 280.97 541.47 0.7311 279.29 524.06 0.0571 285.33 526.62 0.8456 228.59 507.90 0.0427 266.69 507.81 0.9865 151.73 533.98 0.9874 225.83 548.52 0.9970 68.59 533.38 0.9201 205.23 606.70 0.9891 16.74 512.65 0.7732 236.50 672.60 0.9926 135.28 749.78 0.9802 189.82 757.21 0.9936 135.39 895.02 0.9784 181.52 906.21 0.9900 95.42 1052.67 0.9647 138.38 1070.32 0.9711
117 99.54 504.53 383.37 1064.09 0.9336 365.89 578.57 0.8690 365.92 565.78 0.0665 367.51 563.75 0.9259 322.12 554.16 0.0119 341.33 544.37 0.9883 255.47 579.52 0.9847 304.89 577.61 0.9944 187.68 600.59 0.9567 286.37 616.60 0.9746 129.17 601.52 0.9413 302.47 659.67 0.9865 253.25 765.83 0.9875 285.47 769.16 0.9945 289.99 886.47 0.9913 306.72 902.75 0.9945 267.82 1013.24 0.9892 188.92 1005.58 0.9910
118 239.22 528.28 595.46 1038.67 0.9513 479.94 593.40 0.8849 477.78 580.72 0.0743 478.49 580.98 0.9065 442.24 569.01 0.0120 448.85 567.15 0.9697 395.77 591.60 0.9741 409.60 603.32 0.9956 353.44 608.21 0.9056 361.37 650.90 0.9891 323.17 640.31 0.8346 322.70 697.27 0.9904 375.74 773.09 0.9892 401.32 775.95 0.9940 341.37 882.47 0.9926 467.58 876.14 0.9916 274.48 999.28 0.9899 523.15 990.09 0.9838
119 482.71 512.65 638.42 1035.99 0.9082 616.89 569.80 0.8692 618.61 559.66 0.0605 614.75 557.54 0.8985 585.47 552.43 0.0127 592.73 549.10 0.9496 554.70 598.68 0.8911 560.74 599.51 0.9971 558.47 691.57 0.1121 557.66 689.04 0.9946 597.85 763.51 0.1819 600.13 765.55 0.9869 548.00 761.97 0.9259 555.42 765.28 0.9909 575.44 870.72 0.9758 579.70 875.83 0.9984 523.71 968.30 0.9785 551.27 997.14 0.9956
120 546.15 529.15 789.02 1026.66 0.9233 726.94 561.24 0.6610 725.05 553.58 0.0436 722.64 553.08 0.6804 695.77 562.01 0.0563 707.32 562.63 0.9482 673.96 619.95 0.9623 700.28 619.02 0.9982 668.15 700.18 0.1323 715.40 699.06 0.9943 706.33 748.17 0.0590 753.74 752.62 0.9701 689.19 768.74 0.9916 696.55 769.44 0.9976 729.68 871.50 0.9951 685.64 877.79 0.9979 741.01 980.58 0.9933 585.55 965.17 0.9935
121 720.35 535.53 934.46 1015.68 0.9208 824.73 573.04 0.1629 820.57 566.06 0.0094 823.91 565.57 0.1647 782.86 571.99 0.3018 816.64 574.05 0.9483 758.82 624.01 0.9904 811.68 623.46 0.9968 750.30 700.52 0.5224 804.94 693.45 0.9892 774.52 755.75 0.3781 812.71 768.52 0.9827 759.64 772.91 0.9966 803.39 774.18 0.9979 764.34 872.92 0.9977 848.89 869.63 0.9987 744.67 979.29 0.9917 883.32 968.15 0.9925
122 692.28 537.08 1018.17 1004.90 0.9411 886.36 579.98 0.0361 884.76 572.50 0.0146 890.76 573.29 0.0209 863.52 574.86 0.8714 903.69 578.90 0.8920 834.21 623.71 0.9989 920.75 630.88 0.9982 782.58 682.97 0.9923 958.45 690.17 0.9870 731.55 735.12 0.9763 992.85 731.74 0.9690 842.56 768.33 0.9993 898.55 771.35 0.9989 834.24 865.43 0.9976 901.63 869.99 0.9977 834.95 958.78 0.9830 901.74 966.88 0.9845
123 704.79 518.91 1019.96 1005.78 0.9357 871.95 562.65 0.2597 876.26 557.45 0.2117 878.04 559.97 0.0456 876.67 573.29 0.9125 908.88 573.79 0.3461 848.53 610.55 0.9925 923.12 617.19 0.9946 788.58 581.91 0.9885 965.91 601.73 0.9755 737.83 548.86 0.9896 994.95 578.52 0.9640 851.06 762.36 0.9945 899.17 765.06 0.9956 849.25 870.36 0.9928 896.68 868.96 0.9936 861.17 975.66 0.9873 900.90 971.99 0.9909
124 778.91 448.71 930.04 1006.00 0.9173 843.44 568.59 0.1821 845.80 563.16 0.2283 850.89 563.36 0.0100 854.68 573.45 0.9032 886.82 572.68 0.0780 845.56 608.43 0.9935 904.10 610.25 0.9930 798.88 545.19 0.9939 916.87 553.60 0.9771 798.63 486.73 0.9870 905.83 498.27 0.9618 843.77 753.91 0.9983 886.01 753.01 0.9982 843.99 868.38 0.9987 868.83 861.06 0.9980 856.12 970.80 0.9919 881.58 951.93 0.9921
125 772.46 524.31 907.86 992.90 0.9140 836.58 594.48 0.0389 834.72 586.70 0.0339 841.38 587.53 0.0065 832.67 586.52 0.7798 868.93 588.24 0.3074 831.71 615.19 0.9958 887.86 621.83 0.9939 796.30 569.29 0.9911 892.22 591.37 0.9649 825.97 537.66 0.9663 881.39 553.23 0.9130 838.42 761.65 0.9987 882.42 764.31 0.9982 805.09 851.98 0.9984 863.40 863.68 0.9966 838.60 937.00 0.9951 868.92 959.67 0.9898
126 695.55 537.45 881.80 987.76 0.9236 789.05 606.94 0.1312 789.83 600.90 0.1126 794.83 600.85 0.0154 792.88 605.72 0.8685 822.95 604.88 0.2790 787.46 633.24 0.9954 844.69 633.78 0.9966 745.71 604.85 0.9905 853.70 598.81 0.9813 718.91 572.81 0.9798 845.62 557.33 0.9515 798.08 768.57 0.9980 844.72 768.75 0.9983 775.59 859.62 0.9977 851.52 862.96 0.9981 763.19 944.84 0.9907 865.18 953.17 0.9925
127 637.46 582.15 836.84 966.41 0.9122 727.51 613.53 0.0763 727.52 607.02 0.1004 733.56 607.23 0.0124 729.09 608.39 0.9632 761.24 608.28 0.5487 719.76 650.36 0.9980 786.58 649.45 0.9978 696.85 707.28 0.9916 811.02 704.49 0.9712 667.02 759.14 0.9847 824.64 735.84 0.9286 737.03 770.96 0.9992 776.72 768.63 0.9987 741.64 856.83 0.9982 764.81 847.63 0.9957 757.07 938.56 0.9861 765.80 921.43 0.9776
128 650.78 595.25 769.73 944.73 0.9217 699.01 624.49 0.0415 699.87 618.25 0.0697 705.77 619.61 0.0119 699.53 619.59 0.9602 727.77 622.64 0.5860 682.41 653.85 0.9966 742.86 663.77 0.9956 668.09 706.72 0.9843 754.70 722.35 0.9806 661.26 752.44 0.9634 758.96 770.47 0.9652 692.02 764.12 0.9986 730.25 768.32 0.9980 680.36 838.40 0.9970 717.94 839.21 0.9959 718.73 895.94 0.9871 704.64 911.75 0.9841
129 582.57 604.45 724.54 939.48 0.9234 655.31 631.75 0.0651 654.50 625.84 0.0681 660.53 626.71 0.0170 652.77 628.30 0.9312 680.36 629.83 0.6154 642.57 664.63 0.9955 699.06 668.11 0.9963 637.39 718.28 0.9804 713.57 719.84 0.9479 625.42 765.32 0.9567 699.69 751.95 0.8416 647.96 770.32 0.9974 685.94 771.06 0.9973 629.36 836.60 0.9953 689.76 838.84 0.9959 621.38 902.55 0.9857 703.94 910.90 0.9883
130 526.94 603.83 660.84 924.66 0.9153 611.74 631.25 0.0342 610.84 625.53 0.0305 615.87 626.51 0.0152 603.33 626.15 0.8927 630.43 629.13 0.7221 585.24 660.09 0.9954 643.28 666.72 0.9952 566.81 705.91 0.9844 649.52 719.76 0.9808 543.11 739.85 0.9753 644.90 761.03 0.9666 592.02 762.34 0.9965 625.35 764.11 0.9952 602.58 834.07 0.9940 613.87 830.25 0.9890 616.42 899.94 0.9790 615.36 895.27 0.9666
131 506.01 608.05 627.65 908.96 0.9089 568.58 633.95 0.0304 568.24 629.07 0.0442 573.87 629.33 0.0106 566.34 631.30 0.9432 592.47 632.44 0.6450 553.11 663.43 0.9976 606.80 668.91 0.9965 537.18 708.52 0.9859 616.28 719.34 0.9731 521.39 749.72 0.9681 615.84 760.37 0.9568 560.43 756.11 0.9983 593.32 759.05 0.9979 547.41 815.47 0.9950 579.40 822.04 0.9955 576.96 859.80 0.9763 575.67 880.85 0.9785
132 463.23 617.15 585.08 906.16 0.9218 519.19 643.78 0.0321 517.41 638.66 0.0329 523.81 638.43 0.0084 516.23 640.64 0.9023 543.06 639.75 0.5926 513.67 671.07 0.9954 561.99 670.40 0.9956 516.94 713.52 0.9746 575.77 707.90 0.8424 511.94 752.26 0.9294 552.23 724.63 0.4730 522.72 758.63 0.9975 556.57 758.29 0.9970 499.15 817.97 0.9957 558.10 820.77 0.9946 485.84 877.06 0.9865 570.51 882.44 0.9859
133 439.14 619.75 548.83 896.18 0.9185 504.79 643.60 0.0249 500.72 639.05 0.0086 506.23 638.82 0.0289 483.57 638.38 0.6122 509.09 639.47 0.8905 466.14 664.64 0.9965 524.26 664.83 0.9968 453.74 709.29 0.9812 539.91 708.34 0.9479 449.73 749.76 0.9275 521.29 721.20 0.7175 482.07 747.50 0.9961 518.28 746.32 0.9930 480.97 813.01 0.9898 510.50 800.42 0.9428 484.75 873.28 0.9601 499.61 837.40 0.8606
134 455.94 628.29 569.37 894.10 0.8761 518.95 649.43 0.0809 516.38 644.20 0.0166 518.29 645.42 0.0962 495.68 640.93 0.2617 512.94 645.20 0.8164 471.83 658.09 0.9678 518.14 661.78 0.9910 466.59 678.76 0.2277 544.88 678.82 0.9360 491.01 685.70 0.0589 557.95 685.76 0.7116 477.12 732.66 0.9925 506.99 730.12 0.9914 473.63 800.31 0.9819 502.78 763.51 0.9397 478.54 859.23 0.9822 494.48 796.61 0.9601
135 461.28 565.59 570.55 799.90 0.8822 545.83 590.32 0.4391 545.11 584.48 0.0367 544.91 584.63 0.4787 522.23 580.11 0.0842 536.11 581.77 0.9063 497.78 597.97 0.9714 530.01 598.00 0.9934 491.40 630.81 0.3270 534.64 625.02 0.9770 519.17 650.84 0.2144 556.08 649.88 0.9539 487.15 666.82 0.9892 510.88 668.14 0.9953 491.75 717.78 0.9847 510.24 728.19 0.9963 472.56 755.40 0.9771 497.55 779.93 0.9872
136 480.20 549.93 580.61 797.27 0.8184 556.12 575.71 0.9756 559.30 570.69 0.6157 552.42 569.57 0.9850 557.31 570.95 0.0326 538.70 567.31 0.9713 547.68 598.86 0.9767 520.40 589.98 0.9949 546.08 636.88 0.9304 499.42 621.71 0.9916 554.39 666.60 0.9507 494.29 657.11 0.9883 534.28 668.17 0.9911 522.72 664.73 0.9948 524.84 722.08 0.9967 542.74 716.53 0.9976 502.67 774.45 0.9918 543.08 770.19 0.9915
137 512.62 560.70 595.02 803.97 0.8536 570.61 583.91 0.9494 575.57 579.19 0.8814 566.88 578.29 0.9306 580.92 580.28 0.4631 558.51 577.40 0.7881 584.90 605.84 0.9864 539.30 600.21 0.9905 587.35 642.75 0.9501 521.51 634.33 0.9785 586.70 677.36 0.9575 522.01 669.00 0.9805 571.12 675.78 0.9911 543.87 673.45 0.9927 575.40 724.67 0.9896 554.52 724.15 0.9941 563.82 772.69 0.9785 545.55 779.99 0.9835
138 497.24 603.14 638.16 873.69 0.9202 577.35 626.68 0.9694 581.22 621.35 0.9297 571.88 621.85 0.9613 585.98 621.65 0.6638 562.69 622.71 0.8966 597.11 643.21 0.9959 547.02 643.66 0.9971 631.47 654.69 0.9786 509.49 646.87 0.9774 618.32 643.95 0.9703 514.41 642.89 0.9643 593.87 723.79 0.9964 560.95 728.08 0.9984 606.38 768.87 0.9754 564.07 785.96 0.9980 583.76 773.81 0.8929 566.68 848.20 0.9800
139 552.37 623.45 648.46 892.18 0.8931 597.28 644.85 0.9834 602.37 639.23 0.9698 591.44 639.58 0.9784 609.90 643.80 0.6567 582.75 644.76 0.8340 620.21 674.53 0.9860 569.72 675.97 0.9942 622.76 713.39 0.8201 562.26 716.95 0.9879 621.33 740.62 0.7861 595.86 731.75 0.9847 616.41 752.72 0.9900 582.92 754.11 0.9917 622.81 809.67 0.9872 579.07 811.61 0.9874 628.10 865.07 0.9821 573.80 863.81 0.9773
140 558.25 611.08 713.00 905.00 0.9258 620.13 630.03 0.9871 624.28 624.11 0.9633 613.31 626.11 0.9807 631.98 629.60 0.7042 605.14 634.57 0.8811 651.28 666.74 0.9975 592.65 672.09 0.9965 671.40 702.45 0.9885 577.74 716.03 0.9888 693.43 726.76 0.9860 568.70 756.20 0.9885 643.78 753.42 0.9968 606.58 754.65 0.9957 637.68 817.54 0.9967 612.56 814.31 0.9964 629.48 876.79 0.9878 607.83 878.71 0.9869
141 567.58 609.47 697.65 919.91 0.9086 614.18 627.90 0.9849 619.18 621.68 0.9717 607.18 623.79 0.9708 628.73 628.17 0.8381 600.49 633.72 0.8042 651.39 667.58 0.9967 590.83 676.45 0.9962 671.49 704.10 0.9756 581.01 725.91 0.9813 684.16 731.50 0.9777 575.93 769.18 0.9808 647.85 763.60 0.9965 608.21 767.55 0.9962 656.31 828.86 0.9942 616.73 835.72 0.9969 641.82 863.06 0.9702 627.32 896.52 0.9772
142 571.03 600.58 680.87 937.87 0.9224 608.47 627.01 0.9897 614.89 620.13 0.9949 604.53 621.50 0.8534 633.00 622.61 0.9874 604.74 626.58 0.0671 658.52 665.18 0.9966 593.69 667.68 0.9945 667.90 716.62 0.9846 580.34 712.52 0.9593 670.08 759.69 0.9855 586.37 717.99 0.9716 648.74 765.72 0.9946 607.19 766.57 0.9922 647.15 834.99 0.9953 612.67 835.12 0.9921 647.59 904.61 0.9829 622.15 897.28 0.9780
143 547.47 587.33 697.33 944.71 0.9131 602.28 619.51 0.9921 608.03 611.38 0.9953 597.67 613.79 0.8719 627.47 610.02 0.9881 597.97 616.81 0.0595 659.94 652.42 0.9968 591.31 661.44 0.9957 680.88 697.48 0.9811 583.16 716.67 0.9741 685.28 737.51 0.9861 573.81 766.83 0.9780 649.61 765.82 0.9970 602.78 767.02 0.9958 648.93 845.54 0.9972 592.79 842.30 0.9969 644.61 913.29 0.9862 588.42 915.77 0.9867
144 513.98 574.34 661.55 969.75 0.9384 574.56 615.81 0.9942 581.00 606.71 0.9953 567.02 608.93 0.9721 597.87 603.81 0.9698 560.35 610.02 0.4246 627.11 650.36 0.9979 552.92 654.53 0.9965 643.84 710.92 0.9884 542.03 714.64 0.9806 648.64 765.97 0.9888 527.69 771.37 0.9819 611.77 772.60 0.9979 561.37 773.75 0.9974 617.73 852.85 0.9968 558.63 858.60 0.9981 630.13 899.71 0.9881 563.79 938.29 0.9906
145 470.66 562.84 651.57 1003.22 0.9354 579.64 608.12 0.9969 587.24 598.49 0.9962 570.89 600.43 0.9924 601.69 597.27 0.9452 560.59 602.06 0.7705 626.18 649.29 0.9975 539.54 647.77 0.9982 634.21 713.54 0.9841 511.11 698.96 0.9840 634.69 767.55 0.9863 488.11 737.96 0.9858 605.08 777.98 0.9969 551.18 776.13 0.9960 595.23 868.27 0.9970 551.51 861.55 0.9928 586.00 961.33 0.9841 559.91 931.91 0.9714
146 513.66 535.30 709.23 1020.10 0.9379 591.60 582.37 0.9951 598.52 572.45 0.9868 581.33 574.10 0.9944 609.86 573.30 0.7430 564.52 577.67 0.9393 638.08 625.80 0.9988 544.92 631.39 0.9971 667.62 683.13 0.9887 534.37 707.36 0.9765 688.10 720.31 0.9829 527.37 775.66 0.9758 620.81 772.66 0.9985 559.48 771.52 0.9976 605.43 878.43 0.9987 558.36 872.22 0.9985 584.19 966.98 0.9942 544.92 974.13 0.9929
147 337.07 506.84 766.16 1058.19 0.9379 648.05 562.03 0.9758 652.40 551.48 0.5658 639.01 551.04 0.9842 647.11 550.62 0.0277 607.39 546.90 0.9731 652.77 612.16 0.9882 553.91 601.46 0.9921 690.63 666.94 0.9872 468.51 631.01 0.9749 735.11 705.81 0.9815 391.52 650.74 0.9692 634.11 778.37 0.9935 566.47 780.15 0.9939 652.01 879.45 0.9899 567.40 895.31 0.9903 617.52 976.01 0.9854 557.67 1008.97 0.9842
148 537.53 393.20 799.50 1064.27 0.9259 747.02 557.64 0.9295 748.24 547.12 0.1403 742.52 544.32 0.9678 722.14 547.17 0.0041 710.62 536.49 0.9819 707.89 602.97 0.9117 659.59 587.69 0.9940 706.06 675.70 0.2148 662.11 519.76 0.9692 721.06 718.06 0.2253 689.51 448.93 0.9637 715.55 774.99 0.9866 664.25 776.47 0.9963 720.31 898.51 0.9913 633.57 894.29 0.9933 728.88 1026.40 0.9913 559.21 1000.34 0.9895
149 692.09 460.81 969.01 1069.60 0.9324 867.66 562.88 0.6487 866.32 550.67 0.0486 867.34 551.59 0.5352 831.06 541.96 0.0352 844.02 538.96 0.8537 782.55 583.09 0.9809 809.03 562.23 0.9912 732.32 659.70 0.9335 810.13 517.45 0.9275 716.70 737.28 0.9455 834.69 490.01 0.9107 788.74 760.53 0.9928 802.42 760.87 0.9953 771.58 889.31 0.9919 850.10 883.60 0.9936 729.80 1023.80 0.9873 892.26 1028.49 0.9893
150 804.67 434.01 1047.95 1072.83 0.9345 1006.91 566.66 0.1416 1000.18 558.05 0.0078 1007.76 556.72 0.0903 955.33 550.81 0.0310 988.54 544.11 0.7035 909.66 594.25 0.9778 968.12 561.22 0.9882 873.05 660.60 0.9763 1024.81 482.37 0.9753 833.88 728.55 0.9663 989.04 458.21 0.9482 928.86 757.00 0.9907 959.02 757.09 0.9962 970.82 880.21 0.9620 977.32 891.60 0.9867 905.61 973.46 0.9815 945.87 1027.96 0.9915
151 932.11 395.42 1297.21 1073.68 0.9371 1172.53 559.85 0.2807 1169.11 551.19 0.0134 1169.95 548.62 0.2019 1123.02 550.43 0.0307 1144.63 542.00 0.8376 1075.88 592.13 0.9828 1121.86 570.70 0.9932 1027.42 625.19 0.9779 1182.13 511.96 0.9913 969.55 639.62 0.9715 1248.42 446.56 0.9851 1086.53 760.72 0.9951 1095.29 764.86 0.9979 1140.76 880.54 0.9946 1101.18 894.55 0.9961 1142.00 1011.34 0.9915 986.78 997.76 0.9928
152 1119.28 516.63 1435.81 1058.33 0.9522 1333.60 578.17 0.7339 1330.29 564.57 0.0420 1332.09 566.26 0.7295 1290.15 558.48 0.0326 1307.65 559.68 0.9633 1244.53 596.57 0.9771 1265.84 611.50 0.9959 1200.17 607.85 0.7992 1228.00 675.53 0.9835 1183.97 610.66 0.7778 1222.45 750.36 0.9896 1228.13 780.32 0.9846 1260.01 787.37 0.9929 1203.22 888.14 0.9924 1316.65 900.13 0.9946 1147.24 1008.93 0.9886 1360.22 1025.00 0.9865
153 1344.74 485.93 1508.58 1073.11 0.9197 1491.31 548.25 0.4880 1489.95 537.37 0.0160 1489.75 535.76 0.5028 1457.61 535.28 0.0216 1469.73 533.26 0.9307 1442.11 594.31 0.9219 1413.49 591.56 0.9974 1423.45 698.98 0.0524 1388.05 685.19 0.9789 1435.42 784.86 0.0775 1398.97 776.18 0.9617 1441.79 778.91 0.9593 1413.95 783.85 0.9929 1480.29 882.71 0.9855 1409.97 899.06 0.9977 1424.31 992.98 0.9855 1377.64 1024.41 0.9923
154 1442.03 486.44 1787.98 1086.74 0.9401 1650.73 527.72 0.8727 1647.38 516.81 0.0988 1641.88 517.48 0.9154 1613.64 526.67 0.0135 1613.72 526.94 0.9790 1597.14 595.52 0.9007 1600.56 595.73 0.9962 1614.79 692.25 0.2153 1641.99 696.17 0.9884 1674.53 731.37 0.2348 1735.50 739.85 0.9841 1620.81 770.68 0.9828 1613.37 773.70 0.9964 1654.80 898.60 0.9938 1637.71 899.95 0.9965 1655.03 1044.78 0.9891 1487.10 985.30 0.9901
155 1626.34 481.85 2048.00 1119.93 0.9525 1830.28 526.83 0.6907 1822.70 515.96 0.0802 1822.61 515.76 0.7925 1774.19 524.75 0.1053 1798.81 525.11 0.9849 1730.82 603.61 0.9879 1816.95 605.47 0.9973 1721.60 684.68 0.5422 1905.31 682.09 0.9666 1782.88 705.48 0.1892 2015.90 700.13 0.8835 1743.12 793.49 0.9942 1802.96 802.06 0.9962 1726.37 902.51 0.9906 1880.02 931.67 0.9905 1662.78 1033.42 0.9869 1947.71 1073.79 0.9742
156 1793.83 450.18 2047.05 1130.70 0.9475 1988.59 506.11 0.1281 1977.70 494.64 0.0245 1987.01 493.22 0.2118 1917.08 501.51 0.2854 1972.04 498.82 0.9642 1857.91 579.46 0.9959 2002.73 574.04 0.9555 1820.70 684.94 0.9768 2048.00 617.71 0.0910 1813.84 765.92 0.9653 2026.99 621.47 0.0260 1867.18 787.17 0.9960 1962.14 789.17 0.9826 1879.94 905.94 0.9948 1977.07 921.52 0.9785 1834.11 1044.24 0.9927 1964.94 1080.19 0.9831
158 1926.50 477.65 2047.81 1128.99 0.8648 2033.14 539.22 0.0080 2036.84 527.86 0.0096 2037.32 527.31 0.0031 2039.67 531.54 0.0766 2047.81 528.63 0.0162 2030.07 592.29 0.8300 2035.99 593.95 0.0430 1984.24 684.62 0.9086 1999.61 686.52 0.0235 1994.29 668.61 0.3230 2005.26 676.47 0.0212 2041.34 784.21 0.3001 2046.96 785.69 0.0573 2040.97 926.86 0.3374 2041.78 931.28 0.0895 1978.85 1047.25 0.7186 1976.13 1049.85 0.4282
159 1968.75 508.06 2048.00 1083.94 0.3146 2032.52 600.68 0.0159 2027.06 589.83 0.0114 2030.86 589.73 0.0036 2030.69 587.44 0.0050 2035.05 587.51 0.0010 2045.84 627.80 0.0021 2046.23 626.01 0.0023 2036.97 659.28 0.1234 2041.81 657.76 0.1215 2016.54 642.74 0.3676 2017.90 643.38 0.4215 2045.50 777.70 0.0051 2045.22 774.97 0.0059 2039.97 870.50 0.0098 2039.10 872.00 0.0111 2033.37 965.02 0.0110 2033.29 964.93 0.0126
