48 68.66 0.00 593.86 280.14 0.5223 230.80 7.98 0.0036 227.16 3.26 0.0033 225.41 0.00 0.0031 222.64 0.00 0.0057 223.19 0.00 0.0075 233.57 10.23 0.0116 272.35 15.48 0.0382 294.44 48.89 0.0229 440.93 126.07 0.2677 343.14 108.50 0.0353 533.10 221.61 0.2776 282.45 41.03 0.7306 312.70 51.54 0.7948 369.49 101.47 0.6913 420.75 128.14 0.8136 443.47 163.71 0.8862 510.85 213.51 0.8947
49 0.00 0.20 621.85 353.94 0.9213 326.91 61.07 0.3905 324.76 38.12 0.1882 299.47 55.63 0.5283 321.86 0.05 0.0292 242.18 43.67 0.4128 350.21 0.00 0.4202 204.74 81.73 0.9893 402.94 24.93 0.0680 100.87 157.10 0.9730 424.07 94.22 0.0260 3.86 219.65 0.1342 480.36 152.76 0.9775 411.02 216.74 0.9920 537.69 259.10 0.9672 476.20 316.22 0.9355 552.14 299.95 0.8890 505.34 284.52 0.7615
50 93.72 5.23 718.35 541.09 0.9321 476.36 249.26 0.7818 475.69 228.20 0.5505 453.68 249.27 0.6626 465.91 190.08 0.2225 405.67 238.22 0.6783 479.79 145.33 0.9917 374.45 260.79 0.9965 501.22 57.00 0.9568 286.92 318.31 0.9964 465.52 0.11 0.5295 213.01 342.09 0.9914 577.23 298.45 0.9747 517.00 355.28 0.9787 626.11 413.82 0.9329 607.51 434.48 0.9477 682.03 451.21 0.7743 678.39 461.57 0.8289
51 384.77 185.48 889.10 610.90 0.3850 650.72 427.58 0.1530 636.67 425.11 0.0519 652.25 423.83 0.0703 591.31 415.92 0.2897 639.85 416.97 0.3447 571.91 408.24 0.9776 635.06 430.49 0.9360 443.46 384.14 0.8955 744.02 467.88 0.8006 462.20 360.53 0.8202 792.29 517.48 0.8105 649.15 426.88 0.9448 649.61 445.78 0.9118 696.79 426.84 0.6725 683.57 466.06 0.5777 761.20 459.17 0.6625 727.29 484.45 0.5686
52 621.02 353.14 897.89 701.13 0.3287 737.49 519.60 0.0887 724.65 516.72 0.0268 742.88 510.45 0.0257 693.51 537.73 0.2984 777.93 520.98 0.6439 692.02 565.40 0.9948 823.24 554.20 0.9838 678.47 521.13 0.9736 865.58 591.46 0.8155 707.08 440.23 0.8745 845.92 564.65 0.6651 765.15 582.13 0.9225 841.74 573.67 0.8648 787.75 574.93 0.6230 832.50 562.72 0.3739 820.70 568.50 0.7996 824.07 570.91 0.6559
53 761.88 510.93 1008.86 845.51 0.5865 950.35 808.76 0.4900 956.29 798.48 0.4694 940.15 806.44 0.5375 958.32 767.34 0.6287 908.12 781.98 0.7852 938.16 701.97 0.9747 857.53 758.89 0.9879 968.00 571.51 0.7349 794.85 765.32 0.8963 977.39 619.47 0.4492 777.76 822.78 0.8413 906.90 613.69 0.8953 863.83 639.34 0.8680 965.88 642.91 0.6598 928.02 670.54 0.5552 989.51 612.47 0.4222 930.11 616.35 0.3197
54 924.79 618.28 1250.19 1082.23 0.9124 1112.75 903.65 0.5311 1116.14 886.45 0.2839 1102.07 904.07 0.2591 1113.32 851.23 0.6352 1069.51 890.27 0.6458 1084.51 778.52 0.9983 995.24 915.66 0.9988 1113.50 764.07 0.9967 1002.31 996.92 0.9961 1117.61 748.85 0.9921 1092.47 1041.32 0.9927 985.20 773.66 0.9348 923.67 851.13 0.9413 1088.43 791.74 0.5123 999.63 914.74 0.7332 1067.02 764.32 0.2487 998.87 883.29 0.3970
55 985.73 731.02 1414.19 1365.46 0.9316 1338.20 1021.63 0.5015 1344.79 1004.75 0.2785 1332.34 1016.74 0.2573 1358.07 971.66 0.4780 1316.01 997.69 0.6807 1315.40 903.57 0.9957 1246.51 1028.01 0.9993 1255.32 823.01 0.9893 1203.86 1163.83 0.9893 1241.30 778.86 0.9819 1226.77 1287.96 0.9607 1194.07 908.89 0.9699 1130.25 961.32 0.9798 1216.19 972.19 0.7237 1034.85 992.28 0.8938 1170.75 936.99 0.5623 1017.33 888.87 0.8808
56 1098.33 874.47 1739.39 1227.93 0.9331 1455.47 1200.21 0.6115 1465.59 1191.50 0.2217 1443.47 1198.48 0.5134 1475.29 1156.57 0.4597 1414.96 1170.04 0.8553 1454.19 1049.12 0.9977 1332.53 1136.43 0.9986 1551.56 945.36 0.9951 1217.07 1091.80 0.9740 1652.22 918.69 0.9823 1157.49 1088.68 0.9641 1327.84 951.02 0.9771 1245.81 991.14 0.9828 1340.75 1091.23 0.8529 1235.65 1159.82 0.9763 1278.88 1006.74 0.7834 1158.68 1086.23 0.9591
57 1225.90 920.53 1830.61 1497.75 0.8947 1425.54 1332.84 0.7649 1432.86 1337.79 0.4420 1426.99 1330.70 0.8054 1452.06 1337.24 0.5367 1433.33 1317.90 0.8008 1507.33 1308.04 0.9986 1431.88 1258.69 0.9960 1668.76 1372.59 0.9829 1366.41 1097.93 0.9579 1784.46 1477.75 0.5089 1314.55 991.92 0.5745 1453.91 1117.99 0.9901 1434.70 1084.12 0.9865 1332.76 1063.49 0.9765 1339.42 1069.23 0.9728 1294.26 925.96 0.8024 1281.49 944.41 0.7296
58 1229.05 1099.15 1796.90 1497.47 0.8795 1550.82 1454.69 0.2641 1555.55 1448.60 0.2648 1536.37 1459.76 0.1249 1577.01 1430.43 0.7200 1523.54 1455.66 0.2952 1592.52 1383.26 0.9949 1480.39 1435.91 0.9916 1651.36 1316.95 0.9931 1375.43 1419.45 0.9422 1713.30 1272.50 0.9939 1273.76 1458.60 0.8402 1520.49 1247.62 0.9933 1439.86 1278.60 0.9911 1484.05 1263.51 0.9804 1367.42 1358.60 0.9830 1411.13 1179.28 0.9499 1251.96 1304.91 0.9406
59 1357.95 1194.30 1743.43 1500.00 0.7671 1579.52 1395.87 0.0847 1578.59 1393.55 0.0526 1584.10 1395.79 0.0269 1584.33 1410.59 0.1616 1612.26 1414.31 0.1186 1590.24 1452.26 0.8475 1658.29 1474.74 0.6333 1468.08 1366.15 0.9233 1671.98 1437.58 0.7587 1403.26 1255.22 0.9418 1619.81 1398.66 0.8405 1616.70 1478.97 0.1589 1654.38 1487.11 0.1352 1584.28 1406.68 0.0487 1620.36 1438.95 0.0333 1549.15 1361.85 0.0320 1579.66 1394.47 0.0237
81 0.86 1143.50 339.57 1500.00 0.8239 177.59 1437.58 0.0922 175.77 1435.79 0.0424 173.61 1426.84 0.1355 140.49 1443.41 0.0474 140.51 1421.67 0.2876 94.11 1481.52 0.1295 104.61 1432.67 0.5164 180.98 1457.98 0.0904 213.26 1333.73 0.8551 260.79 1400.21 0.2440 287.37 1244.24 0.8371 78.68 1500.00 0.0443 72.67 1500.00 0.0922 202.65 1406.93 0.1311 194.05 1371.97 0.1797 271.06 1359.91 0.1525 271.93 1328.29 0.1589
82 0.07 1134.96 340.34 1472.65 0.3891 9.47 1246.53 0.0411 8.30 1238.93 0.0155 3.42 1241.07 0.0157 9.10 1254.91 0.0098 0.00 1260.65 0.0151 12.47 1306.33 0.0803 10.36 1340.74 0.2489 55.30 1293.09 0.0801 88.16 1342.56 0.5319 94.94 1222.51 0.1215 144.21 1218.53 0.3892 83.83 1293.33 0.5693 87.08 1315.53 0.6613 136.24 1258.80 0.7161 152.48 1260.22 0.7311 260.73 1217.07 0.8340 281.78 1216.79 0.8268
83 0.30 928.06 338.98 1298.61 0.6377 21.57 1065.22 0.0053 15.25 1061.66 0.0030 16.05 1056.03 0.0102 0.00 1069.04 0.0039 0.00 1058.89 0.0379 11.22 1095.66 0.0432 4.44 1087.30 0.1362 67.09 1080.94 0.2185 53.77 1068.17 0.7322 20.55 1049.83 0.1083 15.74 1042.89 0.5455 72.29 1137.26 0.7907 68.27 1123.97 0.8353 190.93 1084.75 0.9248 166.90 1009.43 0.9310 259.06 1163.41 0.9774 251.68 1043.94 0.9860
84 0.00 775.83 344.62 1187.01 0.8591 1.17 993.19 0.0119 0.00 985.98 0.0117 0.06 981.44 0.0069 0.00 1002.50 0.0089 0.00 992.32 0.0100 2.06 1030.22 0.1148 0.00 1041.40 0.1148 41.62 1110.57 0.2550 31.58 1146.18 0.8357 109.57 1137.89 0.4306 129.05 1152.09 0.9339 62.85 990.48 0.8308 53.65 1001.17 0.8171 192.33 957.81 0.9362 167.33 921.36 0.8996 290.10 921.13 0.9559 273.20 860.75 0.9321
85 0.21 640.71 350.40 940.97 0.6088 55.40 766.00 0.0042 49.85 761.58 0.0034 50.35 757.30 0.0040 34.55 770.44 0.0168 30.75 764.10 0.0238 24.53 803.33 0.0427 30.69 814.19 0.1148 127.85 794.86 0.3031 142.74 796.93 0.7191 184.87 712.26 0.5155 185.16 708.63 0.7420 36.23 845.10 0.3158 42.38 856.75 0.5154 139.66 797.09 0.5688 163.45 805.03 0.8423 216.85 774.66 0.7621 272.26 810.33 0.9124
86 0.21 398.27 350.94 840.31 0.8090 9.47 633.51 0.0021 9.90 627.28 0.0021 1.51 625.37 0.0041 0.41 626.97 0.0093 0.00 624.67 0.1040 19.10 611.86 0.4374 0.00 666.19 0.1252 53.08 488.74 0.5309 5.25 744.96 0.5014 0.00 442.27 0.1213 24.67 781.42 0.8425 74.18 665.56 0.9340 72.25 686.56 0.9026 189.61 621.78 0.9215 169.88 582.29 0.9435 284.51 702.34 0.9803 251.41 663.33 0.9910
87 0.00 371.53 357.76 628.02 0.5123 11.77 443.03 0.0056 6.20 434.96 0.0079 11.10 434.00 0.0049 0.00 436.47 0.0882 2.45 435.34 0.0588 22.69 436.98 0.5478 9.61 450.04 0.0946 149.18 451.39 0.8097 155.68 465.63 0.1666 279.29 456.45 0.6236 278.48 448.35 0.2008 72.56 443.08 0.9167 63.35 459.04 0.8426 176.99 489.10 0.9161 175.42 503.86 0.9370 259.34 516.97 0.9162 265.64 537.07 0.9411
88 0.51 38.90 384.69 451.23 0.5455 47.72 165.68 0.0046 49.16 154.23 0.0042 44.84 146.02 0.0029 43.07 165.25 0.0113 25.37 148.31 0.0078 40.64 233.86 0.0316 44.75 223.50 0.0252 163.12 296.65 0.0480 159.12 295.35 0.0656 259.28 354.06 0.0546 256.30 344.90 0.0732 70.87 277.76 0.2734 88.65 279.00 0.2178 193.83 316.51 0.6910 201.37 316.24 0.6816 324.34 399.81 0.6455 329.10 399.62 0.6361
89 0.31 0.00 384.55 392.74 0.7977 93.98 31.78 0.0025 91.12 23.37 0.0023 91.22 19.38 0.0039 74.49 20.78 0.0045 70.35 13.85 0.0100 72.00 49.44 0.0046 79.49 46.05 0.0271 160.19 124.49 0.0065 178.39 135.67 0.0356 223.24 188.18 0.0115 243.42 200.77 0.0186 64.90 84.86 0.2630 77.76 81.26 0.4685 223.40 167.55 0.3885 217.11 151.70 0.7438 312.26 318.44 0.4452 303.71 250.04 0.8178
90 1.09 0.00 361.68 242.49 0.5973 147.34 15.05 0.0038 145.86 8.29 0.0041 143.15 6.99 0.0050 139.98 5.96 0.0104 125.88 4.39 0.0249 146.88 0.00 0.0184 110.67 26.90 0.0476 220.20 59.78 0.0555 188.64 104.41 0.5459 275.28 138.62 0.1110 274.67 181.99 0.5944 140.58 0.00 0.2069 123.15 8.03 0.3283 271.90 30.45 0.3162 203.51 80.03 0.5031 327.67 31.07 0.4627 287.12 126.43 0.4944
113 1748.76 29.26 2046.88 530.22 0.6671 2027.68 195.72 0.0055 2027.98 178.15 0.0048 2025.53 182.66 0.0031 2048.00 171.08 0.0036 2027.04 180.50 0.0021 2048.00 207.15 0.0031 2041.74 213.48 0.0266 1993.45 244.04 0.0101 1953.82 254.05 0.0842 1941.26 271.42 0.0072 1888.38 299.09 0.0246 2037.00 247.71 0.2881 2010.60 229.66 0.5111 1966.41 359.25 0.8701 1932.95 301.10 0.8714 1837.05 454.84 0.9717 1810.60 288.39 0.9847
114 1705.70 153.51 2046.73 542.87 0.5365 2011.28 257.28 0.0087 2012.31 241.68 0.0047 2013.40 246.06 0.0027 2029.78 236.53 0.0038 2019.38 243.72 0.0023 2043.83 276.20 0.0038 2048.00 285.18 0.0071 2036.39 287.14 0.0375 2033.20 291.80 0.2397 1933.20 336.93 0.3303 1935.73 338.54 0.8686 2014.67 391.51 0.3062 2001.63 382.01 0.4306 1908.76 453.14 0.6320 1895.63 443.17 0.5620 1791.88 482.86 0.5873 1784.09 475.45 0.4941
115 1624.31 180.14 2046.95 638.19 0.3188 1943.77 433.91 0.0221 1940.46 418.58 0.0233 1948.56 419.06 0.0055 1960.93 413.28 0.0464 1958.30 413.83 0.0094 1960.37 478.53 0.1427 1955.81 482.01 0.1593 1782.34 548.92 0.1781 1816.83 540.99 0.3655 1681.97 593.77 0.2735 1711.05 594.78 0.3800 2000.51 479.82 0.1937 1982.46 476.94 0.2942 1936.64 501.49 0.3756 1874.35 489.22 0.4609 1856.03 485.10 0.4535 1804.09 463.74 0.5608
116 1623.92 260.07 2046.70 802.18 0.8999 2037.47 582.15 0.1825 2038.97 561.11 0.0579 2017.65 582.97 0.0945 2031.58 529.12 0.2402 1992.34 580.35 0.5545 1980.70 468.29 0.9935 1922.96 627.24 0.9906 1941.75 375.74 0.9899 1834.14 666.27 0.8129 1907.41 309.14 0.9889 1824.01 696.23 0.6535 1812.96 550.24 0.9955 1788.17 623.49 0.9904 1795.17 571.43 0.9718 1765.95 699.22 0.9750 1708.22 591.62 0.9801 1687.48 721.85 0.9823
117 1491.47 388.12 2028.40 1080.20 0.8934 1852.16 739.16 0.5044 1862.02 730.48 0.2340 1840.52 729.66 0.3050 1875.01 713.91 0.3740 1819.67 709.43 0.5739 1885.61 706.99 0.9987 1783.23 687.74 0.9891 1933.87 794.85 0.9974 1773.39 586.63 0.8772 1959.27 859.79 0.9888 1773.88 531.93 0.7355 1722.42 656.97 0.9867 1663.81 644.11 0.9775 1667.00 753.40 0.9614 1621.37 762.01 0.9788 1613.47 732.37 0.8579 1584.97 753.71 0.9448
118 1310.13 482.49 1807.39 1116.44 0.9104 1724.91 705.59 0.6877 1719.13 686.79 0.2246 1711.57 708.95 0.4404 1709.30 669.08 0.2138 1682.19 722.02 0.7608 1706.59 640.03 0.9970 1666.88 790.72 0.9979 1757.68 565.21 0.9975 1686.94 926.86 0.9890 1766.65 511.77 0.9944 1695.36 1052.25 0.9541 1613.94 697.88 0.9851 1583.47 763.74 0.9851 1524.39 666.32 0.8457 1490.71 764.84 0.9295 1401.54 630.35 0.7925 1412.33 752.80 0.8793
119 1278.09 507.96 1578.59 799.14 0.8325 1491.10 601.63 0.0296 1495.67 597.19 0.0147 1500.39 592.63 0.0116 1500.65 599.62 0.5031 1524.87 586.80 0.4359 1471.72 629.63 0.9838 1530.00 602.97 0.9874 1398.15 670.47 0.6949 1440.63 560.18 0.8373 1365.62 674.86 0.2082 1361.56 549.71 0.5304 1375.05 680.13 0.9427 1392.29 666.93 0.9429 1356.63 687.00 0.4014 1354.37 691.26 0.4459 1334.11 661.81 0.4386 1313.47 680.51 0.3933
120 1075.51 461.23 1382.65 725.63 0.8814 1313.31 556.36 0.0176 1313.38 542.72 0.0085 1324.05 555.14 0.0120 1297.26 532.58 0.5652 1339.91 566.32 0.3519 1247.99 537.63 0.9865 1318.04 621.97 0.9700 1179.36 538.73 0.9033 1274.42 668.92 0.5477 1174.68 554.11 0.6619 1212.90 692.65 0.2313 1179.64 615.29 0.9760 1227.74 655.99 0.9749 1177.89 604.91 0.7771 1268.23 670.90 0.8918 1129.58 626.01 0.7294 1210.89 686.62 0.8283
121 911.48 419.52 1185.46 694.39 0.6944 1112.40 484.55 0.1478 1114.52 480.63 0.1229 1123.09 478.62 0.0921 1109.84 496.24 0.7838 1154.12 489.50 0.5518 1063.32 558.54 0.9916 1156.84 538.43 0.9799 996.07 564.84 0.8623 1103.72 512.93 0.5150 963.02 549.28 0.7192 1038.55 500.74 0.3075 1054.08 611.45 0.9779 1106.05 611.46 0.9769 1037.47 533.35 0.6265 1072.78 579.98 0.7224 978.41 516.28 0.6758 997.26 579.10 0.6373
122 684.03 377.76 1230.94 680.61 0.9222 943.97 476.45 0.9893 967.36 462.51 0.9935 932.87 453.51 0.9727 1002.74 465.75 0.9664 916.87 441.82 0.4751 1050.06 507.69 0.9887 888.37 444.76 0.9786 1118.36 567.13 0.9790 805.01 444.10 0.9719 1174.92 625.86 0.9822 739.97 464.04 0.9700 1022.29 580.03 0.9306 933.90 554.09 0.9096 1027.15 627.72 0.6235 920.29 598.61 0.4716 1045.14 614.76 0.4435 943.68 584.83 0.3876
123 527.30 379.55 1391.42 647.27 0.9247 944.34 490.77 0.9866 960.94 468.67 0.9898 924.85 473.98 0.9839 988.69 454.59 0.9523 903.47 465.12 0.7701 1049.30 474.21 0.9878 865.11 472.61 0.9855 1183.73 459.76 0.9911 739.64 467.61 0.9900 1315.14 442.56 0.9896 611.75 463.11 0.9903 1021.48 577.69 0.9218 934.94 581.36 0.8933 1041.30 614.97 0.6616 932.99 625.25 0.4227 1051.35 605.40 0.3511 954.86 593.83 0.1989
124 764.11 443.78 1166.12 706.26 0.8641 948.77 573.93 0.3668 955.85 558.66 0.5736 928.16 567.99 0.3300 974.19 525.50 0.7397 898.63 549.26 0.5733 1023.80 493.58 0.9935 864.82 527.62 0.9877 1092.09 479.23 0.9499 816.73 524.29 0.8609 1120.17 500.54 0.8018 825.38 537.72 0.7174 1029.14 570.14 0.9690 931.71 592.53 0.9853 1039.20 626.50 0.7775 938.21 657.69 0.9586 1025.15 608.38 0.5799 917.96 660.20 0.8806
125 797.46 539.80 1096.75 737.28 0.3703 930.89 705.77 0.2170 927.20 698.13 0.2211 921.58 698.47 0.2069 923.12 683.06 0.6505 916.24 683.30 0.5457 976.62 667.66 0.9534 917.30 646.48 0.8897 1079.24 629.56 0.7865 894.06 565.69 0.8494 983.14 636.19 0.2773 850.33 570.14 0.6327 984.21 652.92 0.2392 959.31 641.47 0.2015 993.12 690.45 0.0359 930.81 681.96 0.0214 950.72 670.94 0.1505 915.16 677.49 0.0806
126 615.93 641.65 1015.28 969.38 0.7606 875.31 873.94 0.3388 884.58 867.40 0.3497 864.54 866.64 0.2124 901.97 843.13 0.8110 842.49 838.48 0.5399 940.00 819.93 0.9898 814.64 799.51 0.9952 969.79 849.62 0.8756 727.40 850.60 0.9888 967.49 892.20 0.7853 668.21 931.40 0.9736 951.74 717.00 0.9610 888.92 704.69 0.9568 966.89 846.66 0.9577 884.09 836.10 0.8804 1010.33 825.14 0.8861 895.24 802.12 0.6866
127 787.18 851.78 1112.36 1170.87 0.8512 885.11 1112.16 0.3397 895.35 1106.66 0.4288 875.08 1108.38 0.2660 913.38 1080.09 0.8696 855.56 1080.16 0.5924 959.05 1029.80 0.9960 840.70 1009.71 0.9861 1033.49 984.42 0.9760 810.96 952.32 0.7367 1086.18 996.79 0.9514 808.42 965.46 0.4655 976.99 903.78 0.9663 901.87 899.01 0.9550 1006.50 932.75 0.6901 897.74 949.53 0.7097 1014.38 863.33 0.4401 898.66 890.27 0.5165
128 749.37 972.45 1004.81 1403.39 0.8893 827.79 1339.59 0.2777 819.57 1340.39 0.4945 821.96 1344.70 0.1383 825.67 1311.33 0.8337 821.25 1321.99 0.2698 867.39 1246.48 0.9905 840.51 1243.74 0.9727 893.14 1178.52 0.7995 822.42 1166.81 0.6477 909.38 1143.78 0.4199 818.46 1126.15 0.4100 931.66 1100.77 0.9882 911.07 1097.74 0.9820 950.70 1084.26 0.9589 932.50 1103.44 0.9599 972.12 977.46 0.9405 934.29 994.50 0.9422
129 700.53 1092.77 1027.48 1500.00 0.9024 844.63 1481.20 0.7888 838.29 1493.18 0.7493 848.81 1492.14 0.5046 832.43 1492.95 0.6547 872.68 1486.49 0.2801 806.45 1454.66 0.9731 898.67 1415.09 0.9490 723.35 1429.23 0.8001 970.83 1318.57 0.9337 728.32 1448.91 0.6321 992.52 1281.69 0.9015 869.98 1324.20 0.9726 905.68 1310.71 0.9637 887.17 1240.55 0.9390 925.66 1224.86 0.9093 923.79 1122.44 0.7305 937.62 1140.23 0.5663
130 823.07 1304.51 995.91 1500.00 0.4032 905.42 1404.21 0.0343 905.40 1394.40 0.0191 910.14 1394.22 0.0299 902.84 1410.79 0.0487 919.87 1409.27 0.0852 895.26 1471.64 0.1349 919.02 1469.04 0.1511 875.34 1471.95 0.1132 898.08 1471.53 0.0780 881.99 1442.44 0.3550 887.81 1440.37 0.2580 918.68 1488.92 0.1160 939.85 1484.35 0.1303 907.64 1428.55 0.4399 937.10 1417.26 0.5560 923.56 1385.28 0.8198 943.55 1389.63 0.8739
141 737.72 1328.30 942.61 1498.62 0.4740 841.39 1429.62 0.0058 835.78 1420.66 0.0039 852.45 1420.98 0.0090 818.42 1429.59 0.0197 869.18 1430.05 0.0575 798.10 1469.89 0.0145 879.68 1465.17 0.0851 774.37 1469.04 0.0128 898.78 1445.49 0.0734 774.59 1468.67 0.0640 889.56 1414.87 0.1942 810.36 1481.65 0.0190 873.39 1474.90 0.0662 811.76 1477.20 0.0547 889.74 1460.53 0.2429 831.95 1442.99 0.3412 905.74 1401.53 0.7567
142 795.98 1114.30 1077.44 1500.00 0.7830 894.94 1430.17 0.0132 890.55 1436.17 0.0165 901.43 1429.42 0.0078 893.75 1467.58 0.0242 924.71 1451.36 0.0215 885.11 1490.94 0.1540 956.27 1467.50 0.1341 867.39 1489.72 0.3259 1026.31 1460.15 0.7479 842.83 1445.90 0.6974 1054.14 1372.33 0.8991 906.63 1433.37 0.8141 939.37 1423.92 0.7953 920.33 1287.47 0.7730 936.35 1284.83 0.6962 950.39 1194.06 0.8188 972.27 1197.77 0.6819
143 912.41 1021.67 1163.32 1452.79 0.9114 1088.19 1378.95 0.5437 1091.83 1387.76 0.5837 1089.18 1381.60 0.5230 1078.22 1389.85 0.7051 1066.22 1370.34 0.4964 1021.25 1341.93 0.9683 1002.40 1300.38 0.9551 983.19 1197.89 0.8227 962.15 1171.43 0.9136 1006.15 1093.37 0.6858 992.52 1084.23 0.9211 987.50 1206.54 0.8949 959.48 1195.77 0.8426 1067.82 1197.67 0.7497 1034.54 1178.46 0.6659 1098.01 1105.80 0.4068 1070.69 1114.46 0.2822
144 1041.34 988.04 1319.12 1256.11 0.7900 1257.91 1143.25 0.5629 1264.66 1149.79 0.6250 1265.62 1142.15 0.3069 1254.92 1178.47 0.8133 1267.24 1159.56 0.2571 1200.16 1181.14 0.9878 1223.30 1160.04 0.9440 1120.70 1101.82 0.9946 1181.66 1053.85 0.9035 1110.70 1026.57 0.9894 1140.18 1025.53 0.9186 1111.51 1118.34 0.9439 1120.05 1112.50 0.8610 1150.34 1054.96 0.7392 1170.54 1063.28 0.5068 1112.70 1026.77 0.7063 1116.88 1049.49 0.4380
145 1106.27 756.37 1466.03 1056.14 0.8489 1329.09 957.12 0.7127 1340.20 954.69 0.6852 1334.21 945.80 0.3484 1371.90 947.01 0.8695 1346.56 924.81 0.3889 1364.50 949.22 0.9933 1301.26 959.47 0.9959 1396.30 915.56 0.9693 1207.69 993.80 0.9832 1432.46 866.09 0.9435 1194.87 1010.73 0.9725 1251.13 916.31 0.9713 1221.02 914.79 0.9661 1245.57 866.59 0.9592 1209.14 888.31 0.9467 1244.06 786.10 0.7724 1211.09 801.42 0.6939
146 1216.57 521.52 1523.11 859.92 0.7678 1457.26 692.20 0.2132 1464.87 684.10 0.3174 1459.68 684.20 0.0483 1466.61 702.86 0.8481 1446.44 703.99 0.1631 1434.86 751.78 0.9923 1352.87 775.98 0.9938 1375.78 696.78 0.7828 1262.26 762.73 0.7176 1346.54 597.82 0.6849 1272.05 700.17 0.8034 1319.05 752.26 0.6012 1261.13 766.64 0.5970 1370.36 726.80 0.6429 1245.79 749.27 0.4430 1339.55 666.10 0.7243 1222.83 650.98 0.6067
147 1100.38 376.78 1831.62 675.27 0.8941 1463.02 440.48 0.1000 1465.77 432.20 0.0910 1475.59 437.62 0.0108 1463.51 451.02 0.9187 1527.90 454.09 0.2943 1405.82 529.99 0.9958 1531.93 520.67 0.9956 1277.65 599.93 0.9931 1672.64 522.91 0.9917 1175.17 617.84 0.9915 1746.82 498.43 0.9669 1357.45 623.66 0.9470 1411.06 619.23 0.9211 1283.60 571.17 0.5388 1334.67 538.37 0.3346 1256.15 591.36 0.4522 1291.53 571.82 0.3480
148 1210.51 140.85 1604.93 693.43 0.9006 1376.46 273.02 0.7281 1385.20 277.08 0.8252 1388.15 265.58 0.1121 1411.08 320.15 0.9759 1443.04 287.06 0.0750 1386.94 409.08 0.9955 1483.43 301.46 0.9930 1330.89 551.04 0.9822 1555.84 156.99 0.9788 1261.74 642.50 0.9368 1495.29 206.52 0.7594 1338.63 456.96 0.8698 1378.71 408.33 0.8924 1309.06 406.21 0.5512 1295.97 379.90 0.5135 1293.52 420.16 0.4184 1260.51 428.33 0.3471
149 1190.31 59.43 1388.01 454.80 0.6738 1230.98 158.67 0.3195 1235.96 150.96 0.4141 1243.13 140.01 0.0033 1271.45 170.89 0.9816 1312.78 136.04 0.0214 1303.78 266.26 0.9981 1338.51 165.83 0.9858 1337.03 335.69 0.8904 1285.45 148.13 0.5344 1357.45 353.18 0.8771 1244.55 130.85 0.7846 1279.11 312.18 0.9163 1299.08 258.36 0.8663 1240.56 363.94 0.9055 1249.70 298.73 0.8158 1262.62 425.65 0.6059 1258.88 349.81 0.5559
150 1033.21 2.50 1257.31 386.02 0.8640 1091.94 18.35 0.2202 1099.95 10.46 0.0546 1096.30 0.30 0.0034 1142.22 8.82 0.0632 1131.57 0.00 0.0005 1185.39 83.48 0.9615 1158.19 0.00 0.5779 1211.95 218.37 0.9978 1158.91 8.69 0.2254 1210.50 333.66 0.9931 1128.55 14.27 0.2720 1155.63 199.56 0.9901 1124.69 155.45 0.9894 1117.06 265.48 0.9707 1068.49 238.51 0.9944 1176.11 316.21 0.9197 1139.53 328.17 0.9843
151 902.55 3.50 1136.09 318.20 0.8231 960.37 19.64 0.0018 953.34 10.59 0.0006 965.52 11.04 0.0005 951.36 8.29 0.0013 986.23 7.17 0.0015 959.97 20.03 0.0013 1002.46 4.79 0.0020 932.82 50.31 0.0343 984.62 32.85 0.0145 915.12 97.41 0.2840 936.52 81.66 0.0862 999.45 27.66 0.3401 1041.49 22.46 0.3454 969.47 128.72 0.9924 1021.20 131.57 0.9805 955.51 271.83 0.9939 1102.30 225.96 0.9889
152 561.60 0.00 970.02 232.57 0.7979 763.06 0.00 0.0045 765.06 0.00 0.0056 764.72 0.00 0.0019 780.66 0.00 0.0101 771.23 0.00 0.0028 781.21 0.00 0.0076 787.77 0.00 0.0035 686.32 0.00 0.0304 680.60 0.00 0.0123 614.54 5.44 0.4771 607.05 0.87 0.2034 833.24 0.29 0.1340 850.41 0.00 0.0877 851.22 57.95 0.6379 855.18 56.08 0.4218 937.23 197.65 0.7852 934.66 192.18 0.6632
