33 0.00 633.36 116.51 931.16 0.8822 12.65 671.05 0.8275 18.79 663.77 0.9339 7.56 664.73 0.5334 33.17 661.33 0.9030 4.36 664.27 0.0560 61.17 687.26 0.9919 0.37 688.80 0.3598 88.64 721.07 0.9880 0.00 716.70 0.0671 101.95 742.12 0.9799 5.36 697.23 0.2769 43.61 783.87 0.9813 8.68 782.96 0.7451 33.70 854.29 0.9659 13.08 851.52 0.5028 27.33 918.49 0.8745 14.50 912.98 0.3321
34 0.56 626.87 117.26 924.66 0.7975 49.85 658.76 0.9553 56.38 651.44 0.9615 43.56 652.17 0.9218 68.51 651.20 0.8500 35.36 653.25 0.4833 90.05 684.87 0.9922 25.00 685.98 0.9814 107.02 724.18 0.9096 4.83 721.50 0.8017 87.26 731.75 0.8082 8.42 702.22 0.7544 78.01 776.25 0.9851 38.80 776.53 0.9770 79.32 835.73 0.9538 46.11 838.52 0.9408 53.26 887.77 0.8951 51.66 899.06 0.8663
35 2.59 626.38 191.21 933.44 0.8804 92.87 655.96 0.9763 97.54 648.74 0.9505 85.85 649.98 0.9768 104.49 648.54 0.6569 74.60 651.90 0.8838 126.22 686.33 0.9982 51.10 686.81 0.9935 145.12 731.74 0.9921 20.89 723.97 0.9058 121.31 747.89 0.9833 6.81 699.26 0.8244 115.05 776.93 0.9963 68.44 778.81 0.9900 134.88 836.99 0.9959 59.43 845.41 0.9799 150.64 905.08 0.9853 55.32 912.51 0.9333
36 57.47 620.99 206.64 937.25 0.8356 151.60 653.65 0.9931 157.19 646.50 0.9808 144.10 647.35 0.9944 164.48 647.03 0.5843 130.83 649.30 0.9263 181.31 681.96 0.9962 114.91 681.87 0.9915 192.04 730.31 0.9914 91.80 722.88 0.9243 152.61 733.14 0.9919 81.53 714.75 0.9133 173.67 781.32 0.9962 129.31 780.18 0.9933 173.32 849.47 0.9944 126.52 846.55 0.9883 163.72 910.52 0.9779 118.04 909.17 0.9590
37 98.17 621.02 233.19 946.19 0.9196 153.50 654.01 0.9816 160.67 647.26 0.9925 151.28 647.16 0.7089 182.26 647.29 0.9837 152.75 648.21 0.0165 205.94 681.90 0.9950 148.78 682.66 0.9813 196.68 728.47 0.9958 141.75 724.66 0.8777 139.36 727.83 0.9944 119.21 726.26 0.8613 194.11 782.64 0.9971 150.75 782.46 0.9946 198.84 847.32 0.9954 152.04 853.92 0.9946 212.67 903.69 0.9853 160.94 919.85 0.9859
38 124.35 621.69 256.79 941.26 0.9191 169.15 657.37 0.8664 170.71 649.63 0.9287 169.88 650.57 0.0874 188.21 647.70 0.9809 185.73 650.23 0.0075 216.80 681.51 0.9974 196.81 680.95 0.9791 191.44 730.58 0.9942 179.55 707.56 0.8383 155.30 728.15 0.9845 159.60 690.22 0.8423 220.02 784.85 0.9969 193.41 782.36 0.9917 227.16 851.63 0.9957 175.71 846.74 0.9938 240.53 918.29 0.9878 174.29 912.90 0.9889
39 141.30 625.71 254.53 939.70 0.9145 159.35 663.21 0.5973 157.83 655.72 0.7185 159.70 656.62 0.0289 169.90 650.42 0.9716 177.34 653.17 0.0147 207.52 677.97 0.9981 189.38 677.94 0.9847 199.60 731.11 0.9956 174.55 703.81 0.8900 165.14 760.69 0.9903 159.95 690.00 0.9066 214.49 779.28 0.9970 193.45 778.06 0.9921 223.72 845.78 0.9962 190.52 846.41 0.9937 239.86 910.87 0.9887 198.70 911.25 0.9867
40 121.58 627.26 253.33 940.18 0.9149 140.89 668.37 0.7216 139.41 660.31 0.8011 139.42 661.94 0.0626 151.28 651.16 0.9684 154.97 655.84 0.0182 191.06 674.48 0.9985 171.41 677.47 0.9656 201.91 726.63 0.9941 175.93 712.71 0.1847 192.73 777.33 0.9881 171.17 724.65 0.1686 203.00 782.60 0.9965 180.30 782.44 0.9854 219.01 843.37 0.9962 181.55 844.42 0.9877 238.35 909.22 0.9930 198.19 909.86 0.9878
41 111.64 627.85 252.67 941.08 0.9220 130.75 670.71 0.7194 128.60 662.37 0.8004 128.91 664.34 0.0477 141.79 651.09 0.9663 145.67 656.84 0.0100 185.00 673.56 0.9981 165.14 679.62 0.9430 195.64 727.95 0.9948 174.37 732.03 0.1995 179.17 777.98 0.9877 167.42 774.93 0.2093 197.55 783.49 0.9958 174.65 783.85 0.9808 215.32 845.30 0.9959 179.01 847.01 0.9862 236.78 910.56 0.9928 197.91 910.22 0.9869
42 79.48 624.85 216.61 945.13 0.9240 110.56 663.76 0.9640 111.99 655.28 0.9856 108.46 657.70 0.1632 133.23 647.87 0.9888 123.80 654.19 0.0022 171.88 677.77 0.9965 142.09 684.32 0.9810 197.89 729.27 0.9936 137.88 727.95 0.9285 195.88 780.82 0.9928 101.93 731.02 0.9557 175.54 784.91 0.9938 159.38 784.71 0.9874 152.99 846.78 0.9945 175.61 848.29 0.9901 154.23 921.32 0.9845 198.94 911.29 0.9806
43 0.40 611.57 263.34 954.32 0.9298 82.97 641.63 0.9900 90.82 634.00 0.9966 79.16 635.44 0.7962 112.46 636.16 0.9943 81.19 640.42 0.0187 137.50 672.04 0.9984 75.32 673.79 0.9956 186.42 678.11 0.9970 31.42 669.08 0.9373 228.61 673.20 0.9957 1.37 653.90 0.9049 125.10 780.54 0.9976 85.99 780.89 0.9954 109.40 850.54 0.9985 76.63 845.34 0.9938 97.31 922.96 0.9939 142.22 881.38 0.9899
44 0.00 594.32 260.32 968.63 0.9133 59.98 627.74 0.9886 67.15 620.09 0.9846 49.58 622.06 0.9943 77.35 626.87 0.7681 35.64 631.86 0.9226 103.30 665.06 0.9983 21.48 662.86 0.8933 159.47 647.24 0.9931 0.00 635.50 0.0744 214.67 623.94 0.9800 0.52 615.77 0.0782 85.35 787.32 0.9940 27.89 785.39 0.9508 87.97 865.17 0.9815 5.55 856.45 0.7941 85.36 931.76 0.9348 1.44 932.34 0.6589
45 0.00 587.50 192.25 974.50 0.9412 42.30 616.15 0.9697 43.89 609.08 0.7953 30.72 611.11 0.9902 45.77 614.90 0.0207 5.93 620.68 0.8686 65.24 654.63 0.9803 0.00 663.65 0.0522 116.44 646.07 0.9881 0.00 708.36 0.0041 160.49 623.33 0.9850 5.12 736.59 0.0373 57.14 787.32 0.9802 8.68 789.12 0.5738 67.04 860.58 0.9808 3.41 864.15 0.4008 53.09 939.76 0.9182 3.27 941.34 0.2191
46 0.01 585.53 213.56 985.72 0.9276 74.48 617.32 0.9812 77.08 609.13 0.7861 63.15 611.25 0.9958 78.06 613.61 0.0211 36.22 618.74 0.9865 93.99 654.72 0.9953 15.21 660.77 0.8125 142.89 654.67 0.9823 0.00 702.66 0.0580 184.12 638.60 0.9679 0.00 754.54 0.0951 93.74 789.28 0.9978 35.92 789.90 0.9841 85.91 874.04 0.9944 29.75 873.32 0.8912 68.23 957.36 0.9154 0.00 929.35 0.4694
47 25.84 587.33 163.36 1001.90 0.9327 136.16 628.73 0.9789 139.34 620.27 0.6554 126.65 620.24 0.9923 136.31 623.05 0.0086 98.15 622.08 0.9859 140.97 669.90 0.9634 57.34 669.11 0.9917 146.79 735.25 0.6628 35.97 736.70 0.9757 147.14 792.01 0.7842 43.10 796.04 0.9808 132.94 794.71 0.9879 84.89 795.10 0.9932 102.95 877.90 0.9957 111.08 873.15 0.9974 64.47 957.32 0.9921 123.19 965.64 0.9921
48 80.20 574.12 257.87 1006.22 0.9357 214.18 619.83 0.9737 216.59 611.50 0.3584 206.80 609.90 0.9906 207.64 611.56 0.0023 176.13 606.74 0.9926 202.95 658.75 0.9668 127.47 653.29 0.9956 204.05 729.19 0.3405 93.73 719.78 0.9813 212.19 786.38 0.3053 104.09 781.47 0.9750 204.04 792.71 0.9920 149.41 796.39 0.9960 233.31 863.32 0.9964 142.43 884.82 0.9971 205.45 958.85 0.9944 129.95 972.68 0.9887
49 88.01 579.78 377.25 1001.14 0.9296 315.83 625.85 0.9811 319.89 617.84 0.4524 309.60 615.63 0.9920 313.99 617.12 0.0044 281.91 610.88 0.9930 306.27 656.45 0.9922 241.99 651.51 0.9983 324.55 673.68 0.9648 181.57 648.28 0.9866 355.39 677.10 0.9679 134.20 635.26 0.9771 308.87 793.52 0.9984 260.01 794.29 0.9990 313.73 880.35 0.9989 262.58 883.24 0.9979 296.91 969.34 0.9945 191.58 934.20 0.9887
50 273.46 480.16 493.25 1009.52 0.9297 416.81 627.89 0.9809 419.25 621.35 0.4277 411.73 618.79 0.9862 409.07 623.99 0.0041 385.70 617.15 0.9782 400.43 655.93 0.9715 352.03 652.20 0.9933 422.91 589.85 0.9395 331.22 594.70 0.9854 435.04 525.78 0.9837 343.76 531.95 0.9908 395.98 784.64 0.9981 370.48 784.99 0.9990 360.50 880.31 0.9986 414.52 872.76 0.9993 302.98 961.01 0.9923 438.29 975.48 0.9944
51 420.81 508.47 591.25 1012.75 0.9217 519.55 619.13 0.9704 523.16 611.24 0.4256 514.64 609.28 0.9782 512.45 609.89 0.0092 489.84 604.12 0.9703 496.19 646.61 0.9497 458.54 635.59 0.9968 505.32 646.85 0.2120 470.65 575.68 0.9918 523.23 630.95 0.3485 509.11 526.11 0.9907 507.05 780.31 0.9948 467.53 783.79 0.9983 537.86 868.23 0.9968 465.08 884.88 0.9987 528.08 962.90 0.9941 448.01 977.95 0.9938
52 520.99 558.56 677.28 1008.69 0.9168 637.18 619.98 0.9578 641.41 611.50 0.4339 630.44 610.23 0.9699 634.22 611.51 0.0128 608.30 607.53 0.9589 619.08 649.44 0.9465 585.58 640.56 0.9962 620.81 675.79 0.1304 565.39 632.00 0.9865 622.71 655.48 0.1340 583.53 594.19 0.9784 625.17 776.14 0.9935 599.17 775.12 0.9978 634.92 876.20 0.9970 629.75 872.81 0.9981 618.91 977.75 0.9887 546.92 937.58 0.9882
53 601.52 568.81 833.33 1018.35 0.9361 753.55 628.51 0.9737 755.99 620.23 0.3344 749.26 617.87 0.9832 738.52 618.53 0.0085 728.03 612.56 0.9798 723.96 655.06 0.9458 699.83 645.62 0.9955 713.79 663.32 0.1667 681.52 635.31 0.9676 706.96 643.87 0.3507 685.93 604.08 0.9677 724.13 785.07 0.9940 719.79 783.37 0.9982 693.92 884.66 0.9975 763.13 878.24 0.9993 633.30 967.90 0.9905 774.85 983.47 0.9934
54 754.81 471.44 943.04 1022.39 0.8934 864.40 625.09 0.9741 867.60 618.67 0.1352 864.44 615.66 0.9668 847.37 610.74 0.0055 843.74 602.19 0.9774 809.31 648.22 0.9757 813.87 621.37 0.9992 776.37 719.56 0.7156 830.77 563.21 0.9988 776.55 778.80 0.7546 858.65 506.87 0.9972 832.23 778.83 0.9914 817.99 778.34 0.9978 874.09 862.20 0.9948 803.91 885.93 0.9983 885.91 957.85 0.9881 782.69 985.48 0.9869
55 795.78 509.19 1079.28 1019.19 0.9442 993.09 648.49 0.9304 997.15 642.10 0.2663 991.47 638.67 0.9189 979.09 637.82 0.0211 972.39 623.91 0.9033 947.74 670.45 0.9343 945.74 637.64 0.9865 913.87 731.12 0.6834 984.34 587.35 0.9780 901.23 790.70 0.6636 1034.81 537.80 0.9842 972.74 796.92 0.9884 948.35 796.30 0.9950 1012.58 872.40 0.9930 929.10 886.57 0.9944 1024.17 971.94 0.9908 827.47 953.42 0.9897
56 995.37 575.26 1173.48 1001.16 0.9107 1097.52 629.60 0.9657 1102.49 620.62 0.2507 1093.95 618.28 0.9791 1085.49 612.34 0.0084 1074.73 606.57 0.9727 1053.24 642.09 0.9269 1048.71 628.06 0.9953 1041.37 690.58 0.0768 1018.24 654.10 0.9579 1052.54 718.52 0.0991 1014.99 697.93 0.9172 1036.13 764.64 0.9900 1038.45 760.88 0.9969 1042.76 867.95 0.9971 1080.19 854.30 0.9989 1027.67 969.05 0.9946 1107.46 951.79 0.9964
57 1010.66 514.62 1271.27 1006.40 0.9246 1193.22 637.28 0.9779 1193.72 628.86 0.1901 1187.13 630.05 0.9851 1177.47 622.42 0.0021 1158.10 626.25 0.9922 1163.83 640.54 0.9831 1127.13 670.35 0.9977 1199.54 590.40 0.8848 1087.74 722.42 0.9974 1226.04 559.85 0.9512 1090.86 783.45 0.9981 1141.60 781.67 0.9974 1138.03 789.01 0.9987 1099.26 871.24 0.9982 1188.35 869.56 0.9990 1039.18 955.85 0.9897 1209.08 973.61 0.9891
58 1190.36 558.68 1324.64 1007.18 0.9000 1299.49 610.82 0.9571 1300.22 601.67 0.1879 1293.86 602.01 0.9800 1284.18 598.81 0.0032 1266.24 599.84 0.9896 1267.85 635.35 0.9740 1231.96 647.13 0.9960 1275.03 658.68 0.7212 1208.32 714.05 0.9842 1304.83 658.39 0.7919 1207.76 778.91 0.9801 1261.57 774.46 0.9909 1234.06 777.99 0.9969 1272.20 868.39 0.9943 1241.56 872.78 0.9989 1225.74 949.40 0.9798 1212.96 969.12 0.9916
59 1215.42 462.59 1488.17 1015.28 0.9406 1403.86 598.41 0.8968 1407.60 590.65 0.2246 1399.44 588.49 0.9059 1392.17 594.32 0.0149 1375.01 584.89 0.8984 1374.40 644.43 0.8555 1351.50 628.81 0.9870 1373.30 715.86 0.2237 1380.39 564.26 0.9809 1389.02 753.31 0.2662 1423.41 498.13 0.9860 1391.75 785.56 0.9832 1359.22 786.79 0.9952 1409.19 879.30 0.9858 1331.22 879.30 0.9901 1423.89 982.78 0.9877 1241.94 948.22 0.9876
60 1403.74 524.68 1672.85 1014.23 0.9152 1543.07 599.92 0.9556 1545.04 589.64 0.1599 1536.81 589.45 0.9564 1522.22 587.57 0.0076 1514.25 586.78 0.9092 1495.74 639.23 0.8677 1489.09 614.78 0.9970 1495.62 716.51 0.5191 1490.48 566.93 0.9902 1529.86 763.13 0.9191 1522.83 519.87 0.9871 1484.50 773.83 0.9963 1493.36 773.00 0.9993 1464.63 878.58 0.9985 1544.80 875.61 0.9996 1428.59 977.79 0.9923 1587.02 977.65 0.9965
61 1572.22 492.35 1712.75 1022.96 0.9068 1673.12 590.53 0.2171 1671.55 582.19 0.0089 1671.84 580.85 0.1360 1636.63 579.82 0.0360 1656.45 576.24 0.5571 1597.69 625.12 0.9882 1642.72 594.61 0.9961 1585.87 703.25 0.9948 1660.79 544.05 0.9899 1596.67 773.82 0.9957 1665.49 503.38 0.9671 1620.67 759.75 0.9952 1651.79 758.14 0.9975 1655.56 856.32 0.9921 1672.40 868.91 0.9966 1623.24 945.65 0.9764 1630.99 975.83 0.9833
62 1666.87 433.43 1917.38 1009.66 0.9357 1818.10 586.21 0.3290 1813.64 578.70 0.0196 1814.93 577.24 0.2283 1771.95 578.98 0.0328 1790.86 572.64 0.8185 1735.43 627.28 0.9808 1780.59 600.38 0.9922 1710.62 702.44 0.9685 1832.44 536.55 0.9897 1696.98 769.53 0.9478 1881.20 473.64 0.9836 1753.74 764.42 0.9914 1780.47 764.71 0.9962 1789.66 869.58 0.9808 1805.63 870.36 0.9900 1800.06 979.88 0.9769 1702.67 942.74 0.9876
63 1787.37 534.07 1983.36 1016.53 0.8554 1956.38 593.14 0.8771 1958.87 584.42 0.1017 1948.80 581.10 0.9036 1936.92 585.27 0.0043 1917.00 577.79 0.9241 1917.28 638.69 0.9189 1875.37 618.36 0.9943 1916.53 702.93 0.0539 1846.26 617.89 0.8165 1934.82 750.19 0.0613 1861.53 601.54 0.6186 1910.08 778.36 0.9418 1880.78 775.38 0.9851 1932.34 875.27 0.9305 1894.12 866.71 0.9739 1929.47 981.41 0.8873 1824.11 947.01 0.9425
64 1896.42 529.10 2047.88 1027.83 0.9084 2016.96 589.27 0.9476 2025.52 577.79 0.7979 2005.87 577.32 0.9784 2031.73 574.36 0.0541 1979.69 572.94 0.9510 2041.17 630.52 0.4649 1940.40 631.73 0.9961 2048.00 717.66 0.0133 1913.59 713.01 0.9844 2044.87 786.15 0.0437 1913.53 781.65 0.9660 2032.49 787.83 0.6322 1967.10 789.40 0.9766 2033.65 895.17 0.2544 1964.68 896.26 0.9534 2012.28 990.24 0.1136 1933.10 991.05 0.7684
65 1955.09 520.79 2047.95 991.10 0.6903 2025.62 581.13 0.7996 2034.97 569.40 0.5970 2016.81 569.91 0.8309 2037.47 567.98 0.1918 2000.48 569.81 0.5281 2015.76 620.62 0.6362 1992.37 623.34 0.7004 1995.56 702.11 0.1692 1987.39 703.84 0.1860 1992.81 758.48 0.1388 1999.49 759.73 0.1047 2024.41 777.76 0.5101 2014.87 780.30 0.4548 2010.63 886.12 0.6579 2004.63 885.78 0.4320 2004.52 993.10 0.5705 1998.80 994.57 0.3468
66 1935.41 518.61 2046.97 1064.20 0.8290 1983.57 582.55 0.9217 1995.37 569.19 0.9399 1972.21 571.75 0.9078 2014.02 566.75 0.6482 1961.37 573.33 0.3329 2013.94 622.92 0.4058 1960.84 630.81 0.9526 2005.31 692.17 0.0286 1968.13 701.53 0.4688 1997.81 743.54 0.0619 1988.58 748.56 0.2018 2020.41 781.43 0.3704 1987.75 785.72 0.7419 2002.88 904.40 0.1724 1980.77 906.44 0.5121 1991.39 1018.45 0.1132 1978.34 1023.07 0.3562
67 1680.86 481.35 2046.84 1081.90 0.9190 1979.76 542.36 0.9799 1994.20 529.35 0.9913 1964.77 531.37 0.9855 2019.52 528.65 0.8750 1947.33 532.92 0.6564 2039.52 590.06 0.3228 1923.89 596.33 0.9872 2014.01 608.33 0.0211 1823.12 602.20 0.9850 1961.01 608.33 0.0414 1732.96 603.02 0.9780 2028.28 781.55 0.6532 1952.22 786.35 0.9750 2034.62 908.19 0.6158 1963.11 912.93 0.9566 2030.85 1037.52 0.4850 1989.91 1028.15 0.8787
68 1852.31 329.11 2046.63 1122.42 0.9200 1961.01 506.06 0.9843 1975.76 486.77 0.9948 1943.43 496.66 0.9734 2011.69 484.15 0.9214 1931.03 503.92 0.2971 2047.05 562.87 0.5197 1924.18 554.75 0.9822 2033.95 564.91 0.0434 1876.08 464.04 0.9911 1988.97 517.84 0.0711 1943.20 379.63 0.9921 2025.94 781.22 0.7588 1931.87 777.61 0.9845 2031.01 923.55 0.7302 1916.50 893.78 0.9751 2022.13 1062.04 0.6516 1967.18 1015.30 0.9490
69 1804.08 436.04 2047.04 1165.75 0.9296 1895.54 506.61 0.9682 1907.01 486.70 0.9878 1878.92 497.75 0.8822 1946.37 479.01 0.9535 1868.85 503.78 0.1177 2018.41 556.75 0.8892 1875.83 560.80 0.9813 2040.24 566.75 0.3048 1826.05 462.04 0.9524 1975.78 516.83 0.3374 1894.66 462.26 0.9365 1992.74 792.94 0.9546 1884.55 793.76 0.9937 2017.09 950.39 0.8824 1885.27 944.77 0.9846 2030.90 1108.43 0.7898 1892.94 1101.26 0.9660
70 1742.53 239.03 2046.79 1189.76 0.9442 1861.33 466.09 0.9852 1875.03 441.67 0.9960 1838.69 455.89 0.9328 1913.17 429.17 0.9844 1823.90 460.44 0.2222 1999.07 527.22 0.9861 1818.14 519.27 0.9917 2027.03 649.51 0.8338 1769.13 410.31 0.9886 2028.53 760.05 0.8196 1854.04 291.09 0.9916 1947.53 800.59 0.9860 1825.10 804.38 0.9958 1939.31 976.36 0.9406 1859.09 969.76 0.9847 1957.48 1147.97 0.7826 1894.36 1105.54 0.9531
71 1581.81 184.76 2046.12 1293.85 0.9492 1834.43 405.11 0.9894 1848.16 377.07 0.9964 1807.81 396.97 0.9704 1896.33 361.46 0.9845 1795.78 404.68 0.3497 1999.41 486.17 0.9803 1791.63 462.47 0.9946 2046.02 625.93 0.4642 1682.13 374.13 0.9885 2034.09 720.00 0.1205 1628.29 259.39 0.9888 1937.88 806.15 0.9823 1799.34 791.87 0.9954 1934.70 1008.02 0.9624 1771.16 957.65 0.9862 1916.33 1202.00 0.9324 1833.81 1102.99 0.9823
72 1429.18 214.32 2046.96 1378.15 0.9514 1720.18 352.19 0.9894 1736.33 323.64 0.9976 1694.24 345.01 0.9857 1790.67 321.99 0.9872 1681.82 371.45 0.5068 1893.35 418.87 0.9915 1686.15 496.52 0.9980 2029.16 313.20 0.5196 1598.33 612.31 0.9951 2019.93 304.35 0.0313 1492.15 670.91 0.9859 1871.24 801.00 0.9914 1713.76 808.22 0.9966 1892.98 1037.69 0.9797 1697.15 1037.89 0.9956 1913.73 1205.44 0.9778 1708.12 1275.59 0.9907
73 1469.61 164.89 2046.82 1475.83 0.9557 1544.42 274.97 0.9898 1563.20 243.09 0.9988 1513.27 267.80 0.9866 1621.97 239.61 0.9949 1499.60 296.94 0.6384 1733.90 335.02 0.9988 1525.00 446.82 0.9809 1986.68 300.94 0.9294 1559.90 593.42 0.5042 2031.39 264.31 0.0494 1588.14 693.41 0.0840 1762.08 777.07 0.9973 1609.14 804.67 0.9951 1758.96 1074.48 0.9880 1647.89 1072.21 0.9905 1771.75 1380.45 0.9491 1691.66 1280.52 0.9880
74 1338.66 3.85 2046.12 1478.96 0.9532 1473.47 115.86 0.9922 1499.76 71.58 0.9978 1435.33 103.69 0.9875 1580.90 72.24 0.9924 1419.40 144.74 0.6431 1716.15 255.99 0.9969 1418.46 353.73 0.9958 1870.01 495.61 0.9823 1414.75 573.93 0.9951 2025.90 666.74 0.4538 1400.41 771.84 0.9787 1663.21 815.93 0.9968 1450.80 825.92 0.9985 1624.39 1188.42 0.9718 1425.65 1127.42 0.9916 1615.53 1464.10 0.7147 1537.34 1288.29 0.9665
75 938.15 7.86 1647.57 1482.40 0.9472 1234.81 10.02 0.5110 1276.32 0.00 0.0209 1208.48 0.00 0.0218 1372.56 0.00 0.1832 1189.38 29.77 0.0354 1471.37 120.89 0.9918 1160.53 271.84 0.9993 1452.58 403.24 0.9957 1071.54 558.29 0.9980 1308.12 749.22 0.9955 1008.43 806.33 0.9920 1420.79 865.29 0.9980 1180.25 899.96 0.9969 1489.85 1322.09 0.9899 1110.83 1342.79 0.9546 1584.72 1500.00 0.0125 1132.06 1500.00 0.0042
76 461.08 11.61 1307.47 1486.85 0.9690 892.77 25.49 0.0217 914.06 0.00 0.0015 879.47 0.00 0.0019 963.79 0.00 0.0067 872.45 0.00 0.0078 1034.11 43.85 0.3215 868.81 120.47 0.8543 1045.05 133.27 0.9670 711.17 421.54 0.9893 883.25 561.23 0.9906 557.36 741.04 0.9834 1059.27 776.75 0.9875 966.83 787.00 0.9802 961.08 1366.09 0.9439 957.34 1359.42 0.7777 980.30 1500.00 0.0101 943.72 1484.54 0.0038
77 164.41 6.95 1205.65 1479.90 0.9397 701.55 59.52 0.0006 678.18 28.51 0.0002 698.35 31.20 0.0005 574.12 0.00 0.0006 689.04 6.16 0.0028 432.89 87.19 0.0040 810.85 49.47 0.0356 453.59 308.19 0.0411 935.96 255.42 0.9761 566.89 500.17 0.0261 1099.72 536.85 0.9785 470.74 709.64 0.9846 768.31 699.94 0.9948 427.09 1266.54 0.7036 553.86 1247.51 0.6728 541.38 1427.76 0.0293 515.03 1420.65 0.0122
78 2.94 9.96 916.52 1476.72 0.9634 510.59 46.54 0.0008 475.59 6.28 0.0001 518.95 10.97 0.0005 367.54 0.00 0.0011 533.48 0.00 0.0080 212.66 73.54 0.0083 667.72 76.47 0.4916 181.52 439.13 0.0074 777.37 445.37 0.9829 239.48 670.88 0.0164 836.40 832.77 0.9786 200.83 851.97 0.9440 559.55 851.97 0.9972 241.31 1471.31 0.1831 481.48 1423.93 0.7843 295.95 1500.00 0.0005 463.58 1489.82 0.0042
79 0.17 9.23 680.53 1486.72 0.9682 405.49 90.01 0.0015 372.81 46.03 0.0003 421.87 63.42 0.0052 247.59 4.38 0.5260 440.24 46.58 0.9822 118.72 135.92 0.9122 550.90 232.75 0.9942 37.38 335.44 0.6454 634.10 574.25 0.9905 3.28 690.84 0.5384 608.78 778.30 0.9861 179.47 798.88 0.9904 477.06 826.20 0.9970 115.71 1279.01 0.9922 423.24 1300.19 0.9926 134.63 1500.00 0.0062 403.84 1498.19 0.0066
80 1.00 65.66 480.76 1491.84 0.9611 235.58 225.96 0.0016 215.61 187.61 0.0059 253.63 210.15 0.0081 160.48 173.43 0.9787 317.80 221.26 0.9861 77.87 285.55 0.9776 388.30 378.78 0.9967 35.89 462.03 0.9091 427.83 654.65 0.9814 15.84 721.05 0.7974 401.44 725.36 0.8342 106.84 819.08 0.9902 319.37 844.21 0.9939 132.37 1161.81 0.9949 340.23 1150.34 0.9968 185.69 1450.94 0.9345 362.12 1438.98 0.9696
81 0.29 203.24 407.55 1481.52 0.9497 185.34 335.38 0.0018 170.59 306.58 0.0156 202.80 317.38 0.0115 111.12 303.92 0.9861 249.76 322.38 0.9774 24.95 424.65 0.7115 294.49 435.45 0.9932 2.23 605.28 0.0165 368.45 560.25 0.9647 50.87 719.51 0.0264 364.49 740.28 0.9762 72.72 839.62 0.9731 253.76 838.73 0.9978 121.17 1129.53 0.9861 255.46 1061.45 0.9972 187.67 1416.54 0.9619 238.56 1221.47 0.9947
82 0.43 309.13 370.68 1338.96 0.9500 142.09 410.92 0.0044 131.05 390.12 0.0240 156.92 395.23 0.0105 100.89 392.65 0.9825 215.69 401.46 0.9487 55.53 491.22 0.9451 282.16 512.53 0.9966 3.90 603.71 0.0661 331.34 693.20 0.9824 34.45 638.94 0.0208 344.55 803.04 0.9643 92.62 815.16 0.9854 249.71 829.35 0.9978 57.83 1009.87 0.9871 214.39 1035.00 0.9971 92.39 1211.98 0.9843 188.67 1257.98 0.9914
83 0.28 388.95 263.44 1282.07 0.9370 97.32 473.21 0.0062 88.28 455.01 0.0288 109.44 463.63 0.0106 61.58 455.10 0.9778 161.29 469.59 0.9255 28.90 532.67 0.9290 196.51 552.64 0.9950 0.00 591.17 0.1680 243.18 593.02 0.9588 23.08 655.43 0.3452 205.88 508.98 0.9496 47.00 807.83 0.9696 171.07 817.94 0.9945 41.71 996.06 0.9705 182.16 994.84 0.9950 70.94 1182.45 0.9686 192.07 1168.71 0.9937
84 0.00 423.98 238.47 1225.72 0.9402 76.50 501.06 0.0068 65.72 485.12 0.0162 85.91 489.41 0.0250 28.48 484.28 0.8864 117.19 492.51 0.9295 0.00 557.71 0.3397 159.71 562.89 0.9899 1.79 664.66 0.0082 210.15 670.11 0.9672 22.74 749.32 0.0369 212.63 786.64 0.9428 17.42 818.80 0.8101 129.96 816.57 0.9847 36.05 990.07 0.9140 132.88 964.69 0.9869 70.00 1168.01 0.9226 129.06 1099.86 0.9810
85 0.00 467.74 244.68 1152.74 0.9387 89.21 536.43 0.0122 80.26 522.75 0.0248 98.04 525.49 0.0274 49.19 522.36 0.9025 127.96 527.16 0.9099 10.26 588.41 0.6353 169.00 597.01 0.9914 0.00 700.19 0.0280 221.47 720.16 0.9631 15.78 788.19 0.0588 222.36 804.29 0.9360 36.54 810.86 0.8559 144.62 817.74 0.9836 18.51 933.78 0.8965 124.87 956.04 0.9844 39.77 1071.47 0.8846 106.43 1102.40 0.9587
86 0.05 507.48 175.69 1134.57 0.8237 64.00 570.75 0.0232 57.28 560.32 0.0265 71.93 562.21 0.0249 33.32 563.76 0.6598 100.77 565.48 0.7019 14.37 622.16 0.7036 130.07 624.91 0.9715 4.29 656.52 0.1884 158.43 634.89 0.8982 34.61 704.99 0.3368 118.94 584.48 0.8730 33.14 813.09 0.8770 112.86 815.60 0.9764 22.19 933.30 0.8596 112.89 939.05 0.9787 28.04 1076.25 0.8604 108.84 1079.94 0.9732
87 0.09 521.63 190.12 1100.51 0.9411 68.42 582.14 0.0053 60.44 572.03 0.0026 72.90 572.53 0.0106 22.70 569.19 0.7865 87.96 573.54 0.9342 0.00 629.53 0.4913 116.09 636.43 0.9911 0.00 718.79 0.0053 150.79 729.98 0.9710 16.39 777.19 0.0128 172.27 795.96 0.9487 10.47 812.18 0.8760 91.63 810.63 0.9893 17.38 927.99 0.9135 93.40 909.15 0.9960 26.02 1057.21 0.9232 98.69 1018.18 0.9952
88 0.00 496.74 275.85 1058.88 0.9305 75.02 582.94 0.0362 67.41 573.96 0.0234 77.74 574.14 0.0554 33.56 576.54 0.6022 91.90 576.06 0.8829 15.32 621.84 0.8272 119.39 621.84 0.9880 3.40 587.58 0.2546 193.44 581.18 0.9754 14.81 553.97 0.2264 235.10 533.58 0.9740 23.57 790.09 0.9075 99.51 794.24 0.9830 16.26 882.61 0.9033 100.29 904.38 0.9799 23.02 982.68 0.9025 89.50 1010.85 0.9603
89 0.33 498.25 130.08 1040.56 0.9283 53.64 599.41 0.0120 47.68 592.90 0.0057 56.45 592.96 0.0079 24.90 596.76 0.5012 75.66 598.24 0.6664 10.61 638.97 0.8166 96.80 635.57 0.9873 2.16 587.06 0.5360 97.69 568.28 0.9790 17.03 536.94 0.7243 69.38 524.30 0.9743 21.81 790.70 0.9567 89.04 790.55 0.9936 16.68 896.48 0.9606 88.87 897.39 0.9963 17.46 995.00 0.9363 91.14 988.53 0.9921
90 0.00 515.91 164.42 1013.41 0.9224 49.43 605.42 0.0119 41.34 598.44 0.0035 50.41 598.60 0.0132 7.37 602.43 0.4331 56.65 605.62 0.7640 0.00 643.98 0.5048 69.88 647.05 0.9888 16.12 617.33 0.0234 118.85 605.24 0.9803 50.52 579.80 0.0830 145.93 549.53 0.9736 6.04 785.22 0.7399 58.95 786.06 0.9746 6.79 882.90 0.7049 56.92 879.52 0.9874 17.36 968.02 0.7067 53.38 970.12 0.9765
91 0.00 576.58 119.41 999.26 0.9337 34.25 619.11 0.0025 29.00 611.99 0.0023 39.81 612.24 0.0053 12.02 612.51 0.7340 60.09 615.06 0.8798 1.87 655.61 0.2117 86.39 661.55 0.9947 6.01 708.11 0.0027 96.63 718.10 0.9103 20.20 744.08 0.0063 76.49 752.28 0.5077 8.80 792.19 0.3862 63.23 793.58 0.9690 1.39 869.40 0.1646 49.74 878.57 0.9654 9.19 947.64 0.1024 40.43 970.87 0.8660
92 0.00 594.32 128.12 996.51 0.9261 31.01 632.19 0.0215 25.04 626.08 0.0032 29.75 625.23 0.0973 0.00 626.12 0.0672 27.84 627.41 0.8997 0.00 662.57 0.0203 46.37 661.90 0.9797 24.66 701.99 0.0012 79.30 697.07 0.9832 49.37 741.73 0.0201 103.34 749.45 0.9618 1.27 793.56 0.1171 37.81 792.68 0.9274 5.89 867.87 0.0988 36.27 870.15 0.9637 17.87 951.53 0.1133 35.67 960.36 0.9133
93 0.00 602.29 57.20 969.48 0.8910 9.57 636.90 0.0479 7.23 630.33 0.0155 8.54 629.85 0.0472 3.50 630.42 0.1294 11.94 630.89 0.3775 13.53 664.40 0.1838 24.88 664.64 0.9436 38.48 708.33 0.0889 41.02 706.53 0.9285 42.32 754.56 0.3099 42.66 755.03 0.8524 3.39 777.31 0.1020 12.06 775.83 0.5514 5.91 858.01 0.1178 7.84 857.12 0.6976 4.60 937.40 0.0943 5.78 939.66 0.5354
94 0.00 613.60 74.46 964.55 0.8827 38.41 655.30 0.2461 35.74 647.60 0.0154 38.58 647.55 0.4461 14.74 641.79 0.0196 29.79 643.77 0.8978 4.22 665.48 0.5013 18.81 674.79 0.9066 20.24 675.98 0.1940 12.31 710.38 0.6266 44.27 657.07 0.3076 9.12 710.01 0.4333 0.00 775.32 0.1654 5.70 777.92 0.4247 3.48 845.00 0.0677 5.75 848.91 0.2389 0.00 918.93 0.0356 0.78 926.73 0.1010
95 0.00 590.14 90.98 964.12 0.8841 52.45 656.47 0.7975 53.07 650.33 0.1194 50.88 648.69 0.8646 38.26 644.60 0.0033 30.88 640.14 0.7918 26.91 665.87 0.8961 7.91 664.38 0.2201 70.57 651.13 0.9738 31.29 665.16 0.0970 71.67 615.06 0.9691 43.17 633.15 0.2491 14.43 778.90 0.6986 2.41 778.55 0.2544 7.00 853.32 0.4613 9.59 852.74 0.1249 0.00 919.37 0.1808 1.74 924.36 0.0492
96 0.13 615.77 174.80 944.79 0.9143 66.20 656.36 0.8644 66.98 649.99 0.1001 62.77 648.68 0.9108 49.85 646.73 0.0064 44.98 644.24 0.9478 40.84 672.94 0.9518 19.08 674.50 0.8514 96.24 675.75 0.9186 25.06 711.17 0.1744 140.96 661.08 0.9416 51.12 724.42 0.1811 21.17 780.28 0.8693 17.52 781.08 0.8760 19.55 844.55 0.7588 52.18 842.90 0.9038 16.24 907.95 0.3119 45.33 916.71 0.5941
97 0.00 622.46 182.54 942.25 0.9384 142.64 656.01 0.9483 143.72 648.71 0.1864 137.43 648.45 0.9641 129.30 649.01 0.0078 117.33 648.57 0.9736 116.35 681.81 0.9846 94.79 681.40 0.9963 129.26 736.74 0.9719 65.78 729.05 0.9952 158.16 771.26 0.9848 43.49 779.39 0.9938 90.34 781.74 0.9929 89.80 780.42 0.9967 73.02 849.27 0.9948 123.96 838.88 0.9986 11.66 896.00 0.9624 123.56 916.82 0.9810
98 90.56 627.22 313.13 940.01 0.9316 212.77 658.24 0.9388 210.49 651.80 0.1078 210.07 651.66 0.9609 184.81 652.66 0.0119 190.76 653.53 0.9898 159.88 683.52 0.9960 186.84 685.14 0.9985 133.54 727.44 0.9969 232.03 717.44 0.9986 113.41 770.08 0.9961 288.26 718.81 0.9960 171.39 782.75 0.9988 174.59 784.30 0.9989 205.97 841.53 0.9974 154.18 852.45 0.9975 239.58 897.68 0.9939 122.36 915.92 0.9907
99 225.79 629.11 344.42 926.00 0.9061 291.31 658.13 0.9334 291.06 651.50 0.1396 287.02 651.31 0.9704 271.05 653.00 0.0099 270.52 653.59 0.9865 254.68 683.88 0.8981 261.38 687.02 0.9975 273.75 733.41 0.1568 286.42 735.27 0.9960 305.66 761.44 0.1959 322.20 768.96 0.9872 257.73 774.89 0.9623 264.26 776.96 0.9943 275.90 831.52 0.9683 299.07 830.64 0.9967 256.33 895.57 0.9654 254.47 890.99 0.9915
100 249.57 638.47 431.99 919.77 0.9305 376.66 663.74 0.9301 375.57 658.44 0.1271 372.85 657.85 0.9462 361.77 661.31 0.0069 356.99 660.30 0.9756 361.35 688.31 0.9919 336.72 690.95 0.9969 392.57 697.24 0.9890 303.95 719.36 0.9974 414.24 672.79 0.9933 272.17 756.30 0.9970 352.54 777.00 0.9965 350.95 775.63 0.9977 337.67 839.34 0.9986 380.89 829.31 0.9991 284.05 886.78 0.9952 383.60 897.09 0.9952
101 368.90 611.21 501.38 916.21 0.8975 443.38 667.50 0.7353 443.38 661.45 0.0772 441.15 661.86 0.8272 429.81 660.25 0.0216 427.47 661.96 0.9695 418.06 678.78 0.9794 413.38 691.96 0.9964 428.96 654.86 0.9208 433.77 737.14 0.9935 436.63 629.53 0.9416 465.79 767.12 0.9900 425.57 773.48 0.9927 413.13 776.18 0.9960 444.00 829.45 0.9932 407.00 833.65 0.9961 466.13 884.89 0.9935 386.38 893.16 0.9939
102 456.36 597.68 584.80 908.02 0.8780 508.14 673.58 0.6184 506.81 667.54 0.0390 505.81 668.02 0.6685 485.60 664.91 0.0252 494.74 666.69 0.9391 472.04 679.81 0.9729 490.75 684.73 0.9960 491.87 650.29 0.8635 526.45 677.71 0.9930 506.35 616.96 0.8871 567.26 659.13 0.9855 475.92 769.64 0.9910 491.78 770.11 0.9962 493.88 823.32 0.9851 519.55 819.86 0.9950 482.17 875.61 0.9766 484.03 869.78 0.9881
103 483.10 607.36 647.06 906.44 0.9037 577.21 674.49 0.6753 576.91 669.37 0.0778 574.01 669.11 0.6700 561.51 671.27 0.0287 563.46 670.46 0.8350 553.41 695.41 0.9774 550.90 685.91 0.9918 588.57 706.53 0.9824 552.72 653.01 0.9930 623.99 695.09 0.9922 557.87 619.15 0.9906 542.04 768.94 0.9959 554.28 767.22 0.9976 541.60 828.05 0.9980 576.10 822.31 0.9990 501.51 874.06 0.9948 578.55 881.82 0.9965
104 566.84 612.13 654.59 896.18 0.8325 622.07 671.61 0.1074 619.53 667.79 0.0140 620.76 666.92 0.1101 600.62 671.61 0.0770 613.72 670.05 0.7233 588.07 697.71 0.9271 609.84 686.42 0.9897 584.27 722.87 0.2672 632.83 654.38 0.9737 604.11 727.36 0.1615 636.01 625.71 0.8962 599.42 763.84 0.9821 609.20 763.43 0.9918 616.63 816.78 0.9903 602.92 818.43 0.9953 631.97 870.61 0.9941 581.10 873.31 0.9952
105 619.94 653.03 722.51 893.44 0.8876 666.97 676.73 0.6407 665.40 671.69 0.0862 664.17 671.05 0.7330 645.53 672.87 0.0811 654.60 672.50 0.9548 631.20 700.44 0.9620 656.99 698.49 0.9956 632.73 735.35 0.3100 684.71 720.43 0.9880 651.00 752.65 0.2027 712.40 731.97 0.9622 634.77 772.64 0.9852 655.31 771.76 0.9950 648.59 817.31 0.9828 679.39 814.04 0.9954 643.01 870.33 0.9834 656.88 865.42 0.9920
106 648.29 659.62 753.69 892.12 0.8003 725.78 682.12 0.8659 725.57 676.65 0.1481 721.64 677.40 0.8816 715.78 677.56 0.0184 709.14 679.61 0.9362 710.21 700.09 0.8797 703.31 703.40 0.9896 710.90 733.52 0.1470 692.49 739.58 0.9848 718.04 755.42 0.2044 692.06 777.99 0.9798 713.80 771.37 0.9668 714.27 771.86 0.9893 706.46 821.14 0.9895 730.89 819.28 0.9975 664.42 858.83 0.9897 726.23 872.22 0.9942
107 693.20 658.33 828.93 888.67 0.8461 773.65 682.31 0.9722 775.69 677.23 0.6337 768.87 677.35 0.9823 773.20 678.41 0.0345 755.21 678.45 0.9686 767.50 701.92 0.9676 740.86 700.48 0.9949 762.52 734.84 0.5849 718.76 729.85 0.9917 766.85 763.84 0.5585 706.80 761.76 0.9880 767.27 773.18 0.9907 745.98 774.04 0.9956 781.51 816.93 0.9918 743.64 821.09 0.9964 799.22 865.61 0.9894 726.80 871.03 0.9910
108 766.91 658.79 860.19 888.23 0.7889 814.40 681.14 0.9828 818.01 676.01 0.9037 809.55 676.21 0.9843 820.75 677.57 0.2433 799.40 677.53 0.9343 825.59 703.68 0.9935 786.13 702.69 0.9928 833.08 738.32 0.9793 775.94 736.18 0.9856 845.29 766.66 0.9781 776.28 768.96 0.9868 823.54 768.83 0.9951 800.16 768.27 0.9951 827.25 818.04 0.9948 818.19 815.55 0.9947 818.97 866.94 0.9863 785.75 855.02 0.9849
109 791.46 660.24 926.76 897.39 0.9038 855.71 681.43 0.9876 858.54 676.37 0.9036 850.86 677.16 0.9888 861.34 677.90 0.2218 840.39 679.47 0.9588 870.57 702.79 0.9955 828.40 705.38 0.9965 886.66 729.69 0.9858 810.68 733.01 0.9939 907.74 736.43 0.9853 801.05 764.54 0.9935 868.61 774.30 0.9965 844.72 775.11 0.9970 853.43 821.97 0.9968 859.87 822.09 0.9978 828.46 864.24 0.9943 870.41 876.87 0.9948
110 856.32 654.46 956.23 900.70 0.8927 896.12 675.38 0.9824 899.63 670.02 0.9296 890.73 670.84 0.9835 904.51 672.57 0.3046 879.88 674.22 0.8967 912.24 697.04 0.9796 870.53 694.75 0.9916 919.65 733.73 0.8231 876.21 698.09 0.9690 925.11 770.27 0.8395 901.26 690.41 0.9598 909.93 774.15 0.9923 878.45 775.06 0.9938 920.23 827.07 0.9939 875.97 827.97 0.9948 929.44 878.09 0.9926 873.34 879.26 0.9920
111 899.75 639.00 973.40 905.11 0.8277 944.50 672.41 0.9641 947.63 666.34 0.8111 938.93 667.28 0.9643 951.41 668.39 0.1413 927.39 669.86 0.8338 957.26 699.21 0.9609 919.95 692.58 0.9873 963.01 734.70 0.6963 911.07 671.95 0.9460 964.03 766.63 0.7381 919.59 654.56 0.9270 958.33 765.44 0.9879 934.05 764.72 0.9923 958.39 825.15 0.9942 946.86 822.39 0.9961 946.82 880.62 0.9917 915.06 871.10 0.9932
112 939.86 645.71 1017.36 918.15 0.8950 988.10 675.74 0.9872 991.25 670.05 0.8999 982.72 670.29 0.9907 993.17 671.08 0.1235 969.98 670.74 0.9503 998.36 698.83 0.9721 958.42 691.41 0.9870 1000.51 721.86 0.4250 946.08 684.72 0.8874 986.74 715.41 0.3369 952.21 666.27 0.8413 1001.43 773.38 0.9903 975.96 773.01 0.9939 994.45 831.76 0.9927 993.05 833.04 0.9972 956.89 872.61 0.9909 998.09 893.10 0.9943
113 982.42 580.88 1102.75 920.11 0.8908 1032.77 671.47 0.9701 1036.50 665.65 0.6974 1027.82 664.91 0.9746 1036.61 667.01 0.0476 1011.95 664.26 0.9233 1033.51 700.37 0.9570 999.00 687.23 0.9952 1037.34 734.00 0.4529 1001.99 649.27 0.9879 1043.81 763.65 0.3988 1022.53 614.25 0.9811 1038.63 780.96 0.9814 1009.38 780.57 0.9910 1052.83 835.69 0.9864 1007.37 841.07 0.9908 1067.03 894.93 0.9848 1000.66 895.07 0.9813
114 1022.11 637.74 1156.21 923.56 0.9146 1073.32 667.64 0.9843 1077.99 661.59 0.9170 1067.90 661.38 0.9871 1081.41 661.56 0.2423 1055.37 660.52 0.9485 1088.45 691.45 0.9949 1039.29 690.87 0.9931 1115.50 716.65 0.9770 1035.04 730.44 0.9874 1141.56 732.12 0.9748 1048.76 764.81 0.9897 1084.78 776.77 0.9947 1055.00 776.26 0.9945 1086.74 836.28 0.9950 1065.83 832.95 0.9957 1077.88 896.40 0.9896 1047.64 894.05 0.9895
115 994.44 606.42 1162.23 935.46 0.9338 1069.17 671.57 0.9889 1074.19 664.51 0.9853 1063.68 665.65 0.9513 1085.84 660.23 0.8921 1058.94 663.97 0.4035 1103.67 680.02 0.9960 1052.62 691.33 0.9980 1133.64 659.38 0.9904 1038.04 720.98 0.9937 1147.28 625.18 0.9898 1014.82 743.72 0.9912 1101.07 778.45 0.9977 1068.70 779.45 0.9987 1094.48 843.80 0.9908 1076.84 841.67 0.9968 1075.50 893.84 0.9729 1085.32 906.08 0.9889
116 984.48 621.42 1220.38 939.62 0.9444 1057.32 661.42 0.9881 1061.83 653.28 0.9887 1051.17 656.06 0.9254 1075.06 647.18 0.9426 1048.58 655.36 0.2368 1102.36 666.75 0.9979 1045.80 683.95 0.9959 1148.04 658.75 0.9955 1032.54 719.72 0.9907 1190.70 640.93 0.9925 1006.72 745.89 0.9892 1102.37 775.90 0.9986 1064.31 780.89 0.9985 1122.03 845.97 0.9970 1072.48 850.16 0.9973 1134.40 905.62 0.9894 1083.75 914.00 0.9900
117 986.11 624.36 1248.90 961.89 0.9281 1059.94 662.78 0.9839 1064.51 654.76 0.9901 1054.80 657.10 0.8036 1080.79 648.03 0.9772 1055.49 655.06 0.0605 1113.94 675.41 0.9976 1052.52 683.73 0.9953 1164.54 679.32 0.9925 1037.07 713.39 0.9849 1216.09 674.93 0.9851 1006.85 729.06 0.9785 1104.75 782.75 0.9983 1065.70 784.03 0.9981 1107.96 857.26 0.9977 1071.88 855.88 0.9970 1123.46 927.77 0.9891 1086.64 911.02 0.9887
118 936.97 613.78 1198.03 963.74 0.9405 1018.12 658.17 0.9354 1021.72 649.54 0.9674 1013.43 652.82 0.4957 1041.08 640.23 0.9810 1019.85 649.21 0.0281 1076.55 665.71 0.9974 1031.64 677.29 0.9375 1127.80 663.50 0.9957 1047.27 702.87 0.2822 1165.83 650.86 0.9887 1054.82 721.09 0.2520 1075.43 789.56 0.9981 1036.95 790.10 0.9934 1096.64 861.02 0.9963 1012.02 858.85 0.9894 1120.54 931.19 0.9895 985.18 930.39 0.9822
119 908.12 604.52 1049.79 965.82 0.9192 925.62 643.84 0.9334 929.31 634.76 0.9720 921.98 637.51 0.2900 949.69 629.08 0.9765 929.44 636.97 0.0108 981.47 663.53 0.9939 941.96 674.88 0.9698 1004.91 711.34 0.9427 942.81 734.35 0.6977 1013.46 760.22 0.8980 934.08 781.55 0.6957 971.63 782.53 0.9971 942.23 785.45 0.9945 963.87 857.66 0.9960 937.22 861.72 0.9965 1023.92 913.56 0.9874 952.76 936.81 0.9902
120 785.20 598.16 966.56 982.57 0.9310 850.83 624.19 0.9708 859.43 618.27 0.9834 849.03 617.26 0.4673 880.48 626.66 0.9790 856.07 624.48 0.0205 898.25 671.19 0.9969 858.89 673.32 0.9784 909.15 732.87 0.9948 854.09 729.78 0.8079 899.95 791.18 0.9928 838.92 755.42 0.8887 876.52 789.53 0.9976 860.32 789.41 0.9917 844.10 867.14 0.9977 895.56 865.75 0.9920 832.95 951.94 0.9897 942.64 931.78 0.9821
121 684.68 586.30 847.80 984.65 0.8992 777.19 604.88 0.9134 786.95 600.68 0.9338 776.22 598.25 0.4798 805.47 614.85 0.9263 777.64 609.56 0.0516 821.05 658.91 0.9943 772.69 660.14 0.9546 834.26 722.93 0.9922 770.63 725.29 0.3394 803.63 775.85 0.9874 761.69 778.04 0.2711 808.12 789.14 0.9968 768.13 786.25 0.9883 814.12 874.16 0.9963 744.58 866.55 0.9899 824.79 955.03 0.9912 736.33 949.91 0.9864
122 607.64 581.31 844.98 997.06 0.9029 710.19 618.52 0.1965 710.06 612.10 0.0349 710.73 611.95 0.0336 702.27 616.16 0.7939 722.81 616.85 0.7788 730.08 661.04 0.9988 701.52 662.15 0.9973 764.78 724.73 0.9745 677.77 723.74 0.9417 803.43 773.55 0.9044 644.84 774.25 0.8997 723.40 794.70 0.9967 702.02 795.87 0.9958 739.85 871.91 0.9989 697.52 879.19 0.9985 761.55 946.91 0.9928 704.08 962.67 0.9872
123 523.37 557.94 857.88 997.96 0.9085 699.24 617.39 0.2231 701.38 610.96 0.0680 697.12 610.15 0.0476 701.40 611.34 0.7683 704.01 611.03 0.6591 727.90 644.24 0.9989 685.28 643.01 0.9985 757.45 630.29 0.9796 626.22 623.46 0.9773 784.73 603.65 0.9160 576.42 596.05 0.9405 730.29 786.97 0.9937 694.94 786.80 0.9935 733.38 878.16 0.9971 688.05 879.64 0.9951 729.15 963.36 0.9884 690.96 962.65 0.9775
124 638.21 490.14 806.88 1003.59 0.9230 729.96 596.77 0.9845 732.29 589.47 0.8237 719.89 592.14 0.9919 734.19 601.05 0.0646 700.08 607.40 0.9684 748.35 637.59 0.9948 687.98 641.35 0.9965 785.57 594.48 0.9942 655.90 587.00 0.9923 794.86 538.21 0.9936 660.43 524.59 0.9903 749.20 777.32 0.9973 706.53 779.25 0.9979 744.93 874.32 0.9973 710.76 873.62 0.9979 729.70 956.74 0.9918 692.96 961.63 0.9933
125 655.38 557.94 800.62 1016.77 0.9249 742.05 616.96 0.9840 747.62 608.82 0.8318 734.38 607.93 0.9920 750.78 608.43 0.0550 712.24 605.65 0.9768 754.24 638.36 0.9913 690.67 635.27 0.9944 788.45 591.28 0.9694 670.58 585.16 0.9680 747.58 572.65 0.9751 686.61 570.84 0.9684 755.07 781.95 0.9956 707.45 784.05 0.9963 764.88 875.00 0.9948 715.11 886.02 0.9963 735.70 952.84 0.9918 709.29 979.09 0.9910
126 681.78 463.49 880.16 1025.11 0.9089 772.76 615.52 0.9876 779.34 605.63 0.8732 764.37 605.37 0.9903 781.48 603.01 0.0623 739.02 599.87 0.8908 786.50 634.88 0.9705 711.17 635.16 0.9685 831.22 588.98 0.9797 700.98 568.29 0.9679 863.25 537.64 0.9722 720.15 499.75 0.9788 778.32 793.07 0.9894 722.11 797.53 0.9908 797.34 885.16 0.9885 714.34 892.25 0.9882 816.16 986.28 0.9847 708.91 984.84 0.9837
127 641.71 542.54 979.24 1044.43 0.9364 857.45 590.39 0.9928 863.71 581.47 0.8896 847.75 580.21 0.9953 865.57 585.19 0.0569 821.50 581.67 0.9846 872.47 643.81 0.9976 785.65 637.72 0.9981 899.44 708.71 0.9883 727.87 691.96 0.9879 943.25 750.66 0.9768 676.28 733.25 0.9789 854.97 794.21 0.9982 799.97 791.98 0.9981 849.52 900.59 0.9987 817.80 889.94 0.9986 824.72 999.21 0.9922 792.10 994.83 0.9913
128 814.58 524.53 970.14 1084.65 0.9279 923.33 569.92 0.9766 927.04 559.77 0.7735 910.69 560.81 0.9897 926.88 567.46 0.0472 880.57 570.34 0.9833 942.35 632.52 0.9914 850.56 641.66 0.9943 951.00 708.40 0.9203 834.16 729.41 0.9802 950.09 768.53 0.8943 832.83 808.13 0.9764 937.10 793.46 0.9956 881.24 798.01 0.9973 919.87 902.61 0.9955 916.20 906.68 0.9992 853.08 972.85 0.9925 921.78 1036.39 0.9971
129 889.90 494.03 1187.09 1096.19 0.9317 1028.97 542.24 0.9710 1031.77 531.94 0.5768 1014.48 531.00 0.9888 1022.35 541.24 0.0192 977.12 539.21 0.9837 1032.16 617.55 0.9381 941.20 612.33 0.9894 1033.49 701.75 0.4320 922.11 690.44 0.9784 1035.26 765.52 0.2533 947.47 739.16 0.9833 1033.86 804.38 0.9870 965.29 810.35 0.9946 1067.68 919.82 0.9825 945.04 932.92 0.9847 1106.26 1049.22 0.9805 927.40 1040.82 0.9746
130 1040.17 450.89 1290.84 1137.65 0.9350 1173.78 505.98 0.9788 1176.85 493.45 0.5893 1158.05 494.76 0.9889 1171.44 501.55 0.0272 1118.62 503.83 0.9805 1181.51 591.24 0.9810 1083.91 591.80 0.9914 1197.48 696.46 0.9783 1059.06 704.56 0.9866 1244.21 769.29 0.9780 1069.28 808.10 0.9889 1184.40 787.84 0.9865 1124.06 790.34 0.9928 1162.00 921.40 0.9835 1176.90 913.30 0.9931 1129.12 1069.96 0.9629 1116.19 1065.06 0.9823
131 1153.26 416.53 1492.54 1185.87 0.9454 1344.15 482.63 0.9862 1346.72 469.11 0.4789 1328.07 469.46 0.9901 1334.26 476.26 0.0141 1282.83 476.45 0.9840 1341.07 574.71 0.9873 1241.90 569.65 0.9939 1369.82 683.30 0.9824 1215.61 692.59 0.9908 1439.59 753.91 0.9856 1231.12 814.40 0.9908 1345.17 790.55 0.9885 1292.42 795.53 0.9931 1319.02 937.69 0.9933 1353.31 949.71 0.9968 1202.62 1030.29 0.9912 1349.95 1122.00 0.9911
132 1314.94 386.58 1788.54 1189.32 0.9363 1553.36 461.51 0.9607 1555.00 446.64 0.3100 1538.73 444.83 0.9843 1530.76 452.43 0.0057 1486.37 447.15 0.9846 1506.61 545.02 0.9161 1439.13 529.82 0.9950 1507.85 651.47 0.2845 1470.61 631.81 0.9949 1575.63 683.91 0.2343 1604.75 660.10 0.9913 1526.30 797.94 0.9920 1451.72 802.31 0.9979 1590.69 955.73 0.9921 1416.15 968.02 0.9944 1670.24 1127.44 0.9896 1348.05 1121.72 0.9847
133 1572.77 331.78 1965.96 1214.78 0.8252 1795.39 425.84 0.9835 1800.90 408.21 0.5193 1776.13 406.99 0.9947 1785.43 410.94 0.0086 1711.17 405.97 0.9888 1746.51 521.98 0.9293 1648.76 498.47 0.9940 1730.25 657.97 0.2299 1603.01 633.42 0.9908 1764.07 703.43 0.1992 1741.31 672.55 0.9919 1719.93 758.20 0.9780 1667.14 746.23 0.9940 1753.03 952.45 0.9911 1853.69 834.75 0.9973 1710.78 1160.57 0.9695 1863.52 1084.76 0.9882
134 1687.70 263.34 2046.51 1263.47 0.9419 2048.00 394.18 0.0042 2048.00 375.90 0.0015 2045.17 369.90 0.0359 2027.03 379.65 0.0159 2002.72 365.80 0.7354 2025.77 486.48 0.6830 1953.28 443.13 0.9338 2012.24 657.15 0.1099 1893.56 554.30 0.9539 2046.86 680.94 0.1010 2045.31 476.67 0.3776 1951.55 768.59 0.9914 1886.55 721.95 0.9760 1911.17 995.22 0.9347 2048.00 765.58 0.2488 1741.47 1137.58 0.8582 2006.61 988.52 0.1839
135 1834.84 17.05 2046.89 1209.94 0.5332 2006.91 101.08 0.0056 2006.80 82.59 0.0039 2006.84 87.51 0.0021 2021.59 69.45 0.0059 2017.30 78.38 0.0023 2026.12 116.24 0.0062 2028.39 125.02 0.0056 1939.40 189.29 0.2771 1947.91 191.98 0.2973 1891.55 275.33 0.4147 1908.21 263.56 0.5542 2029.41 436.81 0.0044 2037.69 439.83 0.0042 2014.09 545.89 0.0117 2025.22 559.86 0.0040 2002.81 766.03 0.0116 2007.73 732.78 0.0051
138 1651.28 0.00 2046.67 1277.65 0.9378 1808.66 127.25 0.8472 1803.29 92.14 0.9104 1800.66 109.25 0.0708 1853.12 26.21 0.8976 1856.41 73.17 0.0026 1991.13 41.93 0.8923 1951.75 129.74 0.1995 1971.99 99.58 0.9363 1929.92 208.55 0.0114 1715.35 199.53 0.9897 1809.81 264.32 0.0320 2022.57 482.76 0.7439 1985.68 501.48 0.2685 1966.97 783.61 0.9626 1992.49 802.58 0.7464 2006.16 1172.80 0.8264 1993.93 1179.73 0.6923
139 1287.59 288.83 1957.98 1424.49 0.9217 1501.03 383.14 0.2345 1500.12 357.90 0.3079 1517.15 363.79 0.0090 1522.64 355.85 0.9885 1597.45 363.91 0.1880 1549.76 439.64 0.9989 1668.71 450.34 0.9808 1636.62 584.76 0.9921 1652.96 647.26 0.4325 1670.84 764.21 0.9891 1548.11 756.63 0.7945 1587.75 798.01 0.9974 1697.31 806.08 0.9889 1456.38 976.77 0.9963 1720.48 1055.60 0.9965 1409.78 1206.11 0.9723 1866.87 1318.03 0.9796
140 1105.48 343.44 1449.77 1248.76 0.9359 1287.46 420.12 0.0347 1283.38 400.67 0.0608 1300.64 406.86 0.0124 1278.12 404.70 0.9745 1356.07 414.92 0.7889 1257.43 491.85 0.9959 1400.68 516.62 0.9973 1204.16 632.14 0.9822 1423.62 674.68 0.9839 1141.58 730.27 0.9603 1410.29 785.42 0.9714 1278.48 773.60 0.9964 1367.97 778.49 0.9973 1280.40 974.88 0.9965 1331.39 958.11 0.9967 1321.99 1183.26 0.9892 1368.61 1146.58 0.9928
141 965.76 439.81 1346.41 1208.23 0.9398 1191.72 505.53 0.0253 1188.52 489.45 0.0296 1200.34 496.40 0.0167 1167.26 492.09 0.9612 1234.68 503.24 0.9128 1125.12 562.13 0.9979 1259.11 589.23 0.9976 1062.05 664.52 0.9856 1294.76 707.41 0.9815 1001.21 689.14 0.9525 1321.08 806.32 0.9751 1143.80 794.62 0.9967 1229.91 802.82 0.9971 1141.93 956.86 0.9956 1173.94 945.13 0.9967 1233.22 1079.32 0.9901 1150.75 1084.52 0.9936
142 972.99 482.25 1198.87 1134.30 0.9325 1109.83 541.74 0.0219 1103.03 531.64 0.0093 1116.29 531.89 0.0123 1076.70 531.70 0.8680 1139.57 532.69 0.9410 1060.33 592.97 0.9954 1164.70 597.86 0.9961 1056.34 692.51 0.9756 1168.81 692.77 0.7763 1057.90 789.74 0.9635 1123.67 743.64 0.4200 1078.11 787.02 0.9985 1149.84 790.28 0.9987 1038.98 915.96 0.9987 1146.60 928.75 0.9992 1020.48 1034.69 0.9935 1149.09 1074.18 0.9957
143 911.76 520.03 1143.24 1072.84 0.9408 1063.53 570.29 0.0521 1059.06 561.38 0.0108 1066.46 561.75 0.0618 1024.19 559.43 0.8238 1070.56 563.83 0.9696 982.56 614.25 0.9984 1091.24 622.12 0.9977 949.34 698.92 0.9874 1112.05 713.58 0.9898 930.06 767.23 0.9774 1128.27 791.97 0.9842 1001.77 787.58 0.9989 1069.41 788.81 0.9984 1009.59 906.29 0.9988 1068.64 896.50 0.9980 1023.39 1032.67 0.9920 1071.18 1007.29 0.9905
144 939.07 562.51 1126.61 1046.00 0.9371 1042.80 605.60 0.0250 1040.53 597.82 0.0122 1047.90 598.42 0.0194 1018.37 595.96 0.9136 1060.35 599.58 0.9227 984.16 639.12 0.9983 1079.79 647.14 0.9964 959.95 716.32 0.9853 1094.29 728.75 0.9782 950.30 778.70 0.9663 1111.72 800.39 0.9669 1004.24 788.76 0.9990 1063.10 792.17 0.9985 997.99 886.53 0.9977 1056.10 892.62 0.9981 1011.85 964.89 0.9813 1055.58 987.26 0.9827
145 934.84 586.90 1078.78 1018.05 0.9261 990.29 625.30 0.0384 987.34 618.58 0.0301 994.39 618.21 0.0145 977.83 619.23 0.9443 1015.08 618.85 0.8755 966.07 657.21 0.9976 1043.08 659.25 0.9987 969.08 721.70 0.9792 1063.42 727.36 0.9596 967.46 785.70 0.9552 1038.83 766.23 0.8409 988.67 792.45 0.9981 1038.93 793.21 0.9984 972.73 878.66 0.9974 1041.79 883.76 0.9983 971.87 964.22 0.9901 1057.38 979.90 0.9930
146 860.90 593.73 1021.41 992.02 0.9212 946.50 628.84 0.0219 944.78 622.20 0.0229 951.88 622.86 0.0094 937.73 621.84 0.9452 973.08 624.26 0.8269 921.21 658.46 0.9976 993.94 664.97 0.9972 899.34 715.48 0.9784 1006.10 730.47 0.9734 874.71 757.32 0.9562 1012.08 786.47 0.9497 937.87 783.86 0.9981 979.98 784.74 0.9976 949.59 871.53 0.9968 974.15 863.62 0.9955 968.08 961.24 0.9832 977.64 947.57 0.9813
147 803.10 609.58 1029.11 966.60 0.9261 885.47 644.59 0.4182 887.13 637.63 0.5600 889.87 638.04 0.0330 896.69 635.77 0.9784 921.14 635.45 0.2334 893.61 669.59 0.9988 953.55 671.12 0.9961 875.38 719.96 0.9953 984.72 717.84 0.9815 837.62 766.43 0.9904 1012.72 755.26 0.9842 910.03 782.13 0.9994 948.93 782.04 0.9986 901.31 854.25 0.9982 933.96 855.51 0.9963 931.66 921.70 0.9869 937.98 930.62 0.9780
148 778.08 555.68 949.36 958.63 0.9244 828.07 648.99 0.9505 831.76 639.58 0.9668 825.33 641.96 0.1270 853.90 633.70 0.9552 846.94 638.21 0.0022 869.65 664.16 0.9950 875.95 668.07 0.9214 864.43 629.09 0.9944 867.45 682.80 0.2331 858.14 591.82 0.9924 841.70 680.52 0.2886 860.66 779.81 0.9980 884.55 775.64 0.9941 836.12 854.10 0.9982 901.86 852.49 0.9967 828.30 930.35 0.9871 933.06 922.94 0.9875
149 722.51 612.99 852.46 953.85 0.9136 749.06 651.01 0.8762 751.08 642.43 0.9252 746.03 645.16 0.1729 768.77 634.15 0.9640 757.46 640.96 0.0098 799.30 665.05 0.9973 775.42 666.48 0.9421 830.34 715.05 0.9923 786.09 711.63 0.1149 840.01 760.86 0.9834 782.89 744.42 0.0754 797.64 776.45 0.9977 775.69 773.54 0.9900 803.13 852.73 0.9982 760.58 842.59 0.9940 824.03 927.39 0.9943 767.68 917.01 0.9916
150 650.61 608.82 793.04 954.15 0.9217 664.81 654.23 0.8926 667.72 645.23 0.9389 660.33 648.05 0.2601 687.18 637.47 0.9461 668.89 644.98 0.0129 717.82 669.33 0.9962 688.41 674.08 0.9449 754.17 715.40 0.9910 699.07 726.47 0.2422 775.82 761.14 0.9752 695.01 766.53 0.1252 709.21 775.75 0.9973 689.71 776.26 0.9924 687.56 851.56 0.9962 686.98 854.15 0.9948 756.95 899.83 0.9850 699.98 927.49 0.9866
151 519.94 621.51 710.26 958.97 0.9328 573.96 659.77 0.9716 578.26 650.52 0.9851 570.10 653.58 0.3119 599.62 642.40 0.9879 582.38 650.04 0.0059 621.92 673.36 0.9979 601.28 681.62 0.9565 651.10 693.59 0.9959 604.60 730.50 0.3605 675.42 693.51 0.9941 593.80 765.82 0.4394 613.37 781.96 0.9988 611.84 783.25 0.9951 577.15 852.14 0.9989 640.27 854.75 0.9951 567.69 935.78 0.9929 690.12 917.25 0.9861
152 434.52 609.67 590.46 961.50 0.9174 475.86 657.19 0.6901 477.01 649.50 0.7471 474.40 650.21 0.0556 493.13 644.82 0.9210 494.17 646.51 0.0176 517.59 669.08 0.9939 520.27 670.33 0.9762 525.91 678.40 0.9227 551.13 692.19 0.6916 529.84 690.69 0.8207 563.68 719.20 0.6046 523.88 781.74 0.9976 513.70 778.24 0.9954 527.43 852.36 0.9965 493.02 847.08 0.9951 560.13 931.21 0.9904 478.91 922.05 0.9905
153 372.17 616.80 502.97 955.78 0.9290 400.66 648.53 0.6613 402.56 641.02 0.8232 404.03 642.39 0.0606 417.97 637.11 0.9831 431.56 639.69 0.0883 416.22 665.25 0.9962 464.12 676.80 0.9954 413.51 714.97 0.9870 485.48 732.53 0.9824 395.56 747.21 0.9782 493.07 777.89 0.9812 422.18 772.99 0.9983 457.03 778.73 0.9978 385.10 836.44 0.9972 437.00 852.20 0.9969 426.56 898.65 0.9891 436.23 931.89 0.9884
154 270.84 619.85 435.68 949.85 0.9337 335.05 650.93 0.1373 335.99 644.34 0.1770 341.43 645.41 0.0147 343.19 646.54 0.9507 368.17 647.99 0.2462 334.70 683.01 0.9963 389.01 686.10 0.9946 320.61 736.91 0.9846 392.67 735.34 0.6085 293.65 783.92 0.9628 363.70 756.88 0.2467 332.23 781.66 0.9976 372.00 781.34 0.9961 314.31 849.70 0.9973 376.98 849.45 0.9935 316.60 921.59 0.9918 413.14 899.34 0.9887
155 203.90 622.17 335.61 945.68 0.9252 274.79 649.40 0.1197 275.72 643.31 0.1737 280.74 643.97 0.0121 280.90 647.04 0.9606 307.57 648.27 0.2249 273.22 683.70 0.9974 322.59 687.83 0.9921 253.20 733.50 0.9878 321.69 738.92 0.5267 222.40 770.12 0.9663 302.64 771.37 0.2496 273.94 780.15 0.9964 304.85 780.67 0.9924 284.14 848.58 0.9970 283.57 847.97 0.9930 313.24 919.84 0.9939 260.01 908.37 0.9919
156 159.82 619.31 291.40 937.73 0.9068 225.80 644.09 0.5996 227.66 638.72 0.6739 228.74 638.85 0.0249 237.82 642.80 0.9639 246.61 642.65 0.0228 253.83 676.53 0.9974 248.26 677.00 0.9885 260.41 725.32 0.9957 215.54 708.64 0.9392 249.66 773.14 0.9946 181.17 704.74 0.9648 251.93 777.93 0.9968 246.96 777.34 0.9918 233.13 842.11 0.9973 236.97 841.84 0.9942 268.77 898.33 0.9873 245.69 910.62 0.9805
157 142.29 620.14 274.78 939.68 0.9163 209.84 647.66 0.2882 210.52 641.73 0.3873 214.14 641.80 0.0170 218.10 644.69 0.9570 241.58 643.91 0.1189 223.86 679.74 0.9979 254.61 678.68 0.9850 216.11 726.68 0.9955 222.31 712.33 0.7966 173.37 729.59 0.9889 180.01 705.57 0.8195 228.80 775.31 0.9966 257.14 775.04 0.9900 207.40 838.33 0.9978 245.92 842.79 0.9930 223.59 908.63 0.9906 246.87 909.18 0.9810
158 112.10 626.35 257.19 933.69 0.9186 168.12 654.27 0.2107 167.93 648.24 0.2529 172.10 647.93 0.0154 174.11 650.67 0.9435 198.89 649.25 0.1662 186.41 682.92 0.9975 212.59 683.28 0.9879 182.43 726.07 0.9938 191.31 719.33 0.5697 142.66 708.87 0.9889 145.09 706.42 0.5220 188.02 778.66 0.9973 216.65 777.42 0.9950 163.85 842.68 0.9974 221.98 842.96 0.9966 153.13 907.57 0.9860 240.39 909.14 0.9881
159 71.30 622.55 176.51 932.58 0.8103 113.57 651.31 0.1026 112.62 645.98 0.0994 116.22 645.46 0.0081 116.80 648.51 0.8459 134.74 647.41 0.0897 141.90 678.32 0.9950 135.03 678.58 0.9497 151.34 722.46 0.9931 124.78 731.93 0.7601 118.14 702.33 0.9854 92.88 754.72 0.8516 143.54 774.74 0.9904 138.55 773.25 0.9686 128.07 839.55 0.9938 135.70 838.82 0.9784 145.53 909.94 0.9764 153.93 902.44 0.9460
160 34.52 632.25 155.62 926.52 0.8779 52.17 670.57 0.8457 54.15 662.05 0.9085 49.71 664.57 0.1234 72.78 654.81 0.9537 60.72 662.25 0.0078 110.81 679.05 0.9911 76.11 694.39 0.9815 140.76 705.29 0.8708 74.43 740.83 0.9668 134.79 708.02 0.7470 54.85 770.43 0.9732 112.58 776.85 0.9926 89.14 780.28 0.9915 106.23 841.36 0.9862 92.62 848.06 0.9912 135.19 894.10 0.9565 87.34 908.06 0.9646
161 0.71 633.62 119.19 922.49 0.8792 16.98 672.78 0.9077 16.82 663.78 0.8659 12.49 666.10 0.0878 32.52 652.64 0.9443 34.32 658.13 0.0099 65.81 679.66 0.9934 70.70 680.20 0.9594 90.49 723.38 0.8093 98.83 719.88 0.2239 71.50 726.85 0.5429 93.29 730.45 0.1534 74.50 770.29 0.9800 77.09 766.95 0.9637 62.71 834.43 0.9895 64.40 834.16 0.9794 82.74 899.61 0.9451 75.26 897.67 0.9215
162 0.00 636.40 116.38 928.41 0.8843 1.13 667.70 0.0779 1.22 660.78 0.0866 0.00 661.48 0.0153 7.04 658.39 0.3877 3.90 660.70 0.0280 33.58 681.07 0.9567 18.15 684.55 0.2701 68.07 705.22 0.9523 55.76 711.44 0.0488 92.12 710.57 0.9082 77.31 718.83 0.1013 38.71 773.20 0.9503 23.90 773.57 0.6962 26.61 836.86 0.9326 9.05 840.20 0.5088 74.30 886.59 0.8806 28.64 896.20 0.4812
163 0.00 628.26 25.26 943.61 0.4718 1.51 665.61 0.0261 0.00 659.26 0.0132 1.03 658.61 0.0145 0.00 663.34 0.0371 0.06 662.42 0.0360 5.36 699.34 0.1825 5.35 699.94 0.2916 11.27 748.37 0.3080 12.25 750.09 0.3772 5.90 789.76 0.3391 5.44 789.88 0.3598 0.00 793.85 0.0657 1.00 792.93 0.0864 1.25 854.70 0.0358 1.04 852.48 0.0666 1.92 909.38 0.0433 2.08 911.02 0.0811
