35 1806.38 653.68 2048.00 1034.79 0.8235 2024.66 707.73 0.0096 2021.00 697.44 0.0050 2025.58 698.40 0.0040 2031.48 694.00 0.0031 2034.94 694.67 0.0042 2048.00 730.45 0.0040 2047.03 727.07 0.0117 2040.76 768.21 0.2230 2030.81 759.18 0.1195 1972.35 752.46 0.7702 1978.29 755.68 0.3267 2043.83 852.36 0.1010 2035.41 842.41 0.1581 1966.78 911.08 0.6584 1967.84 902.29 0.7630 1878.46 990.47 0.7341 1885.88 985.05 0.8228
36 1780.96 540.57 2047.87 1031.90 0.9092 1946.08 589.78 0.9486 1956.20 579.84 0.9752 1952.78 578.56 0.0860 1992.95 590.38 0.9529 1993.87 582.96 0.0040 1987.05 661.34 0.9964 2020.49 645.56 0.8197 1903.18 734.56 0.9972 1963.48 714.69 0.1067 1863.01 703.72 0.9917 1911.43 711.24 0.2407 1942.11 816.53 0.9941 1958.13 798.20 0.9342 1858.59 875.13 0.9895 1856.24 831.08 0.8160 1860.21 989.61 0.9463 1874.65 944.36 0.7975
37 1705.36 531.51 2014.03 1016.16 0.9361 1891.66 580.74 0.0347 1891.12 571.17 0.0346 1904.21 574.07 0.0041 1892.09 580.04 0.9510 1946.85 585.35 0.6012 1856.40 643.23 0.9991 1971.33 656.82 0.9987 1792.85 707.84 0.9705 1987.49 737.90 0.9281 1828.76 699.59 0.3026 1964.18 705.48 0.2237 1818.33 800.61 0.9964 1886.75 806.48 0.9914 1759.19 854.09 0.9825 1806.71 862.96 0.8977 1768.40 964.34 0.9745 1774.32 958.89 0.9013
38 1671.76 531.51 2031.15 1029.04 0.9351 1911.69 588.07 0.0874 1902.10 576.62 0.0213 1911.38 580.23 0.0889 1854.75 575.01 0.4879 1906.32 581.80 0.9292 1801.25 634.30 0.9917 1918.06 657.05 0.9952 1782.36 693.15 0.5737 1941.91 748.43 0.9604 1850.37 676.37 0.1297 1972.18 692.81 0.9380 1784.50 804.63 0.9909 1857.27 812.18 0.9922 1749.17 887.21 0.9807 1816.87 891.64 0.9698 1726.35 995.61 0.9838 1783.10 985.28 0.9708
39 1672.90 540.77 2046.74 1049.74 0.9485 1963.40 605.01 0.2252 1956.93 589.91 0.0381 1962.97 596.65 0.2756 1910.43 580.56 0.3171 1951.41 592.88 0.9546 1835.63 629.77 0.9961 1946.26 663.00 0.9951 1785.83 710.23 0.9595 1956.65 750.62 0.9770 1820.53 724.35 0.6182 2027.35 718.94 0.9362 1802.46 808.58 0.9953 1875.73 825.03 0.9936 1759.80 891.42 0.9909 1844.66 915.24 0.9804 1728.29 994.04 0.9847 1808.13 1008.12 0.9664
40 1671.92 545.88 2045.63 1050.32 0.9524 2005.29 609.84 0.1659 1998.41 593.65 0.0319 2005.77 601.43 0.1675 1951.23 582.53 0.3578 1995.45 597.90 0.9137 1873.54 626.97 0.9948 1981.91 665.91 0.9938 1802.48 706.75 0.9892 1995.87 761.15 0.9612 1773.36 770.21 0.9797 2044.23 746.06 0.8789 1822.40 805.15 0.9969 1894.45 823.78 0.9947 1773.27 893.22 0.9940 1857.26 916.27 0.9817 1730.14 993.57 0.9867 1811.08 1003.87 0.9686
41 1671.36 545.59 2046.33 1049.85 0.9537 2015.59 611.07 0.0859 2007.94 594.65 0.0234 2016.93 603.41 0.0901 1962.10 583.25 0.4568 2010.80 600.59 0.9040 1887.25 626.49 0.9954 1999.45 666.17 0.9929 1820.82 712.27 0.9844 2012.65 758.43 0.9276 1800.27 778.25 0.9325 2048.00 754.94 0.6398 1829.05 803.54 0.9971 1902.74 823.47 0.9944 1777.25 891.41 0.9933 1862.09 914.94 0.9775 1730.43 992.26 0.9876 1811.23 1003.23 0.9700
42 1712.21 533.05 2045.31 1043.23 0.9501 1974.45 591.68 0.0302 1968.64 578.23 0.0293 1978.07 584.85 0.0244 1938.59 575.73 0.8433 1993.63 588.29 0.8081 1883.56 628.26 0.9941 2002.12 658.42 0.9914 1821.24 713.84 0.9859 2010.49 752.20 0.9530 1771.42 774.56 0.9622 2040.92 743.12 0.7802 1833.90 794.93 0.9957 1906.37 812.46 0.9942 1787.96 853.76 0.9890 1864.07 904.86 0.9812 1755.45 933.94 0.9855 1814.40 995.58 0.9750
43 1603.49 493.69 2046.41 973.95 0.9510 1884.40 539.38 0.0768 1885.47 530.07 0.0682 1891.00 535.08 0.0197 1881.61 540.26 0.9321 1928.56 546.63 0.6154 1841.29 594.76 0.9963 1943.80 608.48 0.9932 1749.38 593.04 0.9895 2020.46 597.32 0.9042 1657.19 577.94 0.9799 2037.94 577.82 0.7763 1808.74 747.67 0.9931 1865.64 755.72 0.9880 1779.76 801.97 0.9847 1838.82 829.16 0.9666 1769.38 907.24 0.9891 1829.20 923.34 0.9809
44 1660.71 374.11 1943.47 933.20 0.9268 1813.37 496.78 0.8898 1823.07 493.15 0.9275 1818.69 489.64 0.1362 1840.86 511.43 0.9730 1848.67 498.58 0.0213 1838.66 562.08 0.9917 1856.36 542.70 0.9796 1806.54 549.90 0.9729 1880.03 479.94 0.9493 1785.36 515.89 0.9740 1897.94 418.34 0.9679 1776.37 709.25 0.9905 1779.15 696.23 0.9857 1752.35 801.38 0.9896 1734.08 751.90 0.9759 1769.04 903.08 0.9745 1705.51 826.14 0.9763
45 1580.10 357.02 1868.72 857.36 0.9190 1743.76 468.90 0.8841 1753.35 465.22 0.8894 1745.52 462.74 0.1284 1766.80 482.91 0.9073 1754.62 475.45 0.0084 1758.39 529.22 0.9953 1743.80 513.58 0.9782 1791.24 536.58 0.9975 1734.02 437.07 0.9355 1826.85 525.43 0.9983 1743.14 377.30 0.9650 1706.74 662.34 0.9989 1711.74 661.25 0.9968 1642.04 728.72 0.9991 1704.94 745.76 0.9965 1630.56 819.78 0.9953 1698.65 828.03 0.9886
46 1488.85 415.68 1750.39 821.33 0.9403 1630.29 463.10 0.9438 1640.12 458.16 0.9602 1630.53 455.40 0.2575 1660.79 468.48 0.9472 1635.67 460.34 0.0088 1662.69 516.97 0.9947 1627.45 494.60 0.9840 1692.01 538.33 0.9957 1611.49 455.87 0.8521 1723.39 546.12 0.9962 1605.71 423.44 0.8342 1612.38 633.95 0.9982 1590.04 627.17 0.9963 1568.89 709.10 0.9979 1585.66 713.74 0.9947 1545.30 794.37 0.9943 1647.53 775.82 0.9924
47 1359.66 426.29 1569.98 821.75 0.9255 1487.71 466.63 0.9281 1494.11 458.99 0.9642 1488.97 457.93 0.1348 1519.76 460.71 0.9801 1504.54 457.54 0.0034 1543.58 510.11 0.9974 1511.55 501.57 0.9389 1555.62 581.92 0.9954 1504.36 569.37 0.0927 1539.67 647.67 0.9912 1481.69 622.30 0.0855 1507.26 642.07 0.9982 1477.15 629.05 0.9889 1512.84 717.16 0.9977 1442.54 684.81 0.9887 1537.15 794.01 0.9932 1407.10 753.90 0.9892
48 1308.50 405.70 1458.57 798.54 0.9132 1373.61 452.66 0.9558 1381.54 445.58 0.9797 1372.72 443.73 0.2884 1408.60 445.34 0.9776 1384.59 440.73 0.0060 1431.08 490.84 0.9954 1393.82 483.09 0.9249 1445.70 560.75 0.9921 1392.77 548.36 0.2144 1429.06 621.32 0.9873 1377.35 601.78 0.2514 1398.67 614.99 0.9972 1383.10 609.35 0.9871 1347.60 682.74 0.9975 1391.05 682.40 0.9896 1350.64 765.19 0.9924 1399.30 754.16 0.9860
49 1208.45 407.63 1382.17 785.50 0.9197 1263.35 454.69 0.9469 1269.70 446.81 0.9763 1262.22 446.14 0.1900 1295.39 444.77 0.9840 1275.34 442.89 0.0034 1317.10 487.06 0.9973 1283.96 477.13 0.9388 1340.18 519.23 0.9920 1284.84 528.38 0.2192 1360.98 541.25 0.9876 1270.44 589.19 0.2621 1286.60 607.75 0.9975 1265.47 600.63 0.9863 1257.36 680.33 0.9987 1266.53 671.20 0.9910 1252.89 756.76 0.9960 1328.39 714.40 0.9909
50 1063.06 315.45 1267.08 788.00 0.9357 1154.11 450.83 0.7250 1159.73 443.56 0.7530 1153.16 443.71 0.0405 1183.39 446.08 0.8337 1162.41 446.32 0.0015 1201.14 482.29 0.9908 1175.66 476.70 0.9420 1198.52 430.63 0.9935 1161.63 412.35 0.6969 1195.09 372.48 0.9889 1148.10 357.97 0.6780 1192.67 613.49 0.9988 1159.17 606.51 0.9971 1205.04 688.75 0.9960 1130.26 672.21 0.9939 1249.63 751.93 0.9800 1112.98 738.58 0.9830
51 990.24 370.75 1131.07 781.99 0.9140 1046.50 448.91 0.8696 1050.44 440.05 0.8682 1044.31 440.50 0.0804 1070.87 435.15 0.8739 1061.72 435.44 0.0031 1095.04 467.65 0.9921 1083.35 462.92 0.9064 1099.96 447.76 0.9830 1071.59 447.85 0.1316 1073.90 412.46 0.9760 1046.70 419.72 0.1332 1082.01 590.25 0.9968 1084.80 583.73 0.9889 1040.11 665.15 0.9978 1087.24 663.06 0.9920 1038.95 751.93 0.9907 1104.89 740.22 0.9828
52 917.64 387.64 1032.14 780.18 0.9017 932.85 442.62 0.3761 934.61 434.45 0.3482 933.77 434.79 0.0093 953.40 433.54 0.7751 956.91 433.35 0.0033 984.30 470.86 0.9911 971.50 464.26 0.9475 981.13 448.87 0.9836 963.28 445.58 0.2992 965.91 420.98 0.9739 950.77 423.87 0.2407 967.08 592.24 0.9956 963.34 584.39 0.9892 945.42 667.29 0.9972 955.90 659.63 0.9911 964.68 746.40 0.9936 1006.20 708.73 0.9905
53 782.21 403.87 972.96 781.38 0.9257 819.22 456.26 0.6113 820.63 447.92 0.6814 819.86 447.88 0.0299 839.55 441.68 0.9163 843.41 440.52 0.0088 867.64 469.82 0.9946 867.03 462.38 0.9035 862.94 494.19 0.9886 866.61 474.15 0.2272 857.58 448.83 0.9655 852.24 438.28 0.2761 871.17 598.96 0.9974 854.91 590.97 0.9913 889.58 680.85 0.9959 830.20 664.13 0.9937 952.44 743.26 0.9880 830.80 734.39 0.9901
54 674.43 318.61 844.00 783.76 0.9323 718.43 463.82 0.9180 720.44 455.65 0.9506 716.05 455.32 0.0491 740.71 446.25 0.9911 735.42 443.71 0.0026 773.08 487.01 0.9991 758.23 453.26 0.9961 807.27 549.52 0.9971 732.07 393.45 0.9751 825.58 604.85 0.9945 711.96 346.56 0.9797 775.95 598.44 0.9971 782.75 587.38 0.9962 734.84 670.53 0.9981 800.18 663.28 0.9974 721.92 754.43 0.9848 826.02 727.47 0.9875
55 548.80 354.59 799.17 792.33 0.9239 584.63 495.76 0.5943 585.21 489.57 0.5534 582.62 485.91 0.0208 601.86 483.45 0.9275 607.18 472.93 0.0100 640.75 516.30 0.9977 634.01 473.83 0.9931 675.44 560.10 0.9934 598.38 413.09 0.9717 697.29 613.71 0.9897 569.41 369.03 0.9833 658.75 615.63 0.9981 678.04 600.23 0.9978 612.47 686.05 0.9987 701.87 665.46 0.9968 615.08 762.72 0.9913 771.45 700.39 0.9885
56 419.52 419.38 658.28 789.60 0.9353 485.34 466.97 0.2125 482.84 459.63 0.2539 486.86 456.49 0.0145 493.59 457.39 0.9510 523.06 447.96 0.1897 521.64 498.88 0.9986 566.37 467.92 0.9949 497.64 547.99 0.9975 611.23 497.69 0.9711 454.86 573.66 0.9938 636.23 528.56 0.9665 571.30 608.76 0.9973 591.05 590.42 0.9943 580.65 688.28 0.9940 556.98 637.32 0.9798 613.18 757.08 0.9848 568.15 681.25 0.9830
57 290.29 353.18 627.00 789.48 0.9350 444.87 452.09 0.1790 446.08 445.74 0.0938 452.28 447.42 0.0313 449.53 448.41 0.7539 481.16 448.72 0.3240 439.74 472.93 0.9927 503.38 485.86 0.9927 379.35 428.67 0.9837 529.11 548.15 0.9818 328.87 385.93 0.9661 524.61 607.51 0.9714 477.62 601.84 0.9899 501.04 602.60 0.9900 523.44 674.26 0.9878 480.31 664.34 0.9874 600.22 746.17 0.9870 477.68 745.55 0.9875
58 213.16 395.96 524.26 781.26 0.9266 360.08 432.16 0.0919 360.83 425.60 0.1142 367.05 425.70 0.0102 364.83 426.92 0.9694 399.45 426.20 0.4992 359.95 465.79 0.9987 433.18 465.63 0.9985 310.02 501.74 0.9943 476.49 513.27 0.9832 252.39 530.39 0.9879 502.72 548.78 0.9520 401.99 589.02 0.9985 448.02 587.70 0.9983 397.18 668.12 0.9959 450.99 664.32 0.9957 439.26 737.36 0.9803 477.09 739.76 0.9829
59 252.92 319.48 473.92 758.42 0.9136 263.35 430.24 0.1289 263.83 424.74 0.0904 267.70 421.91 0.0121 269.86 430.58 0.9060 299.17 419.97 0.2733 285.88 484.25 0.9976 322.96 443.88 0.9979 306.72 544.82 0.9899 332.82 392.17 0.9777 314.13 601.79 0.9844 318.23 347.93 0.9590 323.96 579.11 0.9986 359.41 566.52 0.9991 320.04 658.06 0.9983 388.89 648.52 0.9993 344.43 722.43 0.9900 443.42 712.88 0.9960
60 141.98 369.11 367.10 749.70 0.9166 173.00 420.46 0.0537 173.54 414.14 0.0487 178.60 412.20 0.0082 181.63 421.35 0.8548 213.46 412.90 0.3550 189.36 474.33 0.9980 241.51 440.78 0.9898 184.50 536.45 0.9961 267.81 432.77 0.8223 162.49 580.90 0.9905 262.19 429.80 0.6893 244.62 567.90 0.9958 270.80 556.92 0.9887 281.90 645.91 0.9954 260.47 625.58 0.9884 337.38 712.49 0.9909 260.66 686.34 0.9881
61 48.63 333.79 257.27 728.95 0.9129 73.11 420.18 0.2450 73.51 414.97 0.1937 75.12 409.63 0.0165 81.89 415.25 0.9259 107.36 399.94 0.1958 109.68 458.66 0.9993 136.09 417.61 0.9985 136.14 517.75 0.9975 113.35 367.24 0.9770 142.41 577.36 0.9942 78.10 336.03 0.9735 161.08 552.23 0.9966 193.78 540.65 0.9970 133.89 625.24 0.9962 197.45 622.45 0.9952 187.58 691.85 0.9857 238.51 687.79 0.9837
62 0.00 203.17 51.84 621.39 0.4414 0.00 259.44 0.0139 0.00 250.85 0.0110 0.00 250.76 0.0047 0.00 252.80 0.0126 0.00 251.87 0.0048 0.00 287.40 0.2655 0.00 290.09 0.0063 21.09 331.78 0.8675 13.37 345.74 0.0246 29.32 384.02 0.8217 17.44 395.02 0.1262 8.13 397.43 0.3870 4.83 398.99 0.0749 17.51 500.98 0.5590 11.03 502.52 0.1687 37.34 590.95 0.6199 23.92 591.56 0.3161
63 0.00 380.74 160.77 756.67 0.6927 12.75 413.66 0.0090 8.30 407.35 0.0048 12.81 406.63 0.0054 1.29 406.76 0.0074 8.07 405.53 0.0076 3.42 433.27 0.0687 4.93 431.80 0.0061 54.01 429.94 0.7741 50.38 428.60 0.0946 125.05 424.58 0.8363 118.74 426.31 0.3469 4.76 530.52 0.1890 6.02 534.08 0.0811 24.62 586.66 0.2473 20.99 592.63 0.1333 39.39 678.06 0.3624 34.87 682.21 0.2551
65 0.00 385.85 102.92 715.67 0.3794 3.99 473.70 0.0131 0.00 467.14 0.0087 4.13 466.66 0.0083 0.00 469.75 0.0058 0.00 469.09 0.0040 0.92 495.96 0.0057 0.00 495.32 0.0015 1.91 510.56 0.1046 4.99 513.68 0.0213 8.66 519.87 0.2839 5.09 521.73 0.1189 0.94 556.98 0.0539 0.17 557.84 0.0242 27.96 589.34 0.4450 27.10 594.56 0.2481 47.93 669.54 0.5290 48.57 669.44 0.3268
66 0.08 356.62 192.00 690.78 0.8656 49.92 395.58 0.3059 48.72 388.50 0.0308 43.26 390.42 0.3171 40.16 388.34 0.0060 23.87 393.83 0.4343 40.03 412.34 0.9003 15.64 425.61 0.2742 82.93 400.09 0.9182 54.19 432.93 0.0322 130.31 391.33 0.9328 103.26 426.96 0.0726 57.90 521.55 0.9768 31.88 530.11 0.8896 103.25 577.31 0.9792 38.12 591.19 0.8260 138.69 642.93 0.8957 0.32 647.06 0.5286
67 65.63 337.24 276.60 669.73 0.9166 138.81 372.61 0.7857 137.02 365.87 0.0863 133.77 366.61 0.8447 121.29 367.01 0.0084 112.96 369.53 0.9186 113.90 398.86 0.8349 92.43 400.16 0.9871 128.81 435.32 0.0854 121.34 410.73 0.9382 144.05 457.77 0.0762 137.99 401.71 0.8537 145.94 497.62 0.9723 124.66 506.84 0.9907 189.75 547.19 0.9805 147.41 574.01 0.9927 234.65 607.56 0.9669 141.69 644.64 0.9660
68 166.72 264.37 311.74 630.43 0.8689 227.68 353.49 0.7259 227.10 346.21 0.0874 221.64 347.06 0.6586 218.47 348.25 0.0088 203.72 350.24 0.6131 214.33 388.21 0.7917 194.25 378.37 0.9831 234.76 434.33 0.2503 201.00 338.92 0.9815 252.03 478.18 0.3439 195.12 305.06 0.9829 243.98 475.47 0.9358 229.97 478.52 0.9827 276.48 534.12 0.9666 276.93 535.19 0.9910 262.35 597.14 0.9481 258.93 595.51 0.9716
69 259.05 323.63 437.32 614.93 0.8935 329.22 356.55 0.6055 325.98 349.95 0.0268 324.17 350.29 0.5140 304.02 351.76 0.0104 308.53 354.40 0.7745 297.09 382.90 0.8900 310.99 387.11 0.9708 318.13 426.15 0.1283 327.02 437.98 0.6982 336.67 459.10 0.1514 339.85 471.73 0.5096 316.98 468.35 0.9828 333.84 469.02 0.9904 323.31 529.20 0.9934 373.88 521.05 0.9969 289.71 586.70 0.9909 394.90 584.29 0.9934
70 324.81 244.79 507.10 605.93 0.8672 412.01 340.21 0.7259 412.87 333.39 0.0599 408.76 334.59 0.7484 400.37 330.71 0.0135 392.61 334.71 0.9261 387.50 343.36 0.9828 373.79 360.59 0.9924 371.63 311.35 0.8586 349.20 400.85 0.9912 358.03 279.07 0.8449 335.95 445.76 0.9913 416.05 440.24 0.9947 397.27 448.28 0.9960 439.26 494.37 0.9957 405.26 510.78 0.9977 472.97 548.07 0.9922 395.92 580.78 0.9916
71 424.23 248.79 535.01 575.24 0.8834 479.06 319.83 0.4163 478.86 313.68 0.0264 475.66 314.50 0.3913 464.10 316.03 0.0167 463.66 318.13 0.7777 451.39 345.89 0.8430 451.10 345.75 0.9924 468.35 314.50 0.1597 471.29 312.93 0.9842 479.65 278.57 0.2382 481.29 273.51 0.9626 474.88 431.39 0.9782 475.99 433.65 0.9953 498.23 482.77 0.9781 517.29 480.96 0.9959 494.22 541.28 0.9542 494.90 536.54 0.9841
72 494.53 268.75 637.86 559.67 0.8956 559.58 317.40 0.7635 556.79 311.83 0.0365 556.96 312.51 0.8095 535.47 313.29 0.0122 544.65 316.58 0.9742 529.31 331.03 0.9773 532.97 346.23 0.9964 542.32 310.00 0.5691 532.86 384.95 0.9929 555.14 289.40 0.6642 543.65 419.46 0.9911 540.98 419.27 0.9900 554.38 421.88 0.9955 541.13 477.93 0.9931 590.04 470.77 0.9973 512.79 533.91 0.9907 603.80 529.02 0.9933
73 538.85 283.35 679.17 552.12 0.8714 630.72 309.62 0.3149 628.90 303.27 0.0253 631.31 304.25 0.4006 607.82 304.00 0.1518 624.35 308.58 0.9693 590.86 323.17 0.9949 607.03 339.10 0.9941 561.47 321.46 0.9538 587.85 377.78 0.9786 545.91 315.07 0.9242 580.53 420.11 0.9768 606.16 409.91 0.9873 607.95 418.56 0.9886 632.63 457.52 0.9894 611.50 472.89 0.9932 655.42 501.86 0.9848 603.41 528.13 0.9847
74 606.87 271.04 716.39 521.49 0.6226 683.01 297.18 0.1643 680.01 291.24 0.0176 681.39 291.80 0.1766 659.71 291.02 0.1263 674.43 294.93 0.8593 644.29 319.02 0.9842 670.14 328.50 0.9921 627.86 358.01 0.9053 670.34 374.16 0.9617 620.39 388.77 0.8537 672.01 410.71 0.9187 657.70 397.91 0.9888 673.87 403.42 0.9937 685.13 440.15 0.9771 703.02 448.17 0.9917 681.43 488.73 0.9476 672.46 487.88 0.9760
75 679.24 269.85 796.85 517.93 0.8996 732.84 293.64 0.2406 729.06 289.01 0.0246 731.28 288.65 0.2697 708.28 292.46 0.1366 724.68 293.65 0.9136 700.51 319.53 0.9572 730.59 325.48 0.9935 715.30 348.40 0.2834 751.05 364.12 0.9654 744.29 371.24 0.2444 764.60 393.78 0.9091 712.95 395.14 0.9919 736.95 396.17 0.9962 719.47 444.27 0.9924 756.04 440.61 0.9965 693.66 492.16 0.9940 768.38 489.34 0.9955
76 737.27 262.26 826.30 505.92 0.7797 785.51 287.62 0.4861 783.15 282.19 0.0366 783.23 282.32 0.6053 762.86 281.94 0.0437 773.49 284.22 0.9377 752.04 304.10 0.9207 772.64 311.33 0.9957 763.47 338.93 0.1730 794.31 349.30 0.9845 787.54 363.67 0.1522 813.05 381.16 0.9519 758.01 375.46 0.9534 770.57 379.33 0.9903 782.91 420.73 0.9515 777.89 431.65 0.9952 791.68 463.51 0.9735 769.94 485.04 0.9936
77 726.56 262.89 834.22 500.98 0.6018 824.28 289.22 0.8350 825.33 282.93 0.1429 820.68 283.73 0.8420 816.95 280.06 0.0169 807.70 282.43 0.9179 804.92 297.83 0.8667 792.96 304.98 0.9925 793.81 320.23 0.1041 766.47 332.45 0.9870 791.33 337.47 0.0882 742.51 361.33 0.9722 806.26 370.27 0.9487 794.57 373.98 0.9869 820.88 418.24 0.9380 814.53 425.13 0.9897 807.46 467.59 0.9129 794.47 474.58 0.9659
78 777.27 266.54 862.14 492.96 0.7823 831.26 287.31 0.9649 834.44 282.52 0.8226 826.39 282.62 0.9647 837.03 285.43 0.2183 816.06 285.42 0.9078 840.30 312.50 0.9877 802.73 313.68 0.9936 844.25 347.85 0.9612 787.94 350.25 0.9832 850.48 378.46 0.9599 783.92 385.97 0.9802 834.75 378.10 0.9905 812.65 378.93 0.9932 831.05 427.43 0.9893 827.25 427.48 0.9943 812.02 465.31 0.9765 825.71 470.96 0.9849
79 799.06 266.99 883.37 497.28 0.8559 845.37 289.44 0.9799 848.05 283.57 0.8950 839.27 284.72 0.9838 851.14 284.88 0.2275 829.24 287.91 0.9411 857.57 310.83 0.9707 819.49 319.64 0.9931 858.63 339.33 0.3392 809.28 355.82 0.9556 862.06 371.73 0.2581 821.73 387.14 0.9228 862.32 383.16 0.9811 836.78 389.13 0.9880 872.06 421.22 0.9707 836.46 440.12 0.9809 855.09 460.59 0.9671 832.90 474.77 0.9603
80 838.15 276.07 929.37 540.27 0.6678 884.68 298.52 0.9782 887.26 292.09 0.9051 877.96 294.26 0.9870 891.03 293.75 0.2690 868.03 299.26 0.9463 899.99 322.20 0.9511 862.09 332.15 0.9940 902.99 358.85 0.3011 859.82 371.94 0.9815 909.51 393.07 0.2778 875.54 403.97 0.9668 903.17 396.32 0.9762 877.21 398.89 0.9853 908.11 456.10 0.9604 872.33 452.06 0.9374 898.53 510.83 0.9497 853.58 478.06 0.9057
81 859.82 285.02 1001.94 570.18 0.8822 927.90 308.36 0.9887 930.21 302.21 0.8822 920.99 303.83 0.9930 932.08 305.67 0.1155 907.47 309.45 0.9723 943.58 335.65 0.9910 897.38 339.04 0.9966 968.26 354.39 0.9430 872.71 365.89 0.9880 989.59 358.90 0.9528 869.35 398.28 0.9859 939.77 417.06 0.9934 912.01 419.38 0.9963 924.65 465.82 0.9907 926.65 474.63 0.9967 904.31 511.53 0.9916 944.83 539.92 0.9951
82 917.13 292.69 1039.48 574.65 0.9008 970.23 317.73 0.8893 973.13 311.83 0.5139 964.40 311.85 0.8972 973.55 314.49 0.0855 950.72 314.68 0.8722 980.89 347.33 0.9898 936.40 352.08 0.9887 997.47 387.07 0.9756 928.27 400.67 0.9810 1021.87 417.75 0.9765 937.50 439.75 0.9815 983.43 433.71 0.9949 953.25 437.21 0.9950 996.47 489.70 0.9942 962.34 496.16 0.9968 975.31 526.08 0.9843 959.18 549.41 0.9869
83 956.99 308.90 1072.53 596.36 0.8944 1031.30 338.83 0.8969 1034.98 332.22 0.5889 1025.09 333.00 0.9209 1036.47 332.53 0.0917 1011.39 334.26 0.8605 1035.41 359.65 0.8943 1001.72 363.04 0.9913 1035.89 401.20 0.2291 1016.93 389.00 0.9883 1040.96 415.24 0.2060 1035.70 359.00 0.9713 1040.69 451.82 0.9884 1010.35 454.09 0.9940 1048.80 510.10 0.9892 997.73 510.77 0.9891 1042.44 570.16 0.9821 967.86 546.97 0.9737
84 996.03 316.70 1161.61 618.80 0.9297 1085.82 350.49 0.9760 1088.85 344.02 0.7673 1080.13 344.27 0.9844 1089.23 342.60 0.0758 1064.49 342.68 0.9696 1095.86 370.71 0.9942 1042.18 372.71 0.9961 1129.50 387.83 0.9797 1014.66 411.00 0.9913 1147.66 377.34 0.9771 1006.20 451.28 0.9895 1082.53 461.31 0.9967 1052.69 461.39 0.9975 1063.44 515.50 0.9957 1070.07 520.82 0.9977 1046.00 569.81 0.9937 1078.96 589.54 0.9944
85 1056.40 328.50 1215.64 638.45 0.9273 1134.96 365.55 0.9806 1137.80 358.60 0.6923 1128.90 358.82 0.9875 1136.83 356.12 0.0318 1110.86 355.94 0.9775 1140.26 387.29 0.9931 1086.74 392.95 0.9948 1163.95 420.76 0.9818 1067.51 445.14 0.9877 1196.81 432.24 0.9839 1081.19 490.10 0.9874 1134.12 484.74 0.9951 1099.77 488.88 0.9961 1138.98 541.79 0.9926 1106.38 551.48 0.9970 1105.54 573.48 0.9638 1100.83 610.13 0.9748
86 1091.40 347.17 1240.15 664.18 0.9165 1202.44 384.92 0.9536 1205.73 378.01 0.5299 1196.55 377.87 0.9738 1201.37 376.92 0.0244 1177.49 376.12 0.9583 1193.46 404.96 0.8924 1159.18 405.49 0.9957 1190.03 441.60 0.1443 1189.29 424.38 0.9916 1197.94 444.60 0.1411 1217.70 396.11 0.9722 1194.79 505.35 0.9914 1159.90 505.33 0.9967 1203.03 569.34 0.9926 1138.59 560.77 0.9938 1204.27 636.35 0.9872 1102.43 603.92 0.9840
87 1189.79 357.65 1373.28 694.46 0.9185 1265.22 396.08 0.9882 1268.93 388.99 0.7417 1259.95 389.01 0.9919 1267.21 384.63 0.0272 1240.43 384.23 0.9835 1267.66 413.73 0.9953 1218.30 424.97 0.9961 1303.66 447.25 0.9886 1209.73 484.05 0.9919 1344.98 468.57 0.9859 1213.39 537.26 0.9894 1259.88 520.36 0.9955 1232.03 525.50 0.9961 1230.92 581.13 0.9950 1244.63 591.76 0.9974 1205.31 640.10 0.9918 1252.52 666.08 0.9939
88 1256.30 283.99 1393.60 718.40 0.8855 1340.10 405.60 0.9749 1343.26 398.16 0.6026 1334.64 398.00 0.9886 1340.28 396.63 0.0092 1313.08 395.35 0.9710 1335.22 417.41 0.9826 1288.19 423.42 0.9891 1366.63 365.05 0.9767 1267.71 402.46 0.9259 1381.59 316.16 0.9785 1273.40 368.66 0.8908 1325.93 534.61 0.9922 1290.30 536.10 0.9945 1329.66 601.63 0.9811 1290.63 608.36 0.9939 1283.09 642.83 0.9605 1276.94 677.85 0.9795
89 1269.96 320.47 1450.89 742.10 0.9272 1420.47 426.34 0.8243 1424.83 419.17 0.1758 1416.44 417.42 0.8132 1419.08 421.37 0.0103 1397.54 416.08 0.7974 1402.46 452.48 0.7875 1375.10 447.26 0.9941 1414.87 427.28 0.1299 1397.41 396.42 0.9905 1432.39 385.10 0.2356 1422.31 345.98 0.9832 1401.82 567.51 0.9908 1367.51 565.45 0.9973 1407.10 640.48 0.9935 1341.96 634.93 0.9957 1397.79 708.73 0.9845 1288.98 673.45 0.9840
90 1376.00 344.31 1619.71 782.01 0.9247 1499.67 424.27 0.9042 1500.95 417.49 0.2998 1491.78 417.80 0.9345 1494.91 423.50 0.0083 1469.59 424.23 0.8966 1497.05 454.55 0.9761 1446.67 461.18 0.9813 1550.67 414.23 0.9891 1454.77 442.17 0.9746 1594.40 376.30 0.9900 1493.13 395.41 0.9697 1471.98 573.35 0.9916 1447.41 577.82 0.9937 1437.49 645.22 0.9879 1467.61 653.38 0.9949 1400.69 716.47 0.9723 1471.94 744.08 0.9857
91 1462.46 411.21 1656.25 807.84 0.9022 1585.61 453.37 0.9644 1587.03 444.95 0.4100 1578.93 444.85 0.9692 1579.33 444.76 0.0167 1554.46 444.32 0.9686 1576.98 485.35 0.9966 1530.96 491.50 0.9980 1598.06 546.93 0.9900 1557.22 566.55 0.9942 1627.30 597.80 0.9741 1598.59 622.69 0.9781 1556.19 604.44 0.9950 1520.72 607.61 0.9967 1553.19 678.48 0.9905 1528.85 692.01 0.9980 1482.71 721.38 0.9876 1504.08 767.34 0.9948
92 1473.75 442.10 1727.39 826.64 0.9332 1714.22 489.97 0.8746 1715.85 481.98 0.0945 1708.85 481.00 0.9303 1699.55 480.95 0.0045 1682.65 478.72 0.9736 1675.75 515.66 0.9264 1639.96 512.16 0.9978 1641.59 564.32 0.1838 1571.55 547.60 0.9922 1624.67 610.43 0.1397 1512.31 596.83 0.9797 1644.67 637.36 0.9946 1611.28 634.20 0.9984 1650.38 708.61 0.9978 1579.65 705.17 0.9984 1640.61 799.19 0.9957 1510.39 763.36 0.9941
93 1587.35 459.73 1840.43 873.18 0.9430 1817.16 517.11 0.9211 1821.25 509.02 0.1302 1812.63 507.04 0.9538 1802.32 503.58 0.0046 1786.14 498.84 0.9732 1777.45 534.76 0.9488 1733.88 529.55 0.9980 1745.23 586.01 0.2825 1664.79 562.55 0.9954 1730.15 636.84 0.2820 1614.83 616.76 0.9923 1722.63 653.18 0.9906 1703.01 653.03 0.9972 1688.11 726.79 0.9970 1725.40 739.86 0.9991 1642.81 799.46 0.9956 1714.59 834.99 0.9958
94 1695.88 485.79 2030.91 901.16 0.9243 1886.81 549.23 0.9734 1894.76 540.09 0.8460 1877.79 540.31 0.9769 1902.09 528.58 0.1047 1855.41 527.78 0.9426 1911.86 550.59 0.9957 1817.68 554.76 0.9949 1968.50 575.65 0.9808 1758.47 602.25 0.9612 2001.84 576.39 0.9705 1797.01 617.93 0.9440 1850.22 681.27 0.9959 1796.76 680.22 0.9965 1807.98 760.78 0.9817 1801.05 769.18 0.9958 1734.26 796.78 0.9590 1776.10 849.55 0.9826
95 1775.78 472.67 2041.50 945.31 0.9110 1937.93 559.47 0.9692 1949.13 551.27 0.9776 1933.35 548.29 0.8621 1972.99 544.65 0.8584 1925.83 537.39 0.0856 1988.38 577.53 0.9803 1899.15 568.46 0.9898 2023.43 555.75 0.9515 1873.13 586.61 0.7588 2004.74 498.56 0.9721 1911.94 544.19 0.6416 1931.92 712.66 0.9960 1869.88 699.77 0.9968 1914.11 811.40 0.9921 1836.52 791.37 0.9928 1894.39 906.70 0.9712 1796.69 864.32 0.9824
96 1814.40 516.68 2047.80 974.21 0.9106 2010.54 575.79 0.9782 2023.72 568.04 0.9740 2007.27 563.23 0.9106 2045.23 570.44 0.6677 1999.57 556.72 0.1228 2044.84 628.03 0.8002 1965.62 592.56 0.9875 2029.49 707.23 0.0496 1926.49 629.88 0.5779 2003.34 726.30 0.1023 1942.29 629.42 0.3874 1978.40 746.77 0.9557 1922.48 728.90 0.9851 1944.50 838.85 0.9595 1888.78 827.82 0.9894 1896.17 918.80 0.9474 1856.26 923.04 0.9759
97 1803.53 537.85 2048.00 1014.88 0.9381 2010.12 606.01 0.9775 2027.17 596.17 0.9749 2002.71 590.72 0.9632 2048.00 601.31 0.4719 1987.20 585.47 0.3094 2048.00 672.07 0.7517 1950.79 627.31 0.9963 2041.41 768.43 0.1711 1894.43 676.02 0.9921 2024.01 839.81 0.4068 1870.63 726.65 0.9871 1975.65 798.68 0.9718 1908.31 774.41 0.9971 1949.54 895.59 0.9280 1878.03 875.83 0.9965 1898.10 951.50 0.8842 1859.40 969.01 0.9822
98 1803.28 574.30 2048.00 1101.86 0.9112 2010.51 639.09 0.9903 2028.22 630.21 0.9822 2002.98 621.76 0.9907 2047.76 636.09 0.3931 1982.40 613.64 0.7517 2048.00 702.48 0.8792 1930.63 660.66 0.9970 2040.45 794.31 0.2156 1871.47 735.12 0.9854 2017.54 857.53 0.4706 1860.87 757.41 0.9829 1968.21 842.12 0.9881 1896.06 811.98 0.9965 1899.81 962.62 0.9803 1861.47 888.62 0.9846 1861.11 1056.02 0.9107 1842.36 959.17 0.9518
99 1738.13 604.67 2047.10 1135.76 0.9535 2006.45 679.81 0.9845 2027.30 669.15 0.9618 1998.78 661.32 0.9847 2048.00 676.31 0.3232 1978.81 653.02 0.6171 2048.00 760.30 0.7477 1926.14 705.05 0.9785 2038.12 873.33 0.7613 1857.04 796.40 0.9906 2000.92 961.71 0.9432 1809.21 874.58 0.9895 1949.01 905.16 0.9746 1869.36 872.70 0.9932 1893.38 1010.46 0.9780 1811.72 961.84 0.9915 1833.82 1074.70 0.9570 1783.44 1041.80 0.9792
100 1671.38 666.33 2045.64 1241.49 0.9423 1942.78 747.53 0.9908 1965.02 738.97 0.9943 1934.26 728.16 0.9849 1994.07 744.10 0.8772 1916.34 715.33 0.5937 1993.57 809.84 0.9840 1877.59 758.78 0.9835 2025.60 896.65 0.9771 1831.50 777.92 0.9676 2015.17 813.46 0.9867 1917.39 762.80 0.9343 1892.75 972.63 0.9897 1808.71 950.99 0.9944 1858.64 1076.22 0.9620 1757.34 1075.14 0.9923 1835.63 1123.79 0.8996 1734.85 1180.67 0.9763
101 1636.93 612.99 2034.90 1384.25 0.9330 1869.05 812.20 0.9716 1892.08 805.52 0.9793 1871.03 791.66 0.8299 1940.54 808.38 0.8574 1869.26 771.62 0.0773 1961.88 861.06 0.9789 1813.24 815.41 0.9931 2007.07 784.92 0.9827 1737.03 909.86 0.9946 1962.17 671.09 0.9909 1673.81 999.13 0.9919 1835.71 1058.86 0.9946 1754.78 1014.55 0.9955 1750.58 1194.32 0.9892 1727.32 1107.82 0.9884 1706.52 1311.91 0.9634 1719.02 1196.42 0.9769
102 1554.23 639.71 1989.74 1416.20 0.9206 1817.00 912.20 0.9339 1835.43 902.38 0.9533 1808.78 893.05 0.7247 1890.34 888.46 0.8878 1803.55 865.02 0.1148 1934.30 933.23 0.9816 1785.57 885.96 0.9930 1954.51 844.85 0.9805 1698.75 872.74 0.9950 1894.80 698.07 0.9869 1638.11 848.46 0.9941 1822.75 1141.25 0.9864 1724.99 1096.51 0.9929 1744.79 1255.81 0.9701 1654.16 1183.24 0.9852 1671.04 1339.21 0.9741 1612.09 1272.97 0.9894
103 1508.60 715.37 1917.15 1491.96 0.9474 1727.46 1027.13 0.9821 1751.30 1011.72 0.9933 1714.26 1004.40 0.8483 1808.85 996.12 0.9847 1708.56 975.51 0.1374 1849.33 1086.02 0.9940 1687.61 989.06 0.9934 1789.87 1222.50 0.9906 1673.75 848.96 0.9943 1687.47 1299.04 0.9830 1801.47 763.70 0.9800 1721.62 1284.16 0.9813 1610.55 1250.41 0.9929 1673.30 1425.58 0.8720 1556.35 1404.13 0.9749 1680.78 1433.24 0.2036 1541.40 1483.00 0.5551
104 1483.40 862.70 1885.69 1491.05 0.9216 1688.97 1179.73 0.9892 1721.92 1162.07 0.9973 1673.78 1148.68 0.9558 1787.46 1145.76 0.9844 1662.95 1109.97 0.1955 1822.28 1264.57 0.9883 1636.53 1134.22 0.9933 1785.44 1436.51 0.7744 1596.86 1031.69 0.9949 1704.71 1478.24 0.1011 1697.59 927.26 0.9830 1677.26 1466.35 0.5353 1543.23 1411.79 0.8195 1688.34 1454.34 0.0199 1522.45 1413.70 0.1218 1654.77 1473.25 0.0040 1543.09 1456.06 0.0185
105 1424.96 1199.50 1845.17 1496.16 0.8391 1617.98 1372.90 0.9956 1662.30 1361.23 0.9962 1616.87 1329.84 0.9769 1747.59 1361.48 0.9855 1609.13 1286.53 0.0114 1808.74 1438.14 0.8511 1554.48 1320.61 0.9910 1803.57 1500.00 0.0133 1466.32 1449.68 0.3152 1722.59 1500.00 0.0144 1502.51 1488.06 0.0133 1705.63 1500.00 0.0007 1541.31 1483.56 0.0041 1679.76 1500.00 0.0004 1489.47 1458.34 0.0016 1637.16 1497.06 0.0004 1539.30 1463.74 0.0009
106 1283.97 1344.91 1517.98 1499.74 0.6651 1298.54 1500.00 0.1958 1321.71 1496.06 0.3478 1298.92 1487.75 0.1858 1390.78 1489.51 0.1504 1305.21 1467.53 0.0125 1415.15 1500.00 0.0019 1320.24 1488.87 0.0065 1393.79 1500.00 0.0015 1305.42 1490.99 0.0025 1337.70 1500.00 0.0157 1305.85 1500.00 0.0063 1414.43 1500.00 0.0020 1332.85 1500.00 0.0044 1367.61 1490.93 0.0068 1302.71 1481.15 0.0113 1362.02 1480.84 0.0047 1326.68 1470.60 0.0067
107 937.14 1385.97 1150.86 1498.63 0.3689 948.12 1473.67 0.0490 946.91 1464.22 0.0927 961.20 1465.20 0.0124 955.62 1477.37 0.3426 1019.99 1474.92 0.1143 958.93 1500.00 0.0100 1037.20 1496.33 0.0064 938.33 1494.41 0.0029 1004.29 1479.48 0.0011 944.25 1494.76 0.0164 966.17 1490.10 0.0092 1008.25 1500.00 0.0038 1065.77 1500.00 0.0037 962.31 1478.42 0.0232 985.33 1476.87 0.0090 981.28 1493.01 0.0122 1005.17 1483.42 0.0062
108 623.86 1349.09 818.96 1500.00 0.3667 746.29 1455.62 0.0026 722.34 1447.39 0.0009 764.50 1447.82 0.0074 639.96 1458.25 0.4142 812.71 1463.04 0.7151 629.80 1488.39 0.0040 817.32 1494.80 0.0046 638.35 1477.73 0.0004 816.89 1479.47 0.0012 686.18 1466.10 0.0057 804.49 1475.77 0.0090 652.75 1500.00 0.0016 796.26 1500.00 0.0018 677.33 1456.13 0.0082 765.75 1445.86 0.0037 689.15 1481.06 0.0083 768.17 1467.19 0.0041
109 220.51 1206.30 748.02 1496.63 0.8904 489.24 1330.46 0.0023 473.24 1322.22 0.0048 504.89 1307.86 0.0098 406.63 1352.42 0.9087 561.20 1322.31 0.9724 403.43 1489.72 0.3904 670.06 1447.89 0.8548 334.19 1500.00 0.0183 673.76 1479.19 0.0157 264.95 1472.48 0.5772 548.24 1438.53 0.0086 492.91 1500.00 0.0012 674.38 1500.00 0.0038 433.71 1461.04 0.0074 614.76 1459.45 0.0100 439.06 1500.00 0.0031 564.17 1485.53 0.0050
110 174.11 915.08 582.55 1493.44 0.9259 337.24 1142.49 0.0060 321.63 1138.85 0.0065 347.90 1122.88 0.0071 261.24 1179.46 0.9350 399.27 1140.58 0.9496 236.50 1372.38 0.9607 473.72 1230.81 0.9961 214.47 1488.79 0.0385 493.87 1081.20 0.9611 234.29 1427.09 0.0047 430.85 968.16 0.9083 348.60 1500.00 0.0131 517.32 1473.02 0.0799 316.20 1437.26 0.0030 499.10 1412.70 0.0103 364.67 1500.00 0.0013 496.18 1488.20 0.0020
111 63.18 852.87 539.01 1492.87 0.9256 273.49 980.52 0.0331 248.31 973.61 0.0054 270.55 971.19 0.0208 169.27 1005.29 0.6263 266.83 1002.00 0.8936 137.67 1140.49 0.9841 300.66 1055.23 0.9965 154.93 1295.64 0.9186 347.22 871.97 0.9913 327.71 1248.67 0.8822 188.52 928.06 0.9780 237.17 1356.25 0.8180 318.54 1323.92 0.9681 332.72 1327.85 0.6295 419.08 1247.97 0.9588 388.17 1461.36 0.3465 479.23 1469.53 0.8447
112 45.13 764.62 419.49 1484.44 0.8522 206.46 884.28 0.3155 197.94 875.88 0.0733 196.09 874.09 0.2044 153.01 895.47 0.4213 183.76 893.02 0.7811 152.26 988.56 0.9625 206.40 947.19 0.9947 268.74 838.51 0.8447 275.02 813.28 0.9774 209.38 880.49 0.6495 197.43 859.98 0.9209 264.62 1170.45 0.9642 291.47 1153.30 0.9800 307.62 1293.86 0.9747 334.74 1262.88 0.9678 361.80 1428.48 0.9684 373.43 1320.43 0.9695
113 30.85 545.43 409.50 1386.43 0.9237 125.29 809.87 0.0150 116.29 803.09 0.0171 133.83 794.22 0.0100 91.26 816.12 0.8993 172.79 792.83 0.7582 84.72 926.45 0.9909 223.29 839.51 0.9973 111.69 1051.39 0.9839 218.77 706.65 0.9882 164.13 1153.05 0.9654 139.51 604.28 0.9505 198.83 1075.81 0.9941 298.55 1051.40 0.9978 241.92 1203.34 0.9548 338.81 1172.33 0.9932 247.69 1324.45 0.8551 369.10 1295.64 0.9787
114 0.32 672.58 376.45 1228.46 0.9298 129.52 736.77 0.0173 115.49 727.52 0.0070 132.25 723.24 0.0386 51.83 739.83 0.4791 131.62 730.52 0.9350 23.76 839.15 0.8960 186.39 813.84 0.9948 11.49 904.70 0.1199 268.34 902.63 0.9791 57.59 879.43 0.0385 290.24 932.51 0.9074 125.92 1030.88 0.9538 228.30 1009.23 0.9945 190.22 1077.89 0.8100 281.38 1016.92 0.9822 257.07 1190.64 0.8886 313.65 1160.32 0.9851
115 43.50 523.13 415.02 1233.21 0.9317 224.40 697.64 0.1613 212.67 683.15 0.0261 227.65 688.68 0.2066 152.43 682.30 0.3496 214.11 692.47 0.9546 108.01 732.91 0.9944 203.92 775.88 0.9970 82.28 651.65 0.9769 211.36 891.41 0.9908 73.00 576.99 0.9585 254.51 971.30 0.9902 152.92 950.37 0.9745 225.82 946.91 0.9807 220.66 1052.40 0.9730 302.85 945.12 0.9876 251.67 1179.77 0.9495 351.22 1049.62 0.9879
116 6.43 551.95 417.19 1080.51 0.9351 317.46 631.62 0.2913 310.79 618.60 0.0286 319.28 621.80 0.3844 258.48 616.22 0.2388 303.75 622.36 0.9770 211.96 663.60 0.9944 298.33 698.64 0.9968 126.26 632.33 0.9732 313.26 798.90 0.9759 58.78 593.70 0.9735 358.81 869.24 0.9839 260.03 840.03 0.9892 315.53 852.22 0.9931 290.72 920.92 0.9856 351.51 936.31 0.9909 285.33 1031.38 0.9802 359.68 1043.68 0.9852
117 127.14 531.00 462.61 1045.54 0.9307 390.01 593.51 0.7259 386.78 581.34 0.0763 389.48 583.89 0.8048 343.40 577.12 0.0787 366.88 580.32 0.9795 290.84 614.45 0.9906 356.07 639.59 0.9955 215.63 617.25 0.9729 361.66 713.76 0.9846 164.34 599.89 0.9685 394.96 777.20 0.9897 336.92 775.71 0.9759 365.44 791.81 0.9897 419.47 816.44 0.9615 410.78 881.06 0.9892 423.81 910.82 0.9636 367.88 1005.55 0.9773
118 316.11 496.98 655.19 935.32 0.9607 490.88 563.73 0.8542 485.94 552.11 0.0767 489.24 555.37 0.9051 441.72 545.80 0.0267 462.31 551.10 0.9855 403.83 569.95 0.9847 433.27 603.74 0.9955 368.58 547.45 0.9510 403.90 680.08 0.9796 343.01 525.72 0.9651 392.09 758.01 0.9868 429.35 737.05 0.9836 457.88 747.56 0.9889 434.15 807.95 0.9898 536.04 808.12 0.9909 414.87 905.36 0.9772 596.70 881.40 0.9771
119 520.56 477.00 696.63 908.55 0.9375 622.08 528.39 0.8554 618.46 518.17 0.0256 619.03 520.24 0.8834 579.81 514.78 0.0129 596.30 524.32 0.9829 556.98 553.95 0.9502 570.61 588.85 0.9985 572.53 621.45 0.0681 578.24 676.15 0.9950 606.03 673.24 0.1701 617.13 742.79 0.9909 581.20 696.19 0.9613 592.58 715.10 0.9883 610.63 768.89 0.9879 637.42 786.25 0.9965 564.09 847.28 0.9874 636.38 877.57 0.9895
120 621.28 455.12 830.25 904.58 0.9270 724.22 488.29 0.7061 718.89 482.08 0.0509 719.07 483.03 0.7515 685.08 495.37 0.0818 701.95 502.01 0.9714 667.47 547.21 0.9817 706.25 568.05 0.9985 678.79 601.51 0.2771 730.77 638.83 0.9899 724.36 628.26 0.1683 761.46 647.60 0.9357 704.34 674.66 0.9932 716.95 688.46 0.9972 758.11 747.09 0.9929 701.18 777.37 0.9960 781.74 824.82 0.9935 649.73 859.58 0.9904
121 736.02 434.86 939.77 852.46 0.8297 813.22 474.26 0.1044 807.02 467.27 0.0075 813.29 468.59 0.0851 771.62 473.20 0.3764 809.17 480.87 0.9300 758.58 515.40 0.9945 806.61 540.54 0.9979 755.63 568.36 0.4401 807.35 620.34 0.9911 784.85 602.94 0.2587 828.38 685.85 0.9820 774.45 649.99 0.9969 812.59 659.64 0.9972 788.66 733.25 0.9960 857.61 729.18 0.9968 788.95 820.94 0.9909 887.81 809.70 0.9900
122 745.10 424.97 995.86 833.48 0.9342 876.65 465.86 0.0363 874.13 459.06 0.0230 881.08 458.89 0.0177 859.17 462.98 0.9058 898.29 463.41 0.8793 837.27 512.10 0.9987 922.12 510.89 0.9975 804.48 574.87 0.9932 950.99 571.27 0.9880 771.16 624.42 0.9813 975.86 613.23 0.9777 856.58 638.73 0.9993 911.36 636.89 0.9988 853.31 716.88 0.9989 917.78 715.56 0.9983 849.75 799.43 0.9931 921.09 789.72 0.9911
123 702.05 389.14 1032.85 823.67 0.9291 868.15 450.37 0.2952 872.79 446.72 0.1936 878.68 446.58 0.0211 877.66 460.49 0.9026 911.34 458.24 0.1965 852.59 498.72 0.9986 929.13 488.13 0.9987 786.42 506.37 0.9969 977.94 448.10 0.9946 733.40 500.76 0.9886 1011.08 409.74 0.9720 867.81 626.06 0.9992 915.01 624.35 0.9990 871.91 714.46 0.9976 916.33 709.17 0.9968 886.23 795.85 0.9895 924.27 781.88 0.9895
124 766.30 329.49 935.83 824.04 0.9252 845.23 438.47 0.2048 847.53 433.49 0.2715 853.89 432.66 0.0085 859.74 447.69 0.9439 893.32 443.60 0.0638 853.91 491.95 0.9958 909.80 480.51 0.9959 795.87 449.40 0.9949 923.25 425.89 0.9817 783.25 382.19 0.9900 916.53 370.60 0.9703 862.98 623.67 0.9959 901.75 617.39 0.9964 865.31 710.91 0.9958 891.79 690.12 0.9960 883.80 794.19 0.9857 906.64 764.89 0.9921
125 775.26 394.87 915.41 815.04 0.9146 831.22 442.52 0.0686 830.28 435.05 0.0805 836.19 434.34 0.0059 835.70 439.06 0.8732 870.91 435.95 0.1621 842.86 477.97 0.9940 891.82 469.09 0.9924 796.64 443.47 0.9763 891.27 438.13 0.9188 828.22 411.25 0.9420 888.52 413.12 0.8608 858.39 610.06 0.9963 894.83 604.26 0.9961 834.64 690.54 0.9954 878.94 678.85 0.9933 871.79 768.63 0.9898 892.10 758.38 0.9894
126 688.49 317.68 905.45 789.29 0.9303 794.38 427.51 0.1783 794.23 422.10 0.1829 800.74 421.80 0.0164 799.91 427.91 0.9189 835.23 425.08 0.2275 800.74 464.15 0.9945 858.13 451.41 0.9921 745.06 429.90 0.9908 858.59 401.18 0.9700 715.34 372.88 0.9818 838.81 352.17 0.9513 826.93 591.24 0.9963 869.46 588.42 0.9965 806.85 654.96 0.9923 873.49 667.05 0.9946 798.72 719.17 0.9775 888.97 748.55 0.9798
127 642.39 374.95 864.74 739.90 0.9175 731.39 410.53 0.0752 730.74 403.84 0.0843 736.45 403.38 0.0129 731.74 407.27 0.9538 764.96 404.31 0.5874 729.39 461.09 0.9979 792.49 444.96 0.9982 703.94 521.69 0.9905 828.54 479.37 0.9673 673.74 566.92 0.9814 840.15 496.69 0.8991 762.20 568.87 0.9985 799.54 560.92 0.9983 768.98 640.98 0.9971 795.23 626.68 0.9965 790.81 710.82 0.9880 810.70 694.91 0.9891
128 664.50 359.11 788.02 721.93 0.9141 701.61 391.61 0.0247 700.65 385.60 0.0339 706.72 385.26 0.0094 698.46 390.18 0.9375 730.11 389.11 0.7058 689.27 433.55 0.9972 751.10 432.53 0.9970 681.45 491.39 0.9739 765.66 490.47 0.9816 687.64 523.75 0.9033 773.83 536.13 0.9549 714.76 538.59 0.9968 750.64 536.87 0.9962 725.10 615.40 0.9930 739.44 604.92 0.9929 765.64 672.80 0.9770 734.21 662.35 0.9799
129 621.37 344.73 750.32 678.98 0.9145 652.95 376.10 0.0485 651.51 370.61 0.0595 657.64 369.96 0.0102 652.46 375.43 0.9492 681.76 372.54 0.5929 648.98 420.84 0.9976 706.18 409.50 0.9981 651.36 476.91 0.9875 727.08 447.82 0.9329 645.76 525.74 0.9581 705.38 472.76 0.6919 672.81 519.48 0.9981 710.14 516.25 0.9984 661.57 572.48 0.9944 718.00 582.28 0.9971 656.62 622.52 0.9841 735.07 650.16 0.9902
130 549.85 325.58 677.89 643.06 0.9146 601.35 356.61 0.0289 599.74 351.16 0.0306 605.43 350.77 0.0113 596.09 354.53 0.9133 625.81 353.83 0.7198 588.10 396.35 0.9970 646.46 394.46 0.9973 578.54 447.33 0.9803 660.15 447.71 0.9827 566.10 484.64 0.9637 663.67 492.90 0.9693 608.60 492.34 0.9960 643.74 489.61 0.9957 627.79 557.54 0.9938 647.41 545.79 0.9940 648.17 618.16 0.9813 661.94 602.02 0.9846
131 514.02 314.82 641.04 612.15 0.9029 561.33 346.06 0.0200 560.14 340.88 0.0223 565.06 339.99 0.0084 556.13 343.94 0.8825 583.22 341.79 0.6848 549.03 383.76 0.9960 604.97 381.00 0.9961 539.58 429.75 0.9823 620.69 428.96 0.9807 526.73 460.66 0.9648 627.75 469.69 0.9650 573.11 472.67 0.9976 607.33 470.61 0.9975 575.74 535.26 0.9948 600.04 530.33 0.9959 611.10 574.64 0.9803 609.09 582.78 0.9842
132 489.75 310.17 616.30 605.60 0.9067 508.71 342.54 0.0301 506.14 337.58 0.0265 511.52 335.64 0.0087 504.55 341.52 0.8482 531.69 335.79 0.5998 511.06 377.79 0.9959 557.69 364.76 0.9944 523.60 425.28 0.9751 580.74 400.27 0.7617 527.57 470.25 0.9237 565.37 428.12 0.3979 538.73 462.63 0.9960 570.66 458.11 0.9962 526.57 513.24 0.9920 580.05 519.75 0.9947 519.94 563.12 0.9864 600.98 577.06 0.9908
133 435.22 299.59 547.16 586.22 0.9129 475.62 328.04 0.0145 471.42 323.60 0.0085 477.23 321.95 0.0103 460.05 326.14 0.7728 488.72 322.61 0.8582 453.20 362.73 0.9981 512.67 353.34 0.9975 455.04 411.68 0.9814 535.35 397.44 0.9352 458.08 448.62 0.9075 521.78 411.18 0.7084 486.85 441.48 0.9953 522.87 434.78 0.9916 498.18 506.95 0.9894 529.68 479.43 0.9550 513.54 562.89 0.9673 531.80 513.18 0.9207
134 435.08 297.07 553.77 582.08 0.8545 489.14 321.28 0.0093 484.74 316.88 0.0041 489.16 316.49 0.0109 462.50 317.40 0.5345 490.66 317.97 0.8060 447.56 343.97 0.9894 503.84 341.61 0.9961 439.32 361.65 0.3465 538.46 363.73 0.9112 467.56 352.79 0.0394 537.16 363.79 0.3725 475.49 427.86 0.9934 508.95 423.51 0.9931 491.14 491.05 0.9406 504.02 456.88 0.8670 509.46 541.51 0.9605 508.50 495.27 0.9307
135 441.72 206.99 558.64 461.13 0.9152 504.05 233.95 0.3488 501.75 228.02 0.0230 502.86 228.23 0.4844 473.40 225.43 0.0973 492.26 227.79 0.9599 450.96 249.32 0.9767 495.53 251.80 0.9947 455.59 280.94 0.2423 510.50 286.24 0.9831 488.60 297.10 0.1164 541.91 310.37 0.9565 461.41 332.60 0.9897 493.77 333.42 0.9950 473.02 384.87 0.9859 501.38 387.51 0.9953 473.94 430.57 0.9817 500.15 441.07 0.9876
136 456.11 179.72 586.45 457.23 0.8923 515.39 212.67 0.9306 517.27 206.33 0.3282 510.32 206.58 0.9555 512.33 204.02 0.0136 493.51 204.52 0.9466 503.10 230.71 0.9438 478.64 232.15 0.9912 506.60 275.66 0.6224 465.45 276.69 0.9890 524.03 309.56 0.6801 471.12 319.09 0.9849 513.17 315.51 0.9796 495.14 319.46 0.9916 530.21 364.94 0.9881 509.96 373.12 0.9960 544.79 419.04 0.9866 501.85 434.16 0.9909
137 480.71 189.67 592.74 459.18 0.9131 535.94 220.47 0.9524 539.45 214.25 0.7565 530.06 215.09 0.9621 542.35 210.44 0.1228 516.27 212.09 0.9275 550.31 235.07 0.9902 498.47 240.72 0.9910 560.70 277.24 0.9750 490.10 285.46 0.9879 564.86 316.07 0.9722 498.90 323.55 0.9891 552.36 316.76 0.9941 522.76 320.87 0.9946 565.23 369.39 0.9950 544.72 373.76 0.9971 563.35 422.54 0.9899 538.50 433.48 0.9922
138 471.96 238.51 615.49 526.21 0.9096 550.48 267.62 0.9698 554.07 261.24 0.9112 543.85 262.72 0.9730 557.95 258.62 0.3921 531.97 262.28 0.9233 570.54 278.30 0.9937 519.03 286.80 0.9938 595.79 291.10 0.9712 491.35 299.61 0.9797 600.51 296.43 0.9593 484.78 310.48 0.9753 583.53 366.32 0.9957 549.97 374.57 0.9980 601.44 415.85 0.9744 565.45 436.08 0.9977 584.98 424.82 0.8969 577.78 498.14 0.9770
139 538.41 296.11 670.48 563.05 0.9094 574.77 323.87 0.9922 579.40 316.95 0.9832 567.45 318.78 0.9899 587.58 317.45 0.6702 558.14 322.53 0.8682 603.56 343.06 0.9929 551.45 355.18 0.9937 612.40 381.77 0.9120 554.35 398.74 0.9839 617.50 415.31 0.8927 586.40 419.10 0.9848 612.80 423.14 0.9938 579.60 429.55 0.9927 629.51 480.14 0.9921 589.37 484.20 0.9875 646.75 536.09 0.9842 593.89 526.44 0.9727
140 564.85 299.83 698.76 593.97 0.9147 603.76 324.31 0.9917 607.74 317.19 0.9773 596.32 320.03 0.9852 616.17 318.97 0.7325 588.03 326.35 0.8385 639.06 353.03 0.9972 581.81 365.76 0.9964 664.20 390.37 0.9795 578.99 412.25 0.9875 683.62 425.53 0.9765 580.51 453.72 0.9880 649.05 443.31 0.9963 612.71 449.42 0.9957 652.21 506.06 0.9961 624.07 511.26 0.9961 653.02 556.29 0.9853 627.67 564.01 0.9842
141 571.95 324.92 707.76 635.99 0.9183 602.94 350.37 0.9913 606.99 342.88 0.9849 595.38 346.36 0.9786 617.56 345.43 0.8772 590.14 354.71 0.7165 646.91 379.61 0.9975 589.01 394.72 0.9969 672.78 412.76 0.9855 587.25 440.40 0.9889 691.51 437.27 0.9851 584.20 483.05 0.9881 657.73 476.64 0.9974 620.10 483.21 0.9982 669.16 541.01 0.9908 639.90 547.65 0.9981 657.86 559.33 0.9442 655.52 605.20 0.9812
142 575.13 341.14 703.34 669.62 0.9259 598.63 375.74 0.9902 604.25 367.90 0.9951 593.77 369.91 0.8659 622.82 365.11 0.9849 594.03 371.23 0.0533 653.58 399.27 0.9974 590.74 409.34 0.9956 669.81 445.51 0.9899 586.35 455.08 0.9827 675.59 487.65 0.9902 603.54 479.50 0.9852 661.19 502.42 0.9968 620.51 507.14 0.9956 673.67 571.93 0.9956 638.97 572.58 0.9911 684.00 634.24 0.9793 655.11 607.41 0.9709
143 580.54 360.71 718.61 703.71 0.9272 599.14 403.75 0.9865 604.35 395.06 0.9925 593.97 397.43 0.7740 625.29 388.00 0.9833 594.44 395.19 0.0299 661.40 421.99 0.9974 597.68 432.10 0.9944 691.66 472.73 0.9911 599.05 482.49 0.9809 704.52 525.47 0.9919 595.52 530.13 0.9836 668.82 534.19 0.9975 624.21 537.50 0.9969 676.25 607.41 0.9966 627.68 607.74 0.9974 681.29 655.57 0.9858 641.71 666.58 0.9896
144 546.53 397.44 700.52 763.00 0.9241 577.93 446.45 0.9868 581.85 436.79 0.9874 569.76 440.41 0.9205 597.15 425.15 0.9579 564.54 434.96 0.2761 633.15 458.42 0.9979 564.78 469.44 0.9946 663.77 512.56 0.9908 568.91 521.42 0.9737 671.23 571.37 0.9890 565.87 575.10 0.9786 638.47 575.13 0.9974 593.46 583.08 0.9972 659.66 640.90 0.9924 604.02 661.49 0.9974 681.24 665.94 0.9650 619.39 728.72 0.9796
145 515.65 432.68 675.20 818.02 0.9430 584.94 484.81 0.9932 590.27 474.43 0.9923 575.97 478.67 0.9829 604.58 461.69 0.8843 565.53 472.90 0.6049 633.48 487.73 0.9967 552.29 507.34 0.9961 650.37 534.82 0.9893 535.54 563.93 0.9878 660.48 574.70 0.9918 526.60 616.12 0.9888 636.51 613.23 0.9983 585.66 618.94 0.9975 644.09 702.88 0.9980 605.63 691.45 0.9935 647.48 780.61 0.9892 614.77 723.67 0.9795
146 543.87 455.95 729.17 890.21 0.9389 602.29 512.17 0.9948 606.43 500.06 0.9884 590.48 506.51 0.9882 618.25 485.33 0.8064 575.85 501.37 0.8182 652.60 518.36 0.9987 566.35 539.91 0.9962 686.54 574.47 0.9922 567.18 602.62 0.9808 709.11 629.87 0.9918 574.07 659.85 0.9865 657.74 657.38 0.9982 603.26 668.29 0.9975 657.98 744.01 0.9972 618.52 758.99 0.9984 652.19 803.25 0.9853 622.77 849.37 0.9888
147 440.13 494.20 793.40 949.16 0.9322 656.97 551.39 0.9880 658.47 540.10 0.6201 645.46 544.35 0.9922 653.57 532.86 0.0067 615.05 543.48 0.9858 666.89 563.37 0.9972 577.17 589.77 0.9974 706.33 602.67 0.9904 525.93 652.66 0.9925 756.28 630.89 0.9847 473.17 713.55 0.9865 672.37 712.48 0.9976 617.27 729.80 0.9973 697.11 784.73 0.9965 639.75 822.19 0.9974 676.75 833.33 0.9814 649.89 900.78 0.9672
148 629.19 417.39 848.21 959.44 0.9280 743.56 558.66 0.8528 742.04 549.91 0.0572 737.25 550.94 0.8973 723.73 553.06 0.0018 706.29 555.57 0.9527 717.89 599.36 0.9376 667.70 591.98 0.9982 725.15 650.27 0.4204 662.59 524.10 0.9943 748.10 703.95 0.5802 685.46 459.69 0.9844 741.02 743.87 0.9956 690.49 751.49 0.9989 762.42 827.46 0.9957 678.31 836.74 0.9975 781.08 921.19 0.9893 649.60 908.77 0.9901
149 726.04 504.34 943.81 986.03 0.9170 865.75 564.66 0.7321 862.95 554.84 0.0227 865.07 555.50 0.7280 821.87 546.60 0.0329 848.62 551.32 0.9673 795.70 575.86 0.9918 807.84 588.13 0.9961 756.33 626.74 0.6574 761.71 647.42 0.9779 751.89 677.51 0.6975 744.52 723.93 0.9818 806.65 737.12 0.9961 820.52 744.75 0.9974 807.04 837.37 0.9980 869.53 841.76 0.9988 790.23 930.69 0.9925 882.94 941.79 0.9918
150 816.95 481.86 1027.89 974.13 0.9224 979.76 554.87 0.0833 976.22 546.81 0.0051 979.20 547.32 0.0480 940.55 545.79 0.0950 969.37 547.84 0.6607 908.94 587.28 0.9961 963.06 574.74 0.9943 870.67 639.14 0.9962 990.24 529.26 0.9822 838.47 696.97 0.9906 973.99 494.14 0.9031 922.14 736.77 0.9989 958.75 741.67 0.9988 958.24 819.82 0.9978 989.09 841.21 0.9991 891.43 883.04 0.9929 967.46 934.09 0.9947
151 923.10 463.77 1253.26 975.61 0.9507 1137.19 559.88 0.1368 1130.91 551.83 0.0155 1137.18 554.35 0.0874 1090.91 553.78 0.1989 1130.19 556.98 0.8459 1057.13 585.29 0.9895 1109.84 590.94 0.9933 997.38 582.74 0.9845 1174.85 548.00 0.9853 952.11 570.29 0.9716 1225.45 498.82 0.9746 1068.57 727.50 0.9937 1075.15 739.17 0.9959 1112.90 810.40 0.9926 1056.40 842.88 0.9943 1123.42 895.64 0.9900 976.62 922.95 0.9910
152 1103.84 465.05 1342.98 945.70 0.8952 1298.52 569.96 0.6995 1296.63 558.19 0.0218 1299.42 562.25 0.7347 1253.58 545.29 0.0623 1276.47 559.87 0.9785 1209.20 559.95 0.9958 1230.48 618.54 0.9984 1182.00 522.77 0.9396 1202.66 697.45 0.9966 1179.54 502.39 0.9372 1206.01 776.92 0.9959 1176.03 712.67 0.9920 1203.18 733.17 0.9928 1160.39 810.79 0.9976 1249.26 819.05 0.9973 1124.53 896.79 0.9920 1276.08 908.61 0.9868
153 1275.03 513.94 1473.79 959.15 0.9239 1455.10 569.07 0.4062 1451.56 557.55 0.0091 1455.81 561.73 0.3491 1412.35 554.19 0.1012 1438.70 568.26 0.9702 1390.85 585.64 0.9914 1367.61 626.86 0.9993 1349.28 624.35 0.4817 1320.53 704.69 0.9963 1333.43 668.21 0.5023 1305.43 778.67 0.9943 1370.32 738.66 0.9877 1347.65 759.87 0.9964 1379.62 811.86 0.9913 1348.01 844.31 0.9984 1301.74 867.11 0.9742 1310.62 917.72 0.9864
154 1335.73 523.57 1669.42 981.27 0.9356 1600.92 572.62 0.8694 1594.46 562.31 0.0494 1594.89 565.35 0.9321 1557.57 566.18 0.0095 1565.35 576.97 0.9862 1537.77 616.95 0.9408 1538.78 643.17 0.9990 1534.81 699.52 0.2255 1557.25 736.60 0.9975 1570.64 754.98 0.2988 1613.25 790.20 0.9895 1529.29 765.87 0.9959 1509.93 776.99 0.9988 1543.80 850.99 0.9980 1473.97 864.55 0.9971 1527.48 946.98 0.9950 1372.58 901.31 0.9888
155 1500.97 539.86 1870.94 1030.12 0.9440 1766.28 589.12 0.7678 1758.38 577.23 0.0603 1757.92 582.04 0.8598 1711.53 581.54 0.0285 1727.33 594.18 0.9868 1665.27 618.61 0.9786 1710.70 669.64 0.9963 1645.94 677.20 0.4841 1746.30 756.41 0.9747 1684.50 724.52 0.2438 1825.29 784.65 0.9676 1619.63 768.95 0.9932 1656.59 795.07 0.9950 1595.56 853.91 0.9917 1694.68 898.67 0.9881 1536.87 947.07 0.9866 1720.53 999.50 0.9634
156 1614.79 548.01 2047.28 1053.87 0.9488 1918.46 603.33 0.2890 1907.78 590.24 0.0287 1914.87 595.77 0.3301 1851.27 591.43 0.2196 1896.43 605.14 0.9676 1787.54 638.66 0.9955 1891.68 679.52 0.9965 1725.16 713.01 0.9792 1977.24 735.01 0.9222 1697.00 772.51 0.9667 2039.05 736.43 0.7121 1736.32 798.62 0.9961 1799.52 821.94 0.9945 1717.16 879.83 0.9919 1784.57 915.96 0.9839 1649.22 963.61 0.9872 1734.41 1007.11 0.9752
157 1696.98 551.57 2045.38 1055.65 0.9420 1984.32 610.04 0.5590 1973.50 596.91 0.0418 1978.97 603.45 0.6223 1917.12 595.78 0.0717 1952.32 611.04 0.9786 1852.05 639.87 0.9954 1939.68 689.84 0.9963 1797.70 709.72 0.9418 1972.50 770.50 0.9816 1856.18 714.77 0.5396 2022.88 724.40 0.9626 1791.41 807.24 0.9946 1847.24 826.40 0.9942 1780.24 891.20 0.9887 1812.79 919.84 0.9863 1727.17 976.53 0.9844 1740.89 998.84 0.9779
158 1708.46 564.06 2047.25 1063.13 0.9447 2042.98 627.98 0.0136 2036.50 611.76 0.0059 2045.76 621.13 0.0068 2001.28 609.60 0.3572 2048.00 627.79 0.6492 1933.21 650.74 0.9939 2035.43 697.82 0.9440 1868.03 718.04 0.9495 2041.53 779.21 0.2541 1920.44 716.26 0.2198 2031.46 781.07 0.0295 1870.88 815.12 0.9946 1922.65 836.83 0.9865 1882.87 911.70 0.9767 1844.70 928.03 0.9749 1885.60 1004.24 0.9829 1744.76 1002.96 0.9913
159 1863.35 542.36 2048.00 1082.86 0.8930 2032.05 597.83 0.0251 2032.64 588.19 0.0215 2038.07 589.48 0.0044 2035.99 596.98 0.0684 2048.00 597.54 0.0195 2021.73 657.12 0.8773 2048.00 659.86 0.0393 1954.30 713.37 0.9892 1979.57 711.79 0.0365 1925.25 649.18 0.9669 1930.42 650.40 0.2000 1988.68 812.99 0.9041 2028.91 816.76 0.3735 1940.02 902.52 0.9886 2026.48 929.59 0.7199 1901.75 1004.45 0.9770 1978.48 1031.44 0.6191
160 1888.01 639.08 2047.93 1042.11 0.6527 2029.51 687.01 0.0138 2025.44 676.19 0.0073 2027.88 678.48 0.0083 2033.37 671.31 0.0020 2034.56 675.66 0.0056 2048.00 698.33 0.0047 2048.00 700.93 0.0056 2043.51 711.82 0.1949 2040.87 710.31 0.1397 2001.93 679.08 0.6101 2005.10 680.80 0.4584 2048.00 828.12 0.0321 2048.00 824.15 0.0290 2007.53 914.17 0.3814 2012.97 916.96 0.2846 1931.27 976.37 0.6764 1928.53 976.06 0.5413
