54 0.00 186.55 164.11 1401.11 0.8442 16.76 452.50 0.0117 11.23 441.45 0.0057 12.64 439.25 0.0128 0.04 448.96 0.0195 5.95 446.33 0.0673 14.87 523.77 0.1116 17.39 521.73 0.5556 132.50 395.65 0.4328 129.52 394.47 0.9270 98.80 253.66 0.2790 99.35 250.87 0.7712 3.99 872.37 0.1416 18.12 870.78 0.4531 7.17 997.65 0.0138 18.88 999.77 0.0844 14.39 1096.87 0.0052 15.91 1109.59 0.0260
55 0.60 347.46 407.57 1157.28 0.9383 96.02 468.65 0.0143 82.97 455.40 0.0059 97.71 455.88 0.0189 24.95 456.03 0.5249 109.54 456.57 0.8888 0.00 521.17 0.6886 129.88 509.88 0.9957 0.00 582.23 0.0296 276.20 454.91 0.9879 28.32 590.98 0.0212 360.02 387.34 0.9643 31.68 753.84 0.8903 125.53 771.02 0.9955 108.87 865.05 0.8641 129.61 947.95 0.9959 99.76 956.49 0.6846 25.80 1085.89 0.9411
56 0.57 379.70 434.07 1015.80 0.9435 253.45 466.84 0.3828 248.99 448.27 0.0478 258.84 453.38 0.5517 194.39 429.79 0.2287 242.54 437.22 0.9814 117.70 465.97 0.9887 222.61 499.37 0.9975 35.59 469.12 0.8214 248.51 608.10 0.9874 12.15 463.78 0.5443 305.63 702.68 0.9873 121.42 684.24 0.9913 202.51 695.54 0.9958 137.00 820.74 0.9917 296.85 803.72 0.9941 114.80 960.60 0.9818 355.11 922.23 0.9849
57 86.97 292.47 455.47 979.60 0.9322 423.05 509.80 0.3337 416.37 493.75 0.0306 424.06 505.05 0.2621 373.34 479.20 0.1713 407.95 501.75 0.9419 326.71 474.77 0.9888 346.78 548.43 0.9967 333.16 395.26 0.9497 259.64 618.19 0.9591 353.83 329.31 0.9542 201.44 684.73 0.9771 233.97 670.76 0.9930 296.27 689.91 0.9941 188.58 800.39 0.9958 339.37 768.15 0.9959 119.18 926.22 0.9836 326.82 869.90 0.9897
58 281.95 419.53 540.71 910.02 0.9299 516.30 478.66 0.1680 508.21 462.97 0.0164 518.09 473.00 0.1693 463.12 450.55 0.2007 508.44 471.24 0.9523 407.38 468.13 0.9934 468.31 528.49 0.9961 339.38 470.22 0.9608 474.88 626.93 0.9489 311.61 465.50 0.8505 502.19 696.15 0.9067 346.52 628.47 0.9947 387.22 655.21 0.9953 356.93 739.85 0.9939 384.01 768.83 0.9947 313.09 846.26 0.9916 329.99 875.62 0.9923
59 341.72 357.42 689.61 900.81 0.9405 561.53 455.40 0.1902 554.23 446.62 0.0301 561.00 450.01 0.1333 510.62 446.86 0.3331 553.45 452.22 0.9066 465.02 490.67 0.9952 554.64 490.18 0.9958 439.33 565.56 0.9859 620.84 449.22 0.9841 421.31 629.56 0.9772 661.56 394.92 0.9765 450.33 629.18 0.9957 503.37 639.24 0.9973 479.97 727.75 0.9865 470.74 750.49 0.9914 492.91 816.36 0.9876 383.83 834.23 0.9917
60 475.31 391.00 677.97 850.90 0.9257 624.07 463.15 0.0309 620.51 453.40 0.0055 626.92 456.73 0.0139 588.80 449.47 0.3539 623.25 457.67 0.4945 546.72 491.80 0.9902 624.80 489.58 0.9963 530.18 548.94 0.9575 655.13 436.23 0.9867 540.65 572.36 0.7392 621.72 394.51 0.8240 537.11 628.09 0.9990 590.99 632.43 0.9988 521.55 716.29 0.9983 599.21 712.52 0.9975 501.16 812.22 0.9944 604.78 788.03 0.9939
61 557.45 367.43 750.13 809.15 0.9269 692.67 455.75 0.0308 688.97 447.38 0.0062 696.27 450.03 0.0206 662.14 443.93 0.5378 696.42 451.03 0.7287 624.33 483.08 0.9951 698.89 480.25 0.9984 595.75 542.57 0.9932 727.56 433.20 0.9889 576.56 595.78 0.9803 702.52 397.32 0.9099 616.67 601.85 0.9985 665.17 608.44 0.9987 607.83 669.44 0.9985 644.44 698.54 0.9978 582.33 743.99 0.9936 615.42 780.59 0.9853
62 587.46 379.06 839.84 784.31 0.9257 725.45 457.96 0.0743 722.19 450.94 0.0065 727.20 452.18 0.0528 691.80 445.90 0.2781 720.84 450.11 0.8349 656.59 476.09 0.9956 719.99 475.18 0.9981 631.20 525.29 0.9945 772.98 451.39 0.9952 610.77 573.18 0.9841 814.13 415.31 0.9669 646.21 592.28 0.9990 688.09 596.10 0.9989 645.39 654.47 0.9977 686.55 667.66 0.9959 633.60 726.71 0.9871 649.45 725.88 0.9749
63 622.53 433.32 829.50 753.97 0.9318 774.60 476.88 0.5903 774.82 468.58 0.0246 776.38 469.64 0.6503 744.32 456.66 0.0434 764.98 460.56 0.9599 708.37 473.16 0.9928 743.34 482.29 0.9958 678.37 513.31 0.9841 762.12 514.61 0.9929 659.75 558.55 0.9856 801.74 527.47 0.9893 687.48 582.35 0.9987 715.00 585.83 0.9985 685.43 650.13 0.9988 720.30 654.96 0.9986 646.63 709.69 0.9952 689.73 720.28 0.9925
64 672.29 442.23 826.97 753.07 0.9260 807.98 486.98 0.9707 813.10 480.51 0.5540 803.86 478.57 0.9843 810.99 475.26 0.0136 785.47 468.57 0.9797 801.03 500.01 0.9625 746.37 489.62 0.9967 783.92 542.86 0.5851 713.45 533.64 0.9938 777.20 581.56 0.5857 699.15 580.26 0.9905 769.77 591.27 0.9940 734.69 586.27 0.9976 761.52 658.72 0.9952 733.46 659.94 0.9984 738.89 709.70 0.9865 692.22 719.10 0.9892
65 717.98 439.98 840.81 763.80 0.9283 812.77 481.69 0.9901 819.17 476.00 0.9239 808.60 473.37 0.9908 823.69 472.13 0.1862 794.40 464.18 0.9579 824.83 504.35 0.9957 763.85 487.73 0.9972 826.23 555.89 0.9870 737.44 530.71 0.9884 830.25 605.26 0.9863 731.11 575.77 0.9885 791.35 593.22 0.9961 756.40 585.45 0.9967 771.91 661.68 0.9933 753.97 656.02 0.9962 745.94 715.25 0.9675 736.07 724.85 0.9754
66 734.57 459.53 961.64 792.95 0.9384 837.25 502.48 0.9934 843.61 495.75 0.9485 832.03 494.69 0.9930 848.87 489.99 0.2222 817.95 486.22 0.9562 855.00 514.97 0.9969 789.22 512.38 0.9967 892.79 534.18 0.9862 761.19 550.66 0.9851 933.27 547.07 0.9836 748.41 590.24 0.9828 821.27 612.15 0.9946 782.56 610.96 0.9951 797.91 672.31 0.9863 788.67 679.63 0.9957 754.38 707.38 0.9739 774.88 748.01 0.9865
67 718.76 464.56 928.49 823.25 0.9393 894.28 510.47 0.9888 900.74 504.33 0.8455 890.48 501.11 0.9924 900.98 503.35 0.0591 872.19 493.66 0.9767 893.30 540.91 0.9948 833.97 517.72 0.9983 894.09 590.58 0.9913 784.87 508.45 0.9944 913.20 639.57 0.9907 749.49 489.57 0.9923 858.75 646.05 0.9981 817.01 636.49 0.9983 859.63 718.05 0.9971 793.35 703.29 0.9951 857.16 792.37 0.9875 772.49 758.23 0.9804
68 802.99 428.18 993.26 856.25 0.9203 956.12 527.92 0.9889 963.27 520.22 0.9120 949.87 518.29 0.9862 966.68 520.30 0.1464 931.27 513.44 0.8858 956.41 566.50 0.9628 909.93 538.18 0.9986 945.96 615.65 0.4864 919.55 476.99 0.9929 939.47 667.23 0.5263 955.82 438.17 0.9863 924.52 668.07 0.9906 890.67 658.89 0.9975 904.26 752.58 0.9952 879.32 746.53 0.9978 866.45 815.44 0.9722 831.51 794.27 0.9788
69 863.80 493.35 1033.89 930.24 0.9215 1008.87 570.38 0.9857 1015.31 562.82 0.9297 1001.53 563.22 0.9841 1020.42 558.35 0.2392 983.08 557.03 0.8370 1016.61 592.89 0.9863 963.48 572.20 0.9915 1009.17 642.56 0.9687 952.61 541.29 0.9610 999.87 694.59 0.9849 962.42 509.50 0.9488 977.58 700.26 0.9975 943.49 696.84 0.9980 944.90 775.86 0.9970 944.30 798.24 0.9991 881.57 812.27 0.9948 929.54 886.36 0.9964
70 912.60 466.08 1121.39 968.74 0.9213 1092.39 603.73 0.9679 1100.29 596.71 0.7515 1086.08 594.31 0.9803 1100.22 595.31 0.0445 1063.06 587.22 0.9123 1086.04 632.29 0.8656 1038.52 605.89 0.9959 1079.23 659.88 0.1273 1051.81 545.78 0.9834 1079.28 676.61 0.1392 1075.24 496.54 0.9445 1045.13 752.80 0.9937 1001.53 740.35 0.9982 1044.54 842.87 0.9948 964.39 819.35 0.9975 1042.22 930.57 0.9851 933.79 888.55 0.9901
71 1000.77 483.87 1208.21 1009.50 0.9292 1184.70 636.01 0.9804 1192.61 628.05 0.7611 1177.42 625.70 0.9886 1194.07 625.69 0.0325 1151.04 617.27 0.9314 1179.38 670.78 0.9812 1125.54 638.11 0.9983 1171.67 728.40 0.9738 1119.96 583.41 0.9926 1179.11 783.14 0.9871 1134.43 517.51 0.9781 1136.07 793.60 0.9975 1100.22 782.42 0.9992 1104.73 886.37 0.9964 1094.68 881.95 0.9985 1053.44 949.65 0.9672 1029.31 941.25 0.9821
72 1006.78 620.80 1453.55 1120.22 0.9422 1281.66 680.75 0.9828 1286.96 670.38 0.6975 1271.88 670.64 0.9897 1285.54 662.75 0.0453 1241.39 661.37 0.9687 1291.34 692.63 0.9815 1197.83 700.34 0.9898 1352.80 681.32 0.9822 1120.21 732.14 0.9845 1411.63 664.24 0.9689 1049.44 760.77 0.9884 1227.22 848.53 0.9873 1182.95 849.10 0.9912 1171.91 926.10 0.9891 1187.54 955.73 0.9952 1089.05 951.41 0.9859 1158.95 1060.91 0.9869
73 1135.23 663.01 1424.57 1161.91 0.9205 1391.72 732.80 0.9741 1395.01 721.02 0.4041 1383.51 722.17 0.9906 1383.18 712.14 0.0066 1347.77 710.78 0.9819 1366.29 761.14 0.9246 1288.82 745.46 0.9888 1337.99 831.83 0.7108 1221.81 793.32 0.9815 1329.71 896.53 0.7102 1185.79 853.74 0.9903 1317.91 906.16 0.9860 1258.43 895.13 0.9925 1307.35 1014.31 0.9892 1211.77 985.29 0.9867 1301.06 1125.39 0.9809 1154.65 1059.47 0.9741
74 1242.30 711.78 1563.40 1220.02 0.9413 1539.10 787.43 0.9318 1542.59 775.39 0.2068 1533.61 774.21 0.9799 1525.47 767.58 0.0057 1495.31 760.62 0.9847 1496.54 815.77 0.8725 1427.17 804.28 0.9941 1453.59 893.60 0.2572 1346.12 870.12 0.9835 1443.43 962.99 0.1401 1303.89 946.79 0.9864 1441.87 980.27 0.9773 1393.60 972.60 0.9946 1391.73 1090.99 0.9842 1384.46 1085.00 0.9903 1332.49 1177.62 0.9852 1276.12 1106.45 0.9865
75 1327.89 770.91 1679.71 1402.39 0.9437 1654.97 850.90 0.9480 1657.91 837.69 0.2103 1648.02 838.40 0.9598 1638.45 824.66 0.0109 1606.81 823.89 0.9703 1627.01 868.94 0.9894 1556.64 882.84 0.9939 1640.76 974.72 0.9867 1557.90 1004.04 0.9869 1638.97 1066.57 0.9804 1579.00 1098.82 0.9840 1543.26 1049.41 0.9888 1512.12 1058.41 0.9935 1481.69 1140.26 0.9894 1516.40 1198.65 0.9961 1369.08 1174.42 0.9814 1486.70 1319.48 0.9817
76 1456.07 821.97 1835.96 1448.13 0.9419 1797.72 919.17 0.9688 1804.70 905.27 0.2788 1789.49 903.47 0.9839 1792.02 887.98 0.0070 1741.27 879.60 0.9841 1772.06 936.22 0.9848 1680.19 924.14 0.9952 1788.10 1031.33 0.9860 1655.41 1049.83 0.9918 1788.93 1124.48 0.9803 1654.03 1169.89 0.9930 1669.65 1126.58 0.9918 1601.79 1110.31 0.9946 1654.03 1253.82 0.9921 1548.92 1234.57 0.9947 1635.87 1381.49 0.9721 1479.59 1320.81 0.9825
77 1494.45 893.92 1979.23 1487.77 0.9351 1910.29 1002.55 0.9654 1928.52 994.57 0.8642 1903.69 980.71 0.9923 1939.64 982.59 0.1549 1870.00 945.37 0.9791 1921.65 1019.60 0.9390 1791.11 976.61 0.9930 1925.30 1022.50 0.5888 1659.81 959.88 0.9858 1882.83 1002.78 0.3054 1550.34 981.61 0.9887 1796.29 1201.68 0.9930 1712.55 1171.49 0.9972 1733.37 1333.90 0.9875 1655.65 1299.50 0.9941 1656.43 1416.05 0.9744 1541.96 1374.67 0.9843
78 1528.07 898.30 1984.18 1487.37 0.9518 1852.46 990.46 0.9943 1878.38 979.63 0.9964 1844.93 966.18 0.9867 1913.58 984.18 0.9639 1828.18 947.34 0.6569 1929.49 1080.95 0.9894 1763.96 993.69 0.9926 1912.47 1204.67 0.9901 1689.39 1068.51 0.9937 1868.56 1309.84 0.9876 1633.74 1143.64 0.9939 1782.23 1248.63 0.9932 1684.86 1203.15 0.9947 1711.72 1374.96 0.9802 1618.48 1340.82 0.9908 1649.75 1430.54 0.7991 1557.57 1462.43 0.8897
79 1462.69 872.42 1922.93 1491.47 0.9499 1776.60 953.57 0.9938 1803.89 942.50 0.9967 1768.75 928.91 0.9774 1838.69 958.59 0.9755 1749.65 923.17 0.5358 1865.93 1062.90 0.9885 1678.23 1001.80 0.9948 1860.66 1169.49 0.9903 1595.38 1091.07 0.9953 1828.17 1261.06 0.9924 1513.95 1159.00 0.9930 1715.90 1282.77 0.9944 1607.62 1245.47 0.9957 1624.75 1460.53 0.9454 1556.89 1422.70 0.9564 1621.15 1500.00 0.0290 1558.93 1500.00 0.0491
80 1327.13 898.56 1868.14 1469.12 0.9126 1717.29 985.86 0.9928 1749.69 974.36 0.9976 1709.07 960.24 0.9731 1789.76 999.90 0.9818 1687.82 961.44 0.4078 1813.06 1126.79 0.9900 1603.31 1049.30 0.9949 1799.04 1246.22 0.9945 1500.69 1151.54 0.9961 1756.80 1326.93 0.9905 1387.91 1215.21 0.9853 1648.44 1380.27 0.9740 1521.70 1330.89 0.9826 1572.44 1500.00 0.1153 1412.37 1462.14 0.2265 1539.99 1500.00 0.0091 1397.90 1492.22 0.0307
81 1289.29 934.55 1775.49 1493.63 0.9203 1615.00 1032.42 0.9971 1652.54 1021.26 0.9992 1610.53 1002.53 0.9742 1705.12 1056.34 0.9934 1593.88 1004.59 0.1846 1724.00 1226.13 0.9972 1525.55 1077.34 0.9769 1656.67 1427.11 0.9879 1494.16 1155.54 0.3453 1588.02 1364.96 0.9870 1526.54 1211.09 0.0543 1498.32 1497.79 0.7369 1366.31 1429.26 0.6196 1503.46 1496.65 0.0060 1333.97 1482.63 0.0133 1459.67 1500.00 0.0012 1359.50 1500.00 0.0066
82 995.13 963.93 1636.81 1496.35 0.9254 1462.25 1123.82 0.8975 1506.22 1108.77 0.9776 1452.25 1084.66 0.7196 1570.95 1116.63 0.9897 1432.45 1052.29 0.4279 1579.08 1281.89 0.9916 1340.66 1116.87 0.9970 1563.27 1491.35 0.4273 1224.10 1250.21 0.9889 1498.34 1475.54 0.0197 1085.70 1370.32 0.9774 1341.70 1500.00 0.1700 1192.78 1461.86 0.4094 1316.70 1497.51 0.0021 1139.88 1484.45 0.0098 1266.84 1500.00 0.0017 1155.76 1500.00 0.0053
83 792.77 1062.51 1540.22 1496.18 0.9371 1210.82 1289.36 0.9872 1263.75 1268.71 0.9977 1204.27 1233.37 0.9534 1365.36 1274.85 0.9904 1198.55 1186.03 0.1725 1409.71 1416.23 0.9349 1119.05 1242.84 0.9957 1508.16 1500.00 0.0427 869.77 1342.67 0.9632 1463.17 1455.90 0.0074 842.69 1218.19 0.9058 1273.74 1500.00 0.0051 1076.92 1482.35 0.0203 1299.94 1478.21 0.0022 1055.08 1451.71 0.0086 1250.24 1500.00 0.0021 1096.27 1482.57 0.0032
84 785.11 1177.81 1134.92 1500.00 0.7775 809.60 1499.98 0.6177 869.15 1477.95 0.9681 806.64 1442.65 0.7288 1044.16 1476.77 0.8038 812.31 1393.57 0.0167 1092.67 1500.00 0.0078 855.89 1479.22 0.0779 1056.93 1500.00 0.0008 819.55 1491.92 0.0108 936.82 1485.37 0.0024 809.75 1480.64 0.0023 1049.59 1500.00 0.0022 855.69 1500.00 0.0085 1002.70 1466.15 0.0020 856.46 1458.81 0.0042 1007.60 1486.67 0.0012 891.11 1439.78 0.0023
117 0.00 277.60 84.53 730.79 0.5417 11.07 336.61 0.0134 6.84 328.83 0.0062 11.79 327.05 0.0091 0.00 329.83 0.0027 7.47 326.98 0.0026 1.99 360.33 0.0012 1.08 357.59 0.0013 0.00 379.21 0.1052 3.00 379.57 0.0634 34.45 383.16 0.5789 35.77 383.64 0.3873 0.00 468.03 0.0070 0.00 468.63 0.0082 9.67 551.30 0.0264 4.78 555.34 0.0271 7.81 642.85 0.0228 7.61 646.01 0.0233
118 0.08 245.36 180.70 837.23 0.4436 12.77 338.44 0.0057 14.67 329.27 0.0031 13.90 327.08 0.0071 9.58 331.57 0.0030 3.29 323.97 0.0126 0.00 369.67 0.0104 0.00 369.56 0.0087 19.06 402.99 0.4328 14.42 404.32 0.2574 124.79 409.62 0.7449 123.79 410.98 0.4524 0.00 526.45 0.0133 0.00 530.00 0.0103 13.87 600.57 0.0197 8.04 614.46 0.0147 31.23 715.98 0.0102 23.33 712.62 0.0084
126 0.00 252.77 157.17 1257.97 0.8443 5.87 505.05 0.1990 13.04 488.20 0.0496 4.93 484.14 0.1269 10.52 490.24 0.0059 0.00 478.19 0.0213 0.00 547.63 0.0198 2.73 545.86 0.0342 18.02 453.16 0.0647 12.45 454.56 0.1942 58.68 340.61 0.1842 51.53 333.52 0.6410 0.00 822.42 0.0170 0.00 822.41 0.0239 0.00 1018.57 0.0609 2.33 1022.05 0.0863 22.88 1176.11 0.3409 26.66 1179.46 0.3382
127 22.37 450.42 329.77 1256.76 0.9191 310.08 554.29 0.9121 304.24 533.11 0.0476 304.67 538.16 0.9540 243.66 525.97 0.0056 252.62 535.50 0.9925 166.66 579.29 0.9033 167.88 621.65 0.9980 131.53 727.09 0.1139 116.12 794.86 0.9901 160.53 844.59 0.0869 138.80 951.76 0.9938 129.27 874.75 0.9297 147.25 897.30 0.9876 124.91 1023.62 0.9894 235.39 1030.45 0.9958 69.11 1188.72 0.9846 140.58 1187.02 0.9853
128 132.41 507.35 574.43 1198.83 0.9064 560.56 586.08 0.6383 549.69 566.98 0.0270 556.56 576.68 0.7104 487.12 567.08 0.0495 524.40 589.25 0.9866 426.50 617.50 0.9555 467.83 681.98 0.9987 421.58 752.01 0.4809 406.10 823.20 0.9897 478.49 818.50 0.7905 403.76 944.68 0.9903 396.44 856.58 0.9674 444.84 889.74 0.9921 376.46 984.20 0.9910 492.47 1004.76 0.9942 208.76 1117.63 0.9903 449.70 1158.98 0.9849
129 420.94 529.22 861.29 1199.34 0.9488 743.29 601.15 0.3898 732.85 584.15 0.0232 742.04 591.83 0.4602 672.76 581.99 0.1403 721.52 598.78 0.9799 608.49 637.34 0.9955 687.69 691.93 0.9967 557.35 731.66 0.9886 720.01 813.60 0.9827 531.83 810.28 0.9864 814.34 878.40 0.9818 577.18 847.82 0.9965 615.42 872.31 0.9950 647.21 949.76 0.9960 552.11 1015.54 0.9939 676.09 1058.89 0.9926 461.10 1143.03 0.9829
130 673.89 537.90 906.73 1122.29 0.9284 893.37 601.47 0.1686 882.90 584.01 0.0189 894.53 593.71 0.2170 831.27 579.11 0.2585 880.03 598.84 0.9717 780.45 625.71 0.9814 836.96 678.61 0.9958 743.94 722.14 0.6134 784.09 782.48 0.9627 747.29 812.12 0.3226 754.81 879.03 0.9597 741.83 835.51 0.9794 794.27 856.97 0.9891 730.77 945.04 0.9911 834.52 950.68 0.9924 705.51 1063.48 0.9877 771.23 1071.74 0.9877
131 733.20 558.76 1034.85 1073.54 0.9125 1020.50 618.36 0.0929 1012.00 602.35 0.0200 1022.83 612.56 0.1017 968.77 595.44 0.4640 1015.35 615.76 0.9511 917.71 634.61 0.9863 977.26 689.11 0.9975 896.98 704.45 0.5533 959.03 795.17 0.9749 920.54 773.13 0.2527 961.66 878.82 0.9625 875.37 811.68 0.9915 924.92 839.63 0.9955 862.12 911.91 0.9894 929.53 941.03 0.9913 788.07 992.90 0.9923 901.37 1043.64 0.9895
132 866.27 566.61 1181.84 1071.03 0.9442 1093.50 619.73 0.1508 1086.66 607.51 0.0328 1094.89 613.16 0.1247 1046.55 603.44 0.5741 1092.76 615.11 0.9412 997.04 646.36 0.9953 1078.05 682.72 0.9970 948.44 714.01 0.9844 1107.64 765.33 0.9812 898.06 779.98 0.9799 1155.83 783.95 0.9780 967.39 805.45 0.9930 1014.34 826.73 0.9955 994.68 887.68 0.9848 964.99 933.92 0.9929 990.29 957.75 0.9849 903.18 1037.50 0.9901
133 973.69 575.81 1200.74 999.82 0.9369 1171.49 632.94 0.4822 1169.90 621.95 0.0167 1173.54 623.94 0.5958 1127.59 608.34 0.1522 1157.59 617.13 0.9866 1076.79 636.75 0.9978 1132.88 663.89 0.9988 1028.76 708.58 0.9607 1112.21 744.07 0.9953 1040.06 762.68 0.8853 1144.97 769.30 0.9809 1043.13 785.27 0.9990 1089.40 793.15 0.9989 1040.90 863.57 0.9978 1173.06 843.29 0.9981 1000.97 966.18 0.9864 1140.79 937.47 0.9889
134 987.47 620.39 1347.99 995.29 0.9133 1288.68 672.05 0.8561 1288.27 660.90 0.0616 1286.74 663.26 0.9520 1246.93 649.46 0.0258 1265.45 658.95 0.9928 1204.42 660.34 0.9395 1247.49 695.08 0.9982 1248.99 706.71 0.8262 1279.33 763.97 0.9950 1305.62 709.77 0.9486 1316.06 737.20 0.9828 1119.85 799.73 0.9949 1172.13 803.19 0.9983 1092.67 866.03 0.9798 1257.85 779.74 0.9964 1020.96 948.53 0.8937 1235.25 883.12 0.9899
135 1169.91 518.06 1441.79 897.16 0.9367 1416.82 578.27 0.9630 1422.90 570.64 0.4057 1412.82 568.10 0.9659 1408.48 560.86 0.0259 1389.66 554.27 0.9324 1370.72 586.48 0.9844 1357.05 575.94 0.9967 1364.24 650.63 0.9598 1301.09 616.30 0.9958 1384.08 715.00 0.9851 1312.89 689.32 0.9962 1280.32 691.91 0.9960 1280.99 689.21 0.9984 1278.49 774.68 0.9981 1303.93 794.13 0.9995 1198.83 811.26 0.9900 1245.42 866.90 0.9913
136 1220.64 478.92 1468.34 934.47 0.9429 1427.79 536.77 0.9934 1438.35 529.14 0.9684 1421.54 524.73 0.9942 1447.54 527.14 0.3338 1403.23 514.35 0.9416 1446.52 579.27 0.9964 1360.31 549.16 0.9985 1433.76 651.23 0.9933 1304.29 599.87 0.9930 1418.42 716.36 0.9914 1253.76 651.96 0.9894 1383.66 706.67 0.9986 1330.68 689.54 0.9986 1368.81 804.19 0.9986 1301.33 791.64 0.9968 1352.58 893.56 0.9875 1248.19 857.69 0.9683
137 1261.21 499.47 1506.25 963.88 0.9415 1413.37 558.68 0.9917 1423.84 549.48 0.9946 1409.22 547.47 0.8643 1453.65 541.99 0.9846 1407.91 536.32 0.0359 1481.86 604.74 0.9979 1391.44 573.16 0.9982 1474.47 690.94 0.9932 1362.22 633.69 0.9905 1448.25 760.51 0.9927 1329.46 691.46 0.9884 1411.52 736.13 0.9987 1353.94 714.31 0.9985 1379.91 834.45 0.9985 1319.45 807.50 0.9984 1351.90 914.15 0.9898 1293.51 892.34 0.9898
138 1183.23 565.39 1476.79 1038.49 0.9437 1336.68 621.66 0.9920 1346.55 613.55 0.9957 1333.64 611.48 0.8062 1376.92 611.67 0.9921 1335.47 607.06 0.0177 1409.23 664.17 0.9983 1336.45 639.36 0.9958 1464.45 733.47 0.9959 1308.17 645.43 0.9762 1405.34 702.70 0.9962 1263.48 642.78 0.9836 1365.10 812.03 0.9988 1305.52 799.18 0.9985 1328.97 904.62 0.9931 1265.60 898.43 0.9975 1340.16 934.48 0.9743 1236.51 987.28 0.9871
139 1029.64 621.81 1304.19 1125.68 0.9324 1202.10 667.10 0.9894 1215.48 660.85 0.9947 1200.99 656.18 0.7100 1247.43 670.16 0.9872 1205.62 658.38 0.0167 1270.50 737.51 0.9970 1191.13 714.29 0.9956 1289.84 819.64 0.9939 1168.54 777.59 0.9845 1278.45 889.54 0.9953 1154.95 837.23 0.9892 1217.90 879.97 0.9989 1176.37 867.77 0.9979 1135.30 968.10 0.9989 1175.98 963.37 0.9961 1090.17 1079.92 0.9951 1205.28 1053.15 0.9890
140 895.38 583.29 1171.84 1143.61 0.9302 1080.47 627.71 0.9716 1094.36 620.41 0.9804 1081.84 615.68 0.4780 1126.23 636.71 0.9751 1092.18 623.54 0.0203 1141.45 720.88 0.9963 1079.54 694.22 0.9901 1119.17 827.99 0.9948 1054.26 783.94 0.6807 1048.71 902.22 0.9938 1017.10 845.55 0.5947 1081.26 880.08 0.9983 1030.35 856.69 0.9965 1044.58 999.00 0.9983 974.91 951.89 0.9981 1030.62 1099.80 0.9891 969.68 1055.39 0.9946
141 705.38 557.58 1005.08 1136.09 0.9408 895.46 596.15 0.9136 909.54 589.47 0.9538 900.91 586.16 0.1385 939.24 609.88 0.9827 920.01 597.64 0.0109 948.49 694.94 0.9972 903.64 680.16 0.9209 925.14 804.35 0.9931 876.50 776.22 0.3258 821.67 819.19 0.9927 820.49 814.09 0.3945 888.71 881.60 0.9960 839.28 865.98 0.9798 876.75 1004.69 0.9913 796.46 968.06 0.9812 968.58 1064.49 0.9784 780.01 1081.78 0.9843
142 479.40 517.89 835.40 1119.08 0.9435 712.30 561.70 0.6794 719.11 550.92 0.7885 718.00 552.34 0.0467 741.53 567.85 0.9830 748.66 566.10 0.0343 763.74 657.79 0.9955 749.59 645.90 0.9858 802.59 774.58 0.9901 692.40 719.73 0.9661 806.54 881.30 0.9919 600.77 721.65 0.9863 707.93 852.11 0.9918 718.71 842.95 0.9873 628.86 957.12 0.9937 736.69 957.49 0.9917 554.61 1080.18 0.9844 778.08 1079.64 0.9874
143 303.75 468.31 631.97 1128.60 0.9480 516.22 529.02 0.2105 516.33 514.68 0.3305 524.60 517.29 0.0173 530.32 520.52 0.9767 576.83 523.37 0.1808 547.69 617.49 0.9928 602.37 607.69 0.9901 475.44 728.05 0.9876 610.24 716.62 0.9718 363.86 797.47 0.9837 595.30 792.62 0.9610 519.34 814.81 0.9892 532.43 799.97 0.9913 502.08 941.77 0.9913 443.62 882.72 0.9927 523.58 1081.22 0.9821 464.40 1008.55 0.9929
144 168.37 422.48 469.43 1105.02 0.9343 282.28 495.73 0.8440 284.92 480.43 0.9026 287.63 481.93 0.0683 316.39 477.53 0.9856 342.64 479.40 0.0195 327.29 573.58 0.9960 402.16 562.48 0.9877 292.69 696.87 0.9915 415.63 675.21 0.9813 211.10 771.57 0.9864 400.79 755.77 0.9721 311.19 773.00 0.9903 362.10 761.74 0.9861 288.45 904.14 0.9912 282.99 860.98 0.9877 421.35 1008.48 0.9861 273.51 989.80 0.9889
145 0.73 372.77 308.89 1020.99 0.9382 17.59 451.67 0.8718 23.49 434.97 0.9258 22.63 436.38 0.0493 64.87 433.95 0.9888 72.27 435.16 0.0074 120.76 526.89 0.9928 133.87 509.19 0.9799 188.27 654.72 0.9824 86.50 599.42 0.7897 229.72 766.31 0.9724 11.12 616.72 0.6407 114.98 752.29 0.9773 162.10 742.49 0.9898 11.21 858.06 0.6515 203.91 861.97 0.9682 8.97 963.73 0.1343 272.55 977.39 0.8408
