36 0.02 7.73 457.33 1487.91 0.3106 155.83 204.54 0.4048 159.76 164.88 0.0190 162.18 141.49 0.6646 101.64 158.86 0.0015 91.94 103.53 0.6064 9.04 352.14 0.0942 4.29 306.84 0.0196 26.43 510.96 0.5331 86.74 510.87 0.0090 296.37 542.22 0.9206 298.39 532.11 0.0394 0.00 977.93 0.0224 0.00 971.94 0.0075 63.21 1230.54 0.0437 47.81 1244.61 0.0222 66.40 1359.89 0.0047 49.11 1361.31 0.0041
37 1.14 13.67 442.72 1357.73 0.5372 117.70 191.35 0.6740 124.24 151.09 0.2710 103.67 138.47 0.6693 104.32 155.72 0.0066 31.19 128.20 0.1798 143.75 377.87 0.7198 0.00 344.64 0.0144 335.57 587.87 0.8621 72.41 488.23 0.0027 382.71 532.15 0.9779 151.41 447.15 0.0433 243.87 933.47 0.8323 78.24 934.40 0.2858 319.34 1268.23 0.4570 173.31 1288.97 0.0991 263.67 1421.12 0.0301 170.16 1441.72 0.0114
38 0.16 2.57 496.01 1484.62 0.9625 282.08 94.18 0.9949 338.26 76.36 0.9965 260.48 48.09 0.9769 393.66 126.63 0.9740 210.18 55.89 0.6866 422.84 331.93 0.9979 78.51 245.08 0.5846 411.83 561.03 0.9899 0.00 451.68 0.0128 151.17 480.18 0.9847 164.18 491.75 0.3260 297.83 865.37 0.9965 76.04 840.24 0.9343 255.14 1265.86 0.9762 95.26 1268.69 0.7777 202.57 1472.10 0.0655 103.71 1486.91 0.0170
39 0.63 6.47 487.97 1482.92 0.9570 116.27 41.60 0.0915 160.08 7.54 0.2553 107.31 8.40 0.0073 273.05 38.07 0.9753 119.66 29.39 0.0299 360.20 305.22 0.9977 41.92 263.86 0.3628 412.39 583.90 0.9963 0.00 533.67 0.0060 231.67 682.64 0.9945 40.31 684.15 0.0419 245.77 865.42 0.9926 23.63 839.34 0.5383 216.67 1236.74 0.9601 23.18 1220.46 0.1264 173.04 1475.31 0.2929 59.01 1441.75 0.0128
40 0.54 7.29 430.55 1485.60 0.9544 97.48 50.76 0.0136 115.06 19.96 0.0129 82.05 17.15 0.0018 167.70 14.62 0.0798 62.86 7.96 0.0104 293.20 250.76 0.9942 15.87 218.60 0.0212 371.36 560.04 0.9955 14.30 548.89 0.0013 393.80 807.96 0.9843 58.13 759.09 0.0092 198.23 869.29 0.9847 10.16 851.96 0.2072 186.64 1244.40 0.9181 79.84 1237.06 0.0457 161.84 1479.72 0.2483 104.37 1469.12 0.0084
41 0.45 6.04 394.13 1486.01 0.9492 79.24 54.20 0.0070 93.82 20.99 0.0101 69.34 17.57 0.0008 144.80 11.07 0.0961 64.96 3.28 0.0064 271.10 233.36 0.9935 31.86 209.60 0.0107 322.16 550.69 0.9954 30.60 546.28 0.0008 326.06 803.09 0.9838 66.46 759.28 0.0075 182.34 854.29 0.9868 11.48 839.41 0.1591 187.02 1234.43 0.9426 85.58 1230.81 0.0395 167.11 1478.26 0.3705 106.60 1469.68 0.0097
42 0.00 7.19 437.90 1485.53 0.9420 140.08 39.10 0.0124 159.21 7.88 0.0082 122.40 4.24 0.0009 202.21 5.37 0.0535 88.59 0.00 0.0068 291.35 226.66 0.9942 29.98 211.13 0.0148 326.05 558.55 0.9967 31.09 576.05 0.0015 377.51 811.84 0.9820 83.64 803.32 0.0126 237.55 860.70 0.9903 32.36 862.05 0.2537 330.91 1300.41 0.9455 183.37 1306.79 0.0592 305.27 1478.21 0.0845 214.38 1461.51 0.0023
43 2.08 3.57 826.94 1488.05 0.9176 557.97 9.19 0.0086 563.04 0.00 0.0001 539.51 0.00 0.0002 545.10 0.00 0.0006 456.82 0.00 0.0099 552.41 148.05 0.9440 263.66 108.14 0.6426 609.18 290.45 0.9589 161.21 311.11 0.0459 744.45 415.96 0.9707 296.77 466.86 0.0377 569.73 872.94 0.9951 312.12 884.09 0.9843 540.34 1413.72 0.8700 313.13 1449.90 0.7142 481.67 1497.16 0.0029 255.11 1496.22 0.0021
44 492.37 13.69 1200.91 1490.41 0.9334 761.29 10.23 0.0039 762.79 0.00 0.0009 775.22 0.00 0.0005 787.64 0.00 0.0040 849.98 0.00 0.0022 792.32 21.76 0.1233 960.23 60.14 0.0366 750.72 215.46 0.6290 829.00 206.44 0.3082 623.82 139.47 0.9067 622.36 152.68 0.8572 709.25 758.17 0.9971 906.95 762.23 0.9920 683.62 1385.79 0.9849 1068.74 1373.21 0.9574 604.03 1500.00 0.0015 1073.28 1500.00 0.0009
45 428.33 0.92 1671.55 1500.00 0.9409 1196.73 15.59 0.0006 1191.01 0.00 0.0001 1227.97 0.00 0.0000 1177.29 0.00 0.0071 1327.55 0.00 0.0074 1085.31 102.54 0.9359 1479.54 64.70 0.2202 781.87 67.16 0.9799 1469.40 36.73 0.0534 553.70 0.00 0.5922 1365.01 53.12 0.0132 1119.15 783.71 0.9989 1386.79 778.09 0.9946 1192.63 1241.51 0.9976 1356.53 1344.81 0.9735 1174.11 1500.00 0.0292 1320.86 1500.00 0.0032
46 624.61 9.79 2024.66 1500.00 0.9549 1400.13 171.97 0.0041 1385.34 144.61 0.0046 1412.80 147.21 0.0066 1303.82 156.32 0.9639 1466.34 161.89 0.9902 1225.20 288.79 0.9993 1559.50 279.05 0.9974 972.92 265.89 0.9977 1804.56 211.37 0.9557 769.78 210.10 0.9790 1919.69 180.56 0.7612 1259.58 832.60 0.9984 1471.28 833.76 0.9976 1310.91 1181.64 0.9981 1477.83 1200.76 0.9960 1350.48 1453.84 0.8109 1434.21 1477.66 0.7135
47 1206.74 259.09 1615.47 1477.19 0.9437 1437.40 369.52 0.0058 1426.28 344.36 0.0143 1453.01 350.52 0.0119 1387.08 339.74 0.9699 1499.62 350.46 0.9746 1333.95 423.64 0.9941 1557.75 443.45 0.9961 1299.34 611.18 0.9842 1565.79 640.94 0.9758 1247.45 807.38 0.9678 1544.21 842.03 0.9751 1344.47 828.27 0.9971 1489.60 828.26 0.9982 1366.74 1132.46 0.9973 1500.32 1093.10 0.9978 1399.77 1430.21 0.9715 1500.95 1304.75 0.9906
48 1280.50 340.64 1622.07 1361.61 0.9453 1415.12 435.59 0.0186 1408.39 416.67 0.0364 1428.16 420.53 0.0123 1398.94 412.21 0.9780 1487.85 418.45 0.8992 1380.44 478.56 0.9965 1561.66 500.77 0.9966 1364.12 637.97 0.9868 1592.32 658.00 0.9812 1319.89 789.73 0.9772 1559.29 808.89 0.9751 1396.55 799.16 0.9955 1515.33 811.39 0.9959 1358.64 1000.93 0.9963 1503.93 1043.04 0.9968 1380.25 1224.98 0.9844 1500.80 1287.12 0.9840
49 968.91 428.87 1807.37 1255.20 0.9454 1360.53 501.55 0.0217 1357.62 486.04 0.0384 1366.37 486.57 0.0142 1335.39 486.72 0.9815 1413.69 486.45 0.9416 1312.32 546.66 0.9976 1479.91 551.17 0.9986 1192.60 580.17 0.9921 1607.49 581.61 0.9913 1047.57 583.64 0.9881 1720.81 582.04 0.9865 1335.33 803.24 0.9974 1443.21 802.92 0.9984 1342.24 984.23 0.9969 1448.23 974.23 0.9978 1369.07 1157.11 0.9917 1466.02 1124.01 0.9952
50 1146.90 338.70 1544.85 1196.11 0.9454 1326.65 534.31 0.0623 1323.95 525.17 0.0343 1332.58 525.98 0.0161 1306.84 530.10 0.9047 1375.22 528.57 0.8080 1294.63 574.68 0.9969 1408.34 581.16 0.9972 1224.96 482.50 0.9808 1466.17 509.45 0.9780 1185.93 399.10 0.9853 1506.19 433.30 0.9881 1314.63 799.88 0.9940 1389.81 800.08 0.9952 1328.69 973.91 0.9961 1362.99 957.50 0.9942 1370.77 1146.03 0.9849 1340.72 1090.71 0.9829
51 1210.07 430.05 1414.16 1126.70 0.9181 1305.87 542.19 0.0531 1301.06 533.62 0.0342 1312.01 535.85 0.0106 1286.86 540.93 0.6487 1346.39 542.74 0.3262 1280.21 585.43 0.9808 1369.37 588.48 0.9823 1285.74 496.70 0.9360 1356.03 495.11 0.9281 1294.73 470.45 0.9369 1339.47 470.97 0.9203 1291.69 782.68 0.9939 1361.17 790.50 0.9955 1266.48 922.04 0.9957 1347.57 940.59 0.9949 1271.86 1058.83 0.9902 1338.43 1081.05 0.9877
52 1198.84 516.85 1351.67 1071.59 0.9233 1260.93 581.96 0.0283 1258.89 574.22 0.0258 1266.29 574.85 0.0071 1249.40 578.03 0.7387 1295.27 578.51 0.4414 1233.75 619.10 0.9725 1319.49 617.74 0.9936 1220.39 575.26 0.9345 1323.07 566.77 0.9673 1239.52 536.22 0.9109 1289.45 530.97 0.9048 1237.92 783.57 0.9964 1302.83 781.59 0.9981 1240.69 916.37 0.9983 1300.43 906.46 0.9984 1254.64 1028.34 0.9957 1315.44 990.78 0.9970
53 1125.30 565.99 1366.24 1067.26 0.9457 1244.79 618.11 0.0220 1242.91 611.19 0.0174 1251.67 611.67 0.0064 1236.77 613.59 0.7798 1281.05 614.45 0.4827 1215.26 650.77 0.9952 1303.98 649.11 0.9962 1152.83 633.17 0.9906 1343.42 609.72 0.9857 1195.51 606.79 0.9305 1305.54 579.50 0.8956 1225.77 798.81 0.9978 1280.92 798.66 0.9979 1231.28 914.56 0.9971 1268.67 905.02 0.9955 1252.83 1022.25 0.9896 1262.76 1007.77 0.9884
54 1118.19 518.17 1307.07 1031.70 0.9224 1204.49 635.18 0.1510 1204.27 627.41 0.1094 1209.53 627.55 0.0136 1207.11 627.83 0.9292 1240.84 625.28 0.3993 1207.97 670.01 0.9979 1272.22 648.14 0.9985 1190.02 729.80 0.9955 1284.78 591.32 0.9784 1156.47 785.90 0.9938 1262.78 548.51 0.9342 1225.99 796.55 0.9985 1277.73 792.76 0.9983 1187.41 884.37 0.9988 1265.73 898.17 0.9983 1165.20 974.06 0.9911 1257.03 997.54 0.9867
55 1099.17 576.11 1276.14 1023.03 0.9138 1146.18 668.63 0.1390 1144.79 662.63 0.1166 1148.31 660.17 0.0183 1145.98 662.41 0.9201 1173.61 654.69 0.4042 1151.91 702.97 0.9976 1206.46 673.79 0.9989 1143.37 757.82 0.9887 1234.31 633.18 0.9918 1123.79 811.02 0.9765 1248.26 590.20 0.9771 1175.97 808.85 0.9989 1221.78 800.09 0.9993 1161.88 885.79 0.9983 1237.06 889.91 0.9986 1152.71 964.06 0.9884 1253.66 952.48 0.9889
56 983.38 627.28 1308.88 990.35 0.9333 1155.46 661.84 0.0331 1152.30 656.45 0.0138 1158.54 655.06 0.0206 1134.76 653.23 0.8023 1168.61 651.17 0.8784 1117.83 681.17 0.9974 1188.74 674.44 0.9970 1066.21 705.71 0.9886 1233.57 712.04 0.9897 1017.13 713.69 0.9733 1279.10 751.00 0.9753 1144.00 793.01 0.9988 1188.62 787.55 0.9989 1147.48 875.58 0.9978 1223.23 858.46 0.9980 1150.39 957.74 0.9875 1251.56 921.95 0.9913
57 1107.30 599.02 1223.69 987.15 0.9114 1207.17 684.56 0.1071 1207.86 675.95 0.0196 1210.73 681.08 0.0995 1189.14 668.24 0.4845 1211.38 682.03 0.8311 1156.07 680.23 0.9971 1200.52 708.16 0.9934 1133.80 657.78 0.9927 1178.34 748.80 0.9871 1121.25 619.18 0.9763 1148.22 791.14 0.9795 1134.59 787.77 0.9969 1173.19 795.78 0.9948 1141.36 872.86 0.9989 1175.98 867.84 0.9978 1150.45 947.79 0.9915 1170.53 935.62 0.9863
58 1061.28 645.55 1281.79 963.06 0.9340 1220.46 679.01 0.0709 1218.85 671.74 0.0119 1222.86 674.09 0.0683 1195.10 664.64 0.5989 1222.69 673.12 0.9443 1164.42 684.18 0.9986 1218.27 705.39 0.9975 1116.27 693.92 0.9892 1238.03 756.48 0.9926 1075.10 698.61 0.9708 1264.23 797.01 0.9868 1151.76 786.47 0.9985 1185.82 793.85 0.9976 1148.27 858.92 0.9979 1181.58 866.39 0.9974 1137.95 926.64 0.9905 1168.82 935.40 0.9876
59 1131.28 607.65 1278.67 960.70 0.9249 1196.16 674.06 0.0303 1192.75 668.89 0.0102 1197.99 669.29 0.0164 1175.99 669.62 0.6802 1202.51 671.09 0.8130 1160.13 703.14 0.9968 1211.07 696.38 0.9986 1151.05 748.93 0.9857 1242.75 671.29 0.9935 1144.91 791.11 0.9631 1264.76 637.44 0.9755 1167.59 790.66 0.9979 1199.21 790.17 0.9981 1173.37 860.18 0.9964 1191.96 860.58 0.9962 1179.61 916.24 0.9779 1180.08 915.27 0.9739
60 1137.03 641.01 1235.26 943.31 0.9082 1193.31 677.70 0.0254 1190.91 672.62 0.0112 1197.00 673.69 0.0146 1181.71 674.69 0.5411 1207.16 676.74 0.6312 1165.57 706.62 0.9922 1217.28 695.96 0.9939 1153.00 745.98 0.9877 1217.78 661.49 0.9762 1145.81 780.24 0.9681 1193.79 650.54 0.9133 1176.13 784.76 0.9972 1211.62 782.67 0.9967 1178.53 853.65 0.9985 1211.38 847.91 0.9972 1184.79 917.38 0.9948 1213.13 903.20 0.9918
61 1147.03 635.14 1239.30 929.33 0.8926 1196.77 681.01 0.0283 1194.22 676.56 0.0156 1200.50 676.95 0.0147 1186.26 679.06 0.7066 1211.08 679.66 0.7007 1175.21 708.31 0.9942 1222.62 698.50 0.9967 1167.19 749.87 0.9841 1227.79 667.59 0.9788 1157.91 784.74 0.9598 1206.80 653.27 0.9134 1186.12 783.56 0.9971 1218.07 783.15 0.9973 1177.04 840.51 0.9976 1211.84 848.46 0.9973 1176.99 893.73 0.9914 1208.39 907.75 0.9887
62 1134.18 632.13 1252.05 917.90 0.9075 1194.35 693.06 0.0739 1190.71 688.75 0.0173 1194.71 688.90 0.0478 1176.03 689.87 0.3446 1194.66 690.59 0.7434 1162.25 717.06 0.9944 1205.50 706.85 0.9970 1151.53 754.34 0.9872 1225.56 682.82 0.9934 1144.94 790.81 0.9680 1241.78 654.44 0.9771 1170.89 786.46 0.9982 1199.68 783.99 0.9982 1169.23 841.00 0.9982 1201.56 838.03 0.9972 1170.26 891.70 0.9951 1201.72 878.10 0.9925
63 1129.53 678.41 1292.84 914.32 0.9192 1212.75 701.46 0.4461 1210.14 696.19 0.0377 1211.47 696.68 0.4647 1188.23 693.42 0.0873 1201.69 695.66 0.9342 1165.32 716.67 0.9926 1203.91 714.19 0.9964 1151.11 750.95 0.9820 1233.46 715.88 0.9955 1140.71 783.90 0.9754 1270.80 710.06 0.9918 1170.63 789.07 0.9974 1196.36 788.70 0.9978 1172.88 838.28 0.9972 1199.30 840.04 0.9976 1169.96 888.76 0.9921 1191.12 890.05 0.9913
64 1164.50 680.82 1239.06 911.52 0.7755 1230.45 708.73 0.8933 1232.06 703.29 0.1733 1227.74 702.54 0.9281 1225.30 701.00 0.0083 1213.68 698.59 0.9566 1216.54 724.29 0.8902 1191.45 721.21 0.9918 1209.65 763.17 0.2452 1177.59 756.20 0.9845 1210.39 797.90 0.2261 1173.54 792.73 0.9720 1212.66 791.30 0.9445 1195.73 790.80 0.9842 1212.83 840.87 0.9545 1205.70 841.88 0.9915 1199.73 888.41 0.9380 1191.37 889.78 0.9765
65 1170.87 679.95 1258.05 909.37 0.8594 1229.92 704.49 0.9787 1233.46 700.00 0.7847 1226.31 698.92 0.9819 1233.99 700.33 0.0862 1214.39 696.81 0.9549 1231.14 724.35 0.9909 1195.96 719.74 0.9939 1237.25 759.27 0.9791 1180.43 753.74 0.9867 1246.94 789.72 0.9800 1178.71 789.00 0.9854 1221.39 786.92 0.9915 1201.46 785.00 0.9935 1217.13 836.02 0.9912 1215.34 834.97 0.9956 1200.47 881.58 0.9784 1213.03 888.43 0.9856
66 1191.20 681.06 1356.49 914.11 0.9300 1264.14 708.18 0.9760 1266.58 702.87 0.6232 1260.25 703.00 0.9838 1264.88 700.83 0.0326 1246.93 700.51 0.9759 1267.67 718.67 0.9943 1227.78 724.44 0.9964 1298.64 722.49 0.9911 1210.47 755.54 0.9948 1333.13 719.38 0.9930 1204.77 789.00 0.9937 1255.39 791.37 0.9969 1235.46 792.38 0.9975 1240.19 839.27 0.9970 1255.83 839.14 0.9984 1207.45 878.68 0.9928 1260.30 893.42 0.9948
67 1217.62 669.40 1363.62 915.99 0.9272 1314.61 694.70 0.9845 1317.50 690.06 0.6914 1310.94 688.78 0.9921 1315.22 692.72 0.0259 1295.97 688.55 0.9852 1310.22 723.11 0.9910 1276.07 713.00 0.9968 1317.43 755.68 0.9835 1252.16 711.45 0.9934 1340.40 777.99 0.9847 1235.91 710.36 0.9916 1307.32 793.96 0.9961 1280.55 792.59 0.9975 1321.12 840.26 0.9961 1273.88 843.23 0.9976 1331.39 890.62 0.9927 1262.10 894.35 0.9937
68 1306.81 615.68 1389.16 922.39 0.8485 1370.62 687.49 0.9421 1373.02 681.75 0.4409 1365.44 681.55 0.9585 1372.59 684.46 0.0144 1350.86 682.85 0.8946 1366.82 715.58 0.8610 1341.40 704.70 0.9904 1369.94 749.40 0.2498 1338.53 670.30 0.9851 1375.07 776.50 0.3387 1354.71 637.32 0.9765 1368.50 783.14 0.9804 1349.34 781.63 0.9932 1370.83 842.19 0.9938 1363.07 837.88 0.9971 1360.55 896.66 0.9945 1319.37 876.01 0.9958
69 1350.21 659.70 1471.88 932.20 0.9063 1431.54 694.31 0.9208 1433.30 687.71 0.3704 1426.23 688.17 0.9278 1430.72 687.57 0.0226 1412.27 687.86 0.8702 1428.89 717.88 0.9110 1400.84 707.15 0.9887 1429.24 757.55 0.4854 1390.53 696.49 0.9553 1434.22 788.58 0.7120 1390.95 679.92 0.9474 1424.12 786.53 0.9915 1409.16 784.38 0.9965 1407.91 845.21 0.9968 1430.84 845.81 0.9989 1369.86 893.09 0.9941 1438.82 908.38 0.9963
70 1430.56 607.84 1564.58 934.71 0.9107 1504.56 687.22 0.9400 1507.13 681.80 0.3708 1500.50 680.79 0.9535 1503.03 682.67 0.0142 1483.70 679.18 0.9325 1493.41 713.23 0.9429 1466.20 699.05 0.9961 1496.35 749.88 0.4146 1464.39 664.67 0.9938 1505.31 779.13 0.4565 1479.67 631.49 0.9880 1494.38 793.50 0.9909 1467.34 792.63 0.9966 1514.95 849.81 0.9923 1458.57 853.00 0.9961 1526.41 909.18 0.9877 1443.86 908.74 0.9878
71 1511.91 588.44 1599.04 938.99 0.8160 1579.66 680.78 0.8985 1581.60 674.83 0.2023 1575.39 674.06 0.9249 1578.53 676.82 0.0060 1558.87 673.65 0.8890 1572.45 711.65 0.8878 1542.75 696.44 0.9925 1574.23 755.19 0.6748 1537.29 650.50 0.9935 1581.78 785.98 0.8096 1547.79 611.58 0.9904 1571.95 786.20 0.9842 1550.29 783.59 0.9949 1575.30 851.42 0.9946 1573.13 845.20 0.9976 1559.15 912.12 0.9923 1526.80 890.34 0.9948
72 1530.26 638.41 1748.24 952.61 0.9369 1659.48 675.24 0.9666 1660.14 668.97 0.3275 1654.06 669.50 0.9799 1652.27 669.66 0.0085 1636.36 671.05 0.9815 1656.46 692.95 0.9909 1614.20 701.07 0.9971 1693.15 677.06 0.9852 1584.45 722.92 0.9960 1723.40 653.02 0.9893 1551.09 742.49 0.9948 1647.93 791.96 0.9975 1633.37 794.12 0.9986 1623.00 855.39 0.9979 1665.72 855.11 0.9990 1575.83 906.29 0.9927 1672.55 927.50 0.9947
73 1638.64 633.86 1809.12 953.69 0.9097 1746.74 666.44 0.9438 1746.29 660.22 0.1604 1741.34 660.05 0.9717 1736.00 663.11 0.0031 1719.62 662.52 0.9865 1733.97 698.08 0.9724 1689.69 694.57 0.9971 1734.93 749.38 0.6231 1657.58 740.19 0.9946 1741.12 793.16 0.5606 1649.33 787.36 0.9906 1734.73 799.05 0.9921 1700.95 799.89 0.9968 1755.18 857.01 0.9924 1693.98 862.56 0.9969 1769.28 922.37 0.9857 1674.76 929.30 0.9876
74 1732.87 628.54 1871.44 962.59 0.9180 1850.58 662.26 0.8932 1850.28 654.80 0.0699 1845.44 654.40 0.9448 1837.04 655.96 0.0018 1823.37 654.87 0.9799 1831.34 694.02 0.9537 1791.67 689.55 0.9964 1833.63 752.67 0.3999 1757.96 738.22 0.9897 1839.45 796.37 0.3485 1747.85 788.66 0.9786 1829.41 793.67 0.9829 1802.84 792.64 0.9940 1837.39 861.90 0.9924 1833.04 856.92 0.9961 1824.29 937.18 0.9860 1761.96 903.80 0.9883
75 1812.35 628.09 2031.57 982.97 0.9131 1934.99 659.56 0.8853 1935.47 652.39 0.1356 1929.71 651.93 0.8806 1922.44 655.50 0.0146 1907.43 654.89 0.9333 1919.08 689.91 0.9781 1893.30 696.31 0.9902 1957.02 741.89 0.9582 1928.38 754.98 0.9857 1985.95 783.76 0.9642 1967.26 794.03 0.9722 1918.77 799.48 0.9928 1910.67 803.76 0.9943 1906.15 868.90 0.9947 1951.96 876.57 0.9962 1843.68 925.01 0.9852 1974.74 955.30 0.9816
76 1942.18 611.92 2047.70 984.19 0.8828 2033.93 645.52 0.5688 2031.75 638.33 0.0432 2027.26 637.87 0.6769 2006.58 639.75 0.0130 2003.63 640.88 0.8910 1993.40 679.14 0.7335 1994.93 679.48 0.9942 1994.99 738.91 0.0428 2015.96 736.73 0.9427 2007.71 781.68 0.0435 2046.16 784.24 0.7018 2002.17 795.78 0.8340 1995.12 799.01 0.9829 2034.16 870.33 0.4750 1993.82 876.19 0.9559 2027.80 937.39 0.3407 1980.86 954.18 0.8532
77 1885.25 603.25 2048.00 987.28 0.8840 2042.70 649.36 0.0576 2043.01 640.62 0.0181 2042.50 642.86 0.0374 2042.98 638.25 0.0294 2044.71 643.98 0.0786 2036.76 670.15 0.0366 2036.62 675.63 0.6718 1971.61 698.78 0.0492 1977.10 697.82 0.9231 1917.61 737.73 0.1422 1919.16 739.22 0.8862 2041.41 785.86 0.0363 2042.70 788.97 0.2117 2048.00 862.58 0.0652 2048.00 865.55 0.3718 2031.01 947.06 0.2338 2031.48 946.95 0.5983
78 2006.36 604.80 2048.00 992.93 0.7741 2045.94 658.38 0.0433 2045.64 651.23 0.0181 2046.20 651.22 0.0236 2045.15 651.74 0.0291 2046.97 652.31 0.0304 2045.20 685.19 0.0392 2043.02 686.75 0.3176 2032.12 745.92 0.1659 2031.91 745.07 0.7979 2021.78 796.37 0.3371 2018.65 796.73 0.7639 2046.97 798.72 0.0220 2048.00 799.40 0.0804 2048.00 884.33 0.0174 2045.83 882.85 0.0897 2041.98 958.01 0.0197 2041.88 959.82 0.0817
79 1956.57 595.94 2048.00 1007.28 0.8844 2043.36 627.49 0.2918 2046.66 619.32 0.0454 2041.52 619.54 0.3700 2042.24 625.14 0.0387 2037.28 627.33 0.6025 2034.87 681.03 0.0681 2019.27 686.30 0.9734 2012.66 748.91 0.0238 2000.99 745.73 0.9730 1988.49 790.03 0.1431 1976.82 788.75 0.9205 2047.97 804.64 0.0496 2036.99 808.27 0.5577 2047.81 887.50 0.0138 2046.93 887.30 0.3281 2043.33 958.31 0.0098 2047.99 960.46 0.1514
80 1926.34 585.45 2048.00 990.02 0.8644 2041.45 622.64 0.6642 2046.35 613.71 0.1853 2036.37 614.61 0.8124 2047.87 621.33 0.0300 2029.29 625.04 0.7431 2046.20 678.49 0.0250 2010.81 685.09 0.9879 2024.69 737.41 0.0044 1981.80 736.00 0.9878 2007.28 759.04 0.0479 1958.07 758.74 0.9506 2048.00 804.48 0.0404 2033.87 808.90 0.7068 2040.61 865.04 0.0137 2032.79 869.18 0.4495 2039.65 941.37 0.0172 2040.81 945.23 0.3053
81 1947.30 574.62 2048.00 1046.94 0.8905 2035.16 612.31 0.8658 2042.59 603.37 0.5894 2027.22 603.69 0.9537 2048.00 613.27 0.0482 2013.52 614.84 0.7784 2048.00 671.17 0.0352 1995.63 674.09 0.9869 2048.00 738.49 0.0045 1992.23 740.10 0.8705 2041.48 768.65 0.0393 2001.21 783.26 0.4453 2048.00 797.80 0.1200 2013.46 797.74 0.9351 2037.94 900.55 0.0685 2004.72 894.97 0.9700 2017.36 992.35 0.1013 1997.47 997.68 0.9621
82 1881.65 561.40 2047.95 1064.86 0.9378 2020.78 601.36 0.9069 2032.14 592.82 0.8636 2009.84 590.46 0.9595 2044.03 603.84 0.1677 1989.17 599.05 0.8334 2048.00 665.92 0.1074 1955.03 667.76 0.9926 2048.00 738.91 0.0037 1933.32 737.23 0.9858 2045.63 799.18 0.0249 1904.92 802.28 0.9659 2039.82 817.63 0.5464 1971.96 821.13 0.9842 2048.00 911.94 0.1831 1986.96 925.22 0.9742 2042.37 995.53 0.1204 2011.66 1023.17 0.8687
83 1873.86 545.58 2048.00 1106.74 0.9196 2004.78 600.21 0.9871 2017.07 587.91 0.9911 1991.54 589.52 0.9923 2038.29 593.82 0.6194 1973.89 597.91 0.7062 2048.00 653.17 0.2667 1957.66 652.09 0.9972 2048.00 683.67 0.0061 1895.72 659.89 0.9927 2021.87 649.46 0.0687 1906.10 588.88 0.9898 2031.73 822.55 0.8236 1967.01 821.11 0.9890 2029.30 933.13 0.8683 1970.04 923.00 0.9855 2031.88 1054.33 0.8770 1997.42 1010.02 0.9805
84 1875.04 522.77 2048.00 1117.08 0.9276 1994.58 581.04 0.9844 2009.61 568.72 0.9910 1981.30 568.59 0.9902 2033.98 573.81 0.6913 1962.70 573.86 0.6881 2048.00 642.13 0.3079 1938.48 642.86 0.9930 2048.00 731.56 0.0073 1922.13 725.71 0.9801 2037.31 803.75 0.0563 1919.41 801.23 0.9735 2037.26 818.78 0.8019 1959.84 817.61 0.9850 2039.11 942.49 0.8665 1946.58 937.29 0.9938 2031.66 1063.99 0.9209 1936.73 1061.48 0.9926
85 1806.11 505.45 2046.92 1147.57 0.9475 1942.05 567.26 0.9819 1956.62 552.97 0.9942 1927.41 554.96 0.9817 1984.70 553.41 0.9489 1909.96 557.66 0.7086 2027.23 625.13 0.7929 1880.95 639.88 0.9886 2048.00 719.90 0.1153 1850.78 735.72 0.9833 2036.76 818.14 0.1157 1834.76 813.91 0.9822 2002.00 833.82 0.9485 1905.63 840.45 0.9938 2022.90 979.92 0.8444 1915.71 975.15 0.9834 2038.42 1073.60 0.5752 1942.58 1099.44 0.9105
86 1776.61 475.87 2046.72 1228.13 0.9382 1917.58 555.67 0.9789 1933.42 538.77 0.9958 1899.13 543.02 0.9808 1962.04 540.89 0.9711 1879.65 549.83 0.6639 2013.63 623.51 0.9046 1859.02 626.05 0.9914 2048.00 677.79 0.0791 1798.65 624.30 0.9893 2011.63 698.23 0.0337 1823.54 525.00 0.9881 1979.65 850.90 0.9735 1877.63 852.49 0.9928 1967.44 984.72 0.9825 1905.25 983.80 0.9858 1957.54 1151.91 0.9749 1943.62 1089.67 0.9764
87 1691.17 444.64 2046.68 1229.61 0.9582 1879.78 516.47 0.9842 1896.24 497.02 0.9960 1860.55 503.81 0.9775 1934.37 494.91 0.9714 1843.94 509.92 0.5278 1998.26 584.03 0.9174 1823.55 606.46 0.9920 2048.00 667.45 0.1036 1775.25 718.81 0.9857 2032.35 760.35 0.0407 1734.10 813.91 0.9831 1968.43 838.76 0.9783 1850.28 837.10 0.9945 1967.39 1008.07 0.9789 1826.95 985.79 0.9935 1952.44 1161.25 0.9807 1803.04 1158.06 0.9915
88 1483.00 136.10 2003.99 1266.27 0.9506 1802.31 463.40 0.9851 1821.22 443.45 0.9946 1783.11 449.29 0.9770 1861.08 449.31 0.9591 1764.72 461.27 0.5373 1902.92 527.19 0.9940 1734.08 547.30 0.9968 1960.72 375.62 0.9806 1614.66 484.07 0.9948 1964.86 211.87 0.9504 1532.92 404.08 0.9890 1875.32 836.24 0.9923 1748.30 839.56 0.9953 1893.78 1018.53 0.9847 1752.42 1024.57 0.9940 1910.49 1145.49 0.9792 1776.04 1189.91 0.9895
89 1618.70 151.92 1928.03 1438.37 0.9422 1752.11 430.57 0.9824 1774.98 407.21 0.9924 1732.39 413.23 0.9734 1817.15 414.92 0.9590 1709.99 425.96 0.5409 1867.82 514.49 0.9905 1689.72 520.55 0.9936 1851.17 295.57 0.9654 1652.97 355.91 0.9924 1763.59 255.20 0.9042 1768.57 230.61 0.9832 1827.63 839.50 0.9945 1688.78 838.63 0.9952 1796.12 1054.48 0.9961 1726.13 1055.53 0.9895 1777.51 1294.66 0.9918 1769.19 1186.18 0.9844
90 1360.41 10.18 1965.82 1443.91 0.9492 1703.70 350.01 0.9903 1727.44 324.53 0.9978 1679.81 334.36 0.9851 1780.22 335.21 0.9862 1660.72 354.65 0.5833 1843.19 433.41 0.9969 1639.08 464.67 0.9975 1906.02 219.67 0.9156 1506.11 347.36 0.9934 1930.99 25.31 0.3460 1414.66 219.18 0.9888 1821.03 843.21 0.9915 1659.46 840.16 0.9945 1810.72 1104.78 0.9865 1625.82 1080.18 0.9947 1780.91 1313.16 0.9783 1595.47 1327.08 0.9894
91 1227.53 174.81 1861.37 1487.75 0.9491 1579.41 264.07 0.9945 1609.53 238.01 0.9986 1554.41 248.95 0.9801 1674.31 261.59 0.9940 1534.96 285.17 0.4594 1751.93 386.61 0.9955 1497.73 440.39 0.9968 1763.31 534.87 0.9876 1401.53 570.23 0.9951 1713.15 718.67 0.9887 1331.24 677.44 0.9912 1708.44 847.98 0.9968 1524.97 861.21 0.9962 1735.11 1151.34 0.9949 1530.48 1159.54 0.9954 1751.99 1318.71 0.9839 1565.76 1426.66 0.9849
92 1320.42 4.61 1914.19 1484.94 0.9554 1457.90 122.67 0.9954 1493.46 81.35 0.9990 1423.20 99.69 0.9748 1583.31 91.14 0.9955 1402.52 133.09 0.2693 1715.75 286.38 0.9974 1375.63 366.73 0.9917 1817.74 491.03 0.9925 1388.65 611.42 0.8301 1864.85 662.66 0.9912 1409.69 819.31 0.3461 1652.52 875.80 0.9976 1439.98 887.50 0.9966 1592.15 1275.00 0.9859 1486.69 1245.25 0.9873 1602.78 1500.00 0.0482 1556.40 1448.83 0.1743
93 1111.94 1.36 2046.54 1488.38 0.9527 1340.45 30.92 0.0233 1375.44 0.00 0.0023 1302.39 1.03 0.0047 1475.11 0.00 0.0109 1263.54 0.00 0.0138 1665.62 77.21 0.9492 1252.42 201.60 0.7314 1873.28 415.60 0.9885 1288.13 546.32 0.2794 1993.65 737.83 0.9437 1280.91 773.82 0.0576 1611.94 910.71 0.9967 1298.36 919.24 0.9916 1584.19 1472.08 0.9037 1226.98 1435.43 0.8953 1579.99 1500.00 0.0020 1236.71 1500.00 0.0054
94 756.07 10.87 1663.84 1490.62 0.9237 1156.22 82.74 0.0015 1147.46 41.10 0.0002 1146.50 40.76 0.0006 1091.07 11.82 0.0008 1127.95 13.83 0.0045 1038.26 106.42 0.0201 1178.34 53.11 0.0137 1152.37 457.10 0.1948 1242.10 331.05 0.1417 1457.25 575.20 0.6748 1427.23 582.29 0.2928 1089.94 934.13 0.9802 1180.91 915.23 0.9833 1038.48 1472.94 0.0202 1084.33 1457.40 0.0263 1076.03 1486.12 0.0005 1070.67 1437.08 0.0009
95 0.00 5.73 1261.32 1486.77 0.9632 608.45 11.97 0.0014 650.58 0.00 0.0020 561.80 0.00 0.0037 733.68 0.00 0.0005 457.50 0.00 0.0009 886.47 1.71 0.0060 331.30 0.00 0.0019 1166.36 170.21 0.9828 267.36 80.90 0.8186 534.91 132.53 0.8735 716.59 157.92 0.4270 772.27 827.85 0.9871 406.35 818.79 0.9859 563.56 1490.45 0.0581 510.40 1468.04 0.0561 531.32 1488.33 0.0003 524.12 1440.83 0.0008
96 0.26 0.99 724.23 1492.26 0.8398 457.38 101.42 0.0026 454.29 65.55 0.0002 445.55 63.86 0.0005 421.07 75.14 0.0010 397.81 73.90 0.0022 382.33 174.80 0.0078 349.07 134.92 0.0220 567.49 28.88 0.0338 537.04 51.28 0.1094 487.53 115.65 0.0125 509.02 106.22 0.0255 254.72 777.28 0.3732 223.40 755.72 0.5314 143.76 1430.53 0.0491 158.10 1429.46 0.0611 139.73 1449.62 0.0023 111.97 1450.07 0.0028
97 0.55 0.25 510.11 1490.42 0.9530 167.91 45.07 0.0077 180.75 11.29 0.0069 161.06 9.15 0.0034 185.28 0.00 0.0040 123.84 0.00 0.0019 202.48 33.41 0.1101 148.26 41.27 0.0014 356.81 347.90 0.9717 335.95 365.42 0.0349 404.73 808.44 0.9414 387.37 805.29 0.1137 51.21 802.47 0.2743 22.17 782.10 0.0279 1.76 1267.94 0.0778 12.03 1244.39 0.0187 20.66 1418.72 0.0041 2.55 1405.47 0.0033
98 0.00 9.24 160.36 1478.36 0.8862 52.67 94.48 0.0086 47.29 68.76 0.0011 53.52 67.99 0.0109 36.89 57.73 0.0108 61.72 60.54 0.1641 52.22 204.46 0.0347 83.88 207.02 0.9762 57.46 492.34 0.0093 85.72 495.97 0.9647 20.61 573.02 0.0036 6.17 565.41 0.1394 4.80 763.89 0.0358 30.63 761.52 0.7642 0.00 1089.46 0.0059 10.14 1088.64 0.4036 5.43 1293.65 0.0015 10.16 1301.71 0.0664
108 0.00 537.96 81.12 1043.51 0.8408 65.29 597.25 0.9722 65.52 585.34 0.2613 57.81 584.77 0.9919 43.55 580.39 0.0008 21.92 580.46 0.9524 11.37 634.85 0.2879 9.99 639.56 0.4496 15.16 727.60 0.0455 15.20 737.23 0.1797 29.53 795.47 0.0975 30.85 804.92 0.2763 8.36 796.90 0.1831 7.77 801.61 0.2770 43.80 874.98 0.2649 47.93 876.12 0.4523 6.76 960.70 0.0251 9.18 964.48 0.0381
109 0.00 564.25 283.51 1019.81 0.9400 182.99 618.21 0.9608 184.09 608.32 0.0686 176.45 606.62 0.9837 162.19 606.85 0.0007 143.50 603.19 0.9882 139.29 655.07 0.9832 103.08 648.25 0.9931 173.51 712.53 0.9770 34.44 699.28 0.9456 239.59 719.33 0.9848 0.58 749.49 0.8800 126.24 797.62 0.9755 114.93 797.41 0.9844 104.46 885.67 0.9765 152.58 885.30 0.9662 43.93 971.73 0.8034 160.14 981.45 0.6749
110 170.88 576.45 446.76 1018.59 0.9081 299.51 621.06 0.9554 298.07 612.96 0.0842 295.23 612.74 0.9295 267.23 612.97 0.0127 269.69 612.90 0.9788 228.20 657.43 0.9957 266.79 644.85 0.9973 183.93 723.37 0.9863 348.21 650.61 0.9954 186.68 788.18 0.9707 418.43 655.58 0.9872 257.78 794.79 0.9990 256.96 793.07 0.9991 297.12 874.34 0.9988 240.04 886.39 0.9992 319.08 964.00 0.9907 198.11 979.93 0.9889
111 324.24 565.12 452.01 997.03 0.8915 423.71 634.01 0.8749 425.80 626.62 0.0713 419.58 624.66 0.9114 401.54 626.74 0.0105 401.30 622.05 0.9521 369.94 663.37 0.9769 387.96 641.87 0.9963 342.63 699.26 0.7954 386.36 592.70 0.9881 342.34 712.86 0.8804 393.26 560.25 0.9766 374.61 778.83 0.9962 391.82 776.30 0.9984 388.94 872.96 0.9987 439.64 867.76 0.9993 381.42 962.01 0.9947 362.55 939.68 0.9959
112 383.85 598.89 594.97 992.88 0.9331 530.20 651.58 0.9393 531.32 643.68 0.1218 526.81 640.80 0.9474 508.11 639.84 0.0062 508.73 634.11 0.9681 488.26 667.32 0.9664 490.47 668.08 0.9909 471.04 672.38 0.2535 464.44 721.66 0.9387 473.50 649.93 0.3516 463.37 728.07 0.9463 494.40 791.58 0.9940 507.20 789.40 0.9970 486.60 877.82 0.9981 547.50 864.50 0.9994 413.15 945.75 0.9938 545.25 957.68 0.9955
113 507.16 548.09 672.26 986.26 0.8808 606.23 647.66 0.6782 604.38 641.68 0.0395 603.06 641.38 0.4738 581.17 644.42 0.0292 586.90 643.40 0.7702 556.15 683.83 0.9950 583.17 662.24 0.9966 532.15 740.75 0.9971 609.73 609.67 0.9968 525.75 792.47 0.9961 633.04 564.03 0.9921 577.30 785.66 0.9985 588.65 782.72 0.9986 598.35 862.01 0.9991 581.16 865.46 0.9994 626.74 942.19 0.9962 545.91 954.92 0.9969
114 606.37 623.92 760.69 975.40 0.9292 677.46 663.01 0.9343 677.94 655.85 0.1437 674.51 654.89 0.9631 663.15 652.12 0.0067 656.29 649.75 0.9815 650.23 684.45 0.9846 636.48 684.81 0.9957 684.74 728.93 0.9830 660.65 740.24 0.9947 735.16 747.09 0.9852 703.52 780.19 0.9896 643.06 786.83 0.9824 637.19 788.94 0.9923 653.67 862.60 0.9905 681.31 859.96 0.9977 642.94 937.85 0.9686 643.09 934.10 0.9898
115 566.64 614.30 827.55 971.09 0.9380 744.88 673.96 0.9752 748.71 666.77 0.3372 741.46 665.74 0.9843 739.24 660.42 0.0066 721.35 657.88 0.9838 729.50 678.28 0.9882 685.97 688.20 0.9974 763.41 656.98 0.9809 638.99 715.73 0.9946 801.12 631.03 0.9882 593.92 750.55 0.9932 714.22 798.00 0.9972 701.59 800.97 0.9982 686.55 870.14 0.9980 740.29 865.44 0.9984 653.47 941.65 0.9910 763.65 943.28 0.9913
116 658.06 624.57 858.66 976.53 0.9220 815.90 665.59 0.9847 820.40 658.99 0.6406 811.64 657.72 0.9905 816.78 654.98 0.0171 792.64 651.40 0.9867 807.09 677.72 0.9814 760.65 683.52 0.9979 820.02 665.90 0.7774 722.10 724.44 0.9928 835.25 653.77 0.7956 682.72 757.90 0.9871 805.43 793.67 0.9927 773.09 794.18 0.9972 812.61 863.20 0.9916 781.27 864.84 0.9974 783.45 932.44 0.9799 770.68 946.31 0.9871
117 724.74 634.21 961.28 976.53 0.9318 900.44 675.86 0.9860 904.69 668.59 0.6633 894.68 668.05 0.9915 902.25 664.91 0.0134 874.30 662.74 0.9859 893.53 691.68 0.9729 845.82 692.98 0.9979 897.05 708.41 0.2881 800.45 717.79 0.9945 919.28 713.92 0.1524 754.45 734.12 0.9864 897.73 810.99 0.9939 859.70 813.39 0.9974 924.76 873.21 0.9942 843.83 881.53 0.9959 923.13 948.15 0.9889 786.71 941.19 0.9831
118 775.37 628.33 1060.60 981.40 0.8853 954.28 671.37 0.9920 959.56 663.75 0.8945 948.06 663.66 0.9947 961.88 658.45 0.0661 930.67 657.62 0.9824 968.20 684.54 0.9925 902.82 689.66 0.9984 997.52 690.21 0.9146 856.41 725.03 0.9945 1039.25 680.73 0.8651 803.69 750.85 0.9879 957.23 797.59 0.9964 918.06 798.43 0.9985 950.49 872.93 0.9950 929.66 871.56 0.9988 925.44 935.84 0.9835 934.68 955.05 0.9927
119 875.35 603.99 1077.90 1005.90 0.9373 984.04 647.83 0.9913 988.97 639.85 0.8846 976.85 639.53 0.9935 990.67 637.93 0.0896 957.26 636.60 0.9799 996.21 679.05 0.9958 929.70 681.81 0.9965 1012.42 737.06 0.9840 906.48 742.78 0.9885 1049.48 776.14 0.9806 889.23 799.10 0.9861 993.59 802.30 0.9972 948.55 806.43 0.9974 1005.17 878.89 0.9973 961.79 889.02 0.9985 978.73 936.01 0.9881 962.45 974.20 0.9887
120 944.81 593.09 1104.51 1023.96 0.9185 1038.69 624.44 0.9805 1041.90 617.08 0.7631 1029.13 617.26 0.9923 1040.16 626.27 0.0347 1004.02 626.19 0.9874 1048.12 683.35 0.9925 977.02 677.81 0.9973 1055.83 750.81 0.9528 974.08 743.67 0.9951 1072.61 804.81 0.9294 1035.19 771.03 0.9910 1044.48 812.36 0.9962 992.85 811.31 0.9973 1051.32 896.81 0.9961 983.04 892.80 0.9956 1053.99 988.45 0.9920 963.00 972.04 0.9889
121 972.46 575.43 1160.75 1047.07 0.8005 1097.77 590.35 0.9261 1100.09 583.69 0.6499 1086.01 585.62 0.9514 1100.48 600.50 0.1244 1063.98 605.62 0.9355 1111.70 663.39 0.9913 1044.85 660.78 0.9948 1115.25 738.61 0.9718 1008.65 725.40 0.9879 1135.98 793.10 0.9557 987.27 794.93 0.9786 1105.85 799.72 0.9950 1063.54 799.83 0.9969 1088.73 896.19 0.9958 1086.76 896.07 0.9981 1054.77 988.86 0.9907 1074.12 1006.00 0.9938
122 1050.19 555.42 1208.57 1061.96 0.9117 1148.35 574.69 0.8276 1146.92 567.69 0.2313 1138.84 568.73 0.8305 1125.51 583.70 0.1156 1124.78 588.42 0.8921 1115.34 643.96 0.9169 1137.13 646.46 0.9901 1123.09 728.03 0.1482 1144.58 726.67 0.9860 1153.38 784.41 0.1451 1172.41 800.33 0.9759 1117.31 795.35 0.9713 1136.82 797.24 0.9911 1134.92 900.36 0.9903 1157.70 906.71 0.9980 1078.20 994.29 0.9910 1140.77 1021.36 0.9951
123 967.82 529.52 1340.92 1059.83 0.9455 1158.91 589.21 0.1338 1153.73 583.20 0.0277 1157.24 583.28 0.0843 1118.21 594.61 0.5089 1162.41 593.63 0.8933 1099.97 636.21 0.9936 1182.04 634.66 0.9964 1044.98 630.01 0.9832 1248.48 601.85 0.9868 994.65 614.91 0.9755 1304.01 559.17 0.9823 1110.78 797.09 0.9931 1159.28 796.27 0.9958 1115.50 903.07 0.9893 1159.61 912.06 0.9916 1117.33 1019.45 0.9842 1142.88 1024.52 0.9857
124 1055.58 466.56 1254.51 1054.63 0.9461 1182.45 588.66 0.1165 1175.00 582.53 0.0224 1182.02 584.41 0.0710 1135.01 589.69 0.3689 1183.24 592.06 0.8155 1109.97 631.12 0.9847 1188.91 632.54 0.9942 1079.60 580.53 0.9601 1240.29 563.35 0.9872 1072.56 524.65 0.9531 1229.88 497.56 0.9808 1113.03 792.10 0.9866 1166.89 793.53 0.9942 1115.87 900.01 0.9867 1204.35 896.00 0.9925 1115.59 1015.93 0.9848 1183.57 1011.03 0.9899
125 1107.43 546.76 1289.55 1048.93 0.9339 1222.78 611.34 0.0335 1216.81 603.76 0.0056 1223.54 604.23 0.0272 1185.51 601.78 0.2560 1225.46 604.36 0.8139 1161.91 637.14 0.9863 1236.92 638.54 0.9945 1153.28 585.60 0.9765 1265.86 577.34 0.9849 1172.49 564.30 0.9668 1229.01 554.52 0.9514 1170.50 793.90 0.9980 1225.95 797.50 0.9986 1172.53 900.57 0.9986 1230.89 916.31 0.9986 1134.65 994.69 0.9952 1212.99 1016.57 0.9933
126 1184.11 496.50 1361.50 1051.05 0.9217 1288.03 619.72 0.0359 1283.20 614.66 0.0065 1290.62 614.94 0.0237 1250.23 617.03 0.4720 1293.22 619.45 0.8093 1221.72 645.03 0.9924 1295.44 647.18 0.9949 1204.68 596.60 0.9855 1348.18 588.29 0.9884 1201.27 545.85 0.9700 1349.12 532.56 0.9575 1223.25 790.17 0.9980 1265.68 795.14 0.9980 1255.35 891.09 0.9983 1250.87 908.62 0.9983 1285.68 977.15 0.9929 1214.71 1010.71 0.9888
127 1191.52 595.26 1485.07 1023.72 0.9458 1347.91 635.65 0.1346 1344.39 628.33 0.0126 1348.67 627.58 0.1925 1307.85 626.12 0.4841 1343.33 627.36 0.9787 1274.70 669.47 0.9981 1346.51 665.88 0.9971 1237.92 726.20 0.9823 1390.05 714.33 0.9915 1212.49 765.37 0.9605 1447.90 752.75 0.9860 1284.85 805.09 0.9983 1330.83 802.39 0.9980 1298.30 888.83 0.9960 1359.34 878.03 0.9974 1301.06 988.22 0.9858 1332.04 973.06 0.9903
128 1292.60 610.46 1462.31 1011.16 0.9332 1415.56 648.61 0.1110 1413.39 641.01 0.0222 1419.41 642.66 0.0933 1385.63 640.44 0.7768 1420.84 645.51 0.9352 1352.15 680.63 0.9975 1416.83 689.34 0.9965 1337.17 739.97 0.9029 1409.94 756.62 0.9835 1366.23 771.26 0.5278 1413.99 814.51 0.9389 1355.18 805.75 0.9973 1399.64 810.02 0.9972 1353.38 886.36 0.9969 1424.00 888.85 0.9978 1320.05 953.31 0.9902 1421.42 974.09 0.9891
129 1360.51 615.45 1578.79 999.10 0.9489 1462.39 650.45 0.0277 1459.14 644.34 0.0092 1464.87 644.24 0.0288 1433.89 645.47 0.8887 1469.42 647.62 0.9647 1406.19 687.32 0.9988 1478.76 689.25 0.9990 1387.74 747.07 0.9923 1515.93 740.07 0.9939 1376.62 798.22 0.9828 1556.59 769.63 0.9841 1415.93 805.91 0.9989 1457.06 807.37 0.9989 1437.98 882.70 0.9980 1440.19 889.01 0.9985 1456.83 946.79 0.9879 1422.28 968.54 0.9879
130 1420.38 620.03 1532.54 978.70 0.9206 1497.53 654.11 0.0379 1494.07 647.48 0.0080 1500.01 648.25 0.0512 1468.22 647.58 0.6830 1500.32 651.60 0.9505 1439.91 687.10 0.9966 1500.45 691.47 0.9972 1429.99 746.30 0.9344 1496.05 751.04 0.9805 1437.68 787.74 0.8108 1497.66 803.22 0.9456 1447.56 799.50 0.9965 1486.22 800.39 0.9968 1459.15 875.07 0.9950 1514.94 858.77 0.9961 1466.98 953.84 0.9809 1498.86 930.85 0.9866
131 1456.48 629.29 1569.11 969.10 0.9219 1536.85 663.77 0.0344 1534.02 657.36 0.0082 1539.63 658.33 0.0356 1509.40 657.21 0.7126 1540.17 661.45 0.9191 1482.12 694.63 0.9967 1540.87 701.05 0.9968 1474.66 746.45 0.9121 1545.11 756.37 0.9858 1490.00 778.58 0.7063 1553.88 806.02 0.9610 1492.40 799.48 0.9969 1530.48 803.29 0.9968 1491.14 863.48 0.9944 1540.35 868.42 0.9968 1479.88 915.29 0.9818 1537.46 937.13 0.9849
132 1464.25 642.90 1636.06 961.02 0.9306 1548.55 672.10 0.0304 1544.97 667.35 0.0114 1549.88 666.47 0.0311 1524.67 668.23 0.7855 1553.98 668.05 0.9455 1505.07 700.86 0.9983 1568.00 699.55 0.9981 1489.68 749.34 0.9898 1598.24 738.62 0.9857 1478.14 791.67 0.9715 1624.59 757.38 0.9625 1519.92 798.59 0.9984 1557.29 798.09 0.9982 1523.36 862.74 0.9958 1549.19 866.69 0.9957 1531.04 927.20 0.9793 1538.80 934.12 0.9766
133 1494.24 648.39 1645.75 942.02 0.9311 1572.36 677.53 0.1198 1567.89 672.06 0.0126 1573.27 671.50 0.1719 1541.01 669.95 0.3390 1567.25 670.63 0.9688 1516.23 701.27 0.9971 1570.83 696.37 0.9970 1504.30 753.28 0.9811 1583.77 746.41 0.9791 1507.47 794.73 0.9517 1592.87 775.83 0.9347 1531.11 794.24 0.9976 1568.60 787.16 0.9976 1538.67 854.00 0.9937 1616.69 814.54 0.9962 1537.16 920.28 0.9769 1607.45 881.54 0.9902
134 1530.45 665.67 1677.32 940.73 0.9017 1632.16 693.54 0.5328 1629.46 687.24 0.0593 1631.23 687.67 0.6537 1601.43 684.02 0.1889 1621.29 686.82 0.9752 1575.59 705.77 0.9815 1620.97 707.89 0.9973 1588.69 740.57 0.3172 1659.84 741.34 0.9838 1629.46 734.95 0.0953 1659.10 722.95 0.8709 1565.17 797.49 0.9910 1600.72 788.33 0.9927 1563.03 852.74 0.9626 1648.05 766.92 0.9718 1548.16 910.46 0.9340 1645.26 833.10 0.9723
135 1586.88 586.15 1723.22 843.33 0.9116 1695.29 617.60 0.9480 1697.78 611.60 0.2238 1691.77 610.22 0.9657 1681.03 608.87 0.0152 1676.36 605.72 0.9714 1656.37 632.63 0.9619 1666.01 624.11 0.9959 1662.36 675.56 0.5756 1652.93 650.25 0.9929 1693.91 702.12 0.7060 1691.06 685.33 0.9900 1622.55 705.71 0.9912 1635.96 703.27 0.9971 1638.99 763.86 0.9948 1669.40 763.50 0.9990 1605.38 805.84 0.9886 1648.54 822.72 0.9945
136 1602.28 554.10 1754.34 837.67 0.9297 1701.20 583.81 0.9903 1704.98 577.63 0.8993 1695.18 577.83 0.9928 1706.92 577.82 0.1161 1680.15 577.48 0.9731 1709.64 610.35 0.9959 1658.40 605.87 0.9963 1715.35 653.71 0.9878 1629.93 642.36 0.9913 1727.85 691.94 0.9854 1612.95 680.56 0.9908 1699.73 696.12 0.9965 1666.66 695.30 0.9968 1716.72 750.48 0.9963 1672.48 753.26 0.9971 1723.53 811.10 0.9888 1647.18 816.35 0.9877
137 1659.08 559.03 1774.81 844.44 0.9222 1704.60 590.82 0.9907 1709.25 584.00 0.9914 1699.10 585.82 0.9541 1721.90 579.65 0.9535 1693.67 584.68 0.3810 1747.62 609.67 0.9969 1684.37 612.62 0.9957 1762.06 656.70 0.9860 1673.50 654.86 0.9837 1762.37 700.08 0.9877 1666.68 693.30 0.9879 1735.89 697.78 0.9962 1695.40 697.37 0.9954 1738.95 758.63 0.9957 1698.57 755.07 0.9961 1736.11 817.96 0.9863 1691.77 818.99 0.9875
138 1609.27 592.23 1791.27 910.54 0.9441 1685.33 629.75 0.9922 1690.42 622.46 0.9951 1680.18 624.10 0.9270 1705.77 617.19 0.9826 1677.33 622.48 0.1490 1734.01 642.77 0.9976 1673.67 649.97 0.9973 1780.87 671.05 0.9905 1652.88 674.37 0.9892 1751.69 664.51 0.9887 1628.98 677.73 0.9870 1737.30 738.48 0.9973 1694.62 742.27 0.9979 1741.21 798.48 0.9909 1693.58 809.16 0.9971 1737.72 829.19 0.9643 1696.32 874.90 0.9836
139 1615.73 643.80 1732.43 948.61 0.9203 1636.27 670.89 0.9900 1642.11 664.43 0.9957 1632.40 665.84 0.8261 1660.94 665.64 0.9891 1633.36 670.23 0.0354 1689.47 701.62 0.9968 1630.29 708.41 0.9955 1711.91 747.75 0.9883 1625.23 752.81 0.9830 1722.22 792.01 0.9901 1636.90 779.49 0.9868 1688.44 790.45 0.9968 1653.83 794.15 0.9962 1665.38 843.97 0.9960 1664.30 857.32 0.9941 1674.43 914.58 0.9887 1696.53 917.38 0.9850
140 1553.67 624.42 1674.90 967.93 0.9204 1591.23 650.86 0.9815 1598.00 644.64 0.9903 1589.12 645.49 0.6632 1618.25 648.81 0.9846 1591.94 651.96 0.0244 1643.68 688.87 0.9949 1588.58 696.62 0.9938 1662.46 738.05 0.9867 1581.56 748.29 0.9797 1656.75 783.96 0.9910 1565.91 793.07 0.9847 1634.15 797.34 0.9966 1595.01 796.68 0.9946 1632.45 870.11 0.9974 1578.19 856.50 0.9959 1635.08 940.18 0.9914 1601.67 920.75 0.9910
141 1470.09 624.21 1636.82 974.66 0.9240 1509.38 655.69 0.9712 1516.99 648.48 0.9858 1507.02 648.93 0.5653 1539.02 651.45 0.9804 1510.89 653.58 0.0142 1561.24 690.40 0.9964 1513.49 698.52 0.9599 1582.45 732.34 0.9944 1514.44 754.57 0.3886 1548.84 738.10 0.9923 1508.37 794.73 0.3743 1553.38 802.36 0.9981 1515.00 803.64 0.9941 1571.11 875.52 0.9967 1503.77 873.85 0.9950 1619.52 921.93 0.9865 1513.61 948.54 0.9859
142 1362.96 622.98 1545.73 976.37 0.9365 1425.47 651.76 0.9570 1430.00 644.17 0.9737 1425.09 645.94 0.1872 1450.82 645.89 0.9857 1436.56 650.63 0.0060 1485.77 688.64 0.9980 1434.29 697.02 0.9973 1516.96 741.09 0.9948 1419.62 740.57 0.9911 1531.45 792.24 0.9937 1386.56 751.91 0.9918 1477.64 798.24 0.9982 1448.95 799.89 0.9979 1452.90 868.67 0.9985 1473.94 870.10 0.9986 1431.05 948.91 0.9945 1510.39 943.85 0.9961
143 1314.18 619.39 1423.74 989.90 0.9076 1339.30 657.41 0.8257 1341.38 648.93 0.9064 1338.69 650.43 0.0788 1360.44 643.74 0.9760 1352.78 648.26 0.0056 1396.44 679.03 0.9961 1362.88 685.40 0.9326 1394.42 737.21 0.9885 1365.48 743.31 0.1846 1361.46 783.90 0.9800 1355.34 790.13 0.2028 1389.60 800.10 0.9950 1358.24 797.83 0.9755 1386.68 880.13 0.9975 1331.70 867.69 0.9896 1401.17 957.52 0.9937 1361.08 939.04 0.9891
144 1187.57 625.19 1388.09 989.98 0.6847 1229.23 666.91 0.9497 1232.41 658.03 0.9671 1226.84 660.26 0.3316 1254.48 650.43 0.9703 1240.37 656.12 0.0180 1284.71 686.16 0.9971 1257.60 692.45 0.9204 1288.86 746.00 0.9954 1262.59 753.29 0.2559 1248.41 790.93 0.9894 1243.58 792.89 0.3140 1280.94 813.51 0.9978 1251.84 812.10 0.9871 1290.09 887.62 0.9970 1231.41 880.12 0.9913 1362.19 938.43 0.9933 1236.59 959.05 0.9888
145 1049.21 622.41 1280.66 991.13 0.9397 1134.03 664.95 0.9906 1138.08 654.76 0.9939 1129.64 658.54 0.5842 1161.07 647.05 0.9844 1137.07 656.57 0.0087 1195.45 689.43 0.9981 1147.93 699.26 0.9964 1234.94 739.22 0.9954 1124.56 742.99 0.9926 1260.86 794.35 0.9944 1079.34 771.72 0.9945 1183.23 806.58 0.9981 1161.73 807.70 0.9972 1143.11 880.75 0.9987 1189.21 881.26 0.9983 1116.56 964.59 0.9953 1233.48 952.96 0.9954
146 973.43 608.74 1120.24 999.59 0.9190 1034.23 648.97 0.9729 1038.67 639.52 0.9880 1029.79 642.46 0.6350 1060.09 633.68 0.9818 1035.83 642.13 0.0212 1091.85 672.18 0.9943 1051.99 683.17 0.9536 1104.39 732.76 0.9875 1057.51 744.83 0.3348 1057.31 770.91 0.9866 1042.85 784.34 0.3344 1081.87 805.01 0.9966 1044.56 802.99 0.9886 1083.85 888.94 0.9974 1015.72 876.98 0.9931 1095.53 970.07 0.9944 1021.31 957.23 0.9926
147 871.08 601.01 1072.67 1008.33 0.9322 936.40 641.30 0.9886 942.34 631.97 0.9878 929.38 635.20 0.9134 959.69 630.48 0.9562 926.33 639.15 0.2111 988.20 672.01 0.9971 931.09 683.83 0.9915 1016.27 726.20 0.9928 921.04 737.89 0.9408 1047.16 774.78 0.9879 894.71 772.02 0.9370 969.96 807.67 0.9982 927.28 810.05 0.9966 972.38 893.03 0.9971 914.42 889.10 0.9971 1025.98 954.30 0.9921 929.00 974.09 0.9935
148 814.51 499.22 1103.97 1031.94 0.9298 908.55 629.77 0.9818 915.47 619.74 0.9580 897.95 622.09 0.9819 925.12 615.30 0.7051 882.34 618.98 0.8259 954.19 661.18 0.9865 865.57 648.58 0.9823 1016.67 661.94 0.9840 828.90 602.95 0.9769 1075.73 643.41 0.9749 831.17 535.97 0.9828 920.91 797.07 0.9887 872.45 793.86 0.9883 899.01 883.73 0.9856 884.60 885.06 0.9788 878.04 986.20 0.9824 918.22 952.01 0.9785
149 783.49 537.45 944.55 1043.21 0.9268 897.66 619.84 0.9869 903.71 609.13 0.9588 886.71 611.84 0.9893 912.45 607.17 0.4207 867.45 612.24 0.8999 929.26 657.56 0.9874 850.51 636.44 0.9984 928.30 708.49 0.5504 835.66 585.97 0.9800 905.99 736.12 0.4293 844.16 553.56 0.9293 902.27 799.52 0.9956 846.50 792.92 0.9981 891.52 909.52 0.9954 835.33 902.43 0.9982 872.59 998.20 0.9879 824.05 1003.34 0.9924
150 776.81 520.10 925.18 1075.98 0.9219 881.85 603.67 0.9897 886.32 592.19 0.9251 869.85 595.96 0.9943 891.25 588.09 0.1333 844.01 595.34 0.9649 907.80 641.25 0.9961 821.11 622.97 0.9958 910.31 708.52 0.9821 797.80 577.49 0.9224 907.28 775.24 0.9857 815.12 535.41 0.8775 884.94 799.77 0.9984 819.68 799.28 0.9984 900.34 911.89 0.9978 825.34 923.11 0.9989 874.70 973.91 0.9932 836.51 1029.19 0.9941
151 729.35 381.88 1048.05 1125.80 0.9269 889.51 589.04 0.9862 895.05 576.81 0.8256 876.64 579.83 0.9903 895.86 572.02 0.0757 844.69 575.87 0.9461 913.32 630.10 0.9875 809.50 608.46 0.9895 962.67 666.10 0.9828 765.61 526.12 0.9870 1011.96 682.53 0.9702 751.01 437.65 0.9898 894.97 808.57 0.9934 821.17 808.95 0.9947 901.49 932.41 0.9884 825.47 931.65 0.9874 906.63 1058.12 0.9806 832.76 1023.83 0.9816
152 592.24 472.57 1166.68 1158.96 0.9534 857.90 546.69 0.9907 868.39 529.78 0.9881 841.33 535.36 0.9870 887.80 521.50 0.8868 823.15 534.07 0.8087 937.53 579.50 0.9933 801.73 603.45 0.9929 1034.70 582.28 0.9913 726.56 672.96 0.9890 1119.69 560.43 0.9865 643.15 721.35 0.9866 917.35 807.24 0.9933 830.79 809.81 0.9941 917.70 959.61 0.9916 821.74 958.25 0.9945 904.49 1078.45 0.9802 811.86 1106.38 0.9874
153 690.89 396.95 1086.52 1226.23 0.9398 752.23 473.26 0.9928 764.35 453.23 0.9934 731.42 460.58 0.9903 791.61 455.55 0.9307 713.26 473.48 0.7821 852.52 547.99 0.9960 715.29 568.26 0.9669 933.40 645.91 0.9882 727.08 680.10 0.6726 1019.49 723.09 0.9771 738.79 779.58 0.3831 836.41 807.86 0.9955 740.67 817.35 0.9890 845.32 977.08 0.9922 767.67 996.60 0.9886 895.65 1106.62 0.9852 815.39 1157.34 0.9851
154 348.66 323.65 841.53 1416.14 0.9437 640.71 391.30 0.9908 665.54 376.21 0.9953 629.18 376.52 0.9090 713.87 404.68 0.9832 620.83 403.79 0.1634 765.74 521.17 0.9952 605.02 541.71 0.9959 792.15 673.33 0.9955 533.95 676.98 0.9938 791.04 807.87 0.9941 428.57 732.71 0.9907 715.63 825.61 0.9970 619.51 824.71 0.9957 650.19 1042.10 0.9974 670.57 1019.44 0.9904 613.56 1296.05 0.9814 775.61 1119.39 0.9830
155 54.09 193.12 724.18 1478.27 0.9514 441.44 267.64 0.9930 474.20 251.50 0.9979 435.93 252.09 0.8131 544.14 293.75 0.9924 436.60 289.02 0.0239 615.52 445.29 0.9971 399.74 465.76 0.9962 667.82 619.92 0.9962 300.36 615.51 0.9956 610.96 764.13 0.9963 174.39 670.92 0.9890 571.50 845.54 0.9984 408.95 841.10 0.9969 595.94 1104.79 0.9972 315.61 1115.12 0.9936 613.35 1312.18 0.9853 202.38 1399.21 0.9711
156 0.00 8.21 543.84 1487.50 0.9548 136.02 81.33 0.9677 180.31 61.78 0.9931 123.43 64.52 0.5968 280.58 132.30 0.9929 117.05 128.90 0.0399 379.23 347.58 0.9989 49.52 315.77 0.8274 440.84 591.53 0.9964 5.78 483.25 0.0582 491.36 791.27 0.9926 48.34 591.88 0.0304 333.77 838.36 0.9988 92.03 837.81 0.9715 359.98 1152.99 0.9945 74.73 1192.06 0.8769 428.82 1388.77 0.8585 84.59 1443.89 0.4097
157 0.19 3.35 409.76 1489.42 0.9410 123.20 68.29 0.0220 128.82 37.70 0.0321 117.29 33.58 0.0102 144.07 47.48 0.5436 122.76 39.63 0.3227 259.30 281.87 0.9953 106.99 270.95 0.1115 346.06 549.70 0.9941 155.94 515.73 0.0026 224.20 535.51 0.9958 165.65 529.63 0.0279 201.02 798.35 0.9827 78.97 783.93 0.4938 158.45 1189.30 0.9468 99.17 1177.94 0.2694 238.36 1472.73 0.3340 150.41 1449.39 0.0652
159 1.29 14.74 363.94 394.14 0.4561 107.05 141.47 0.0073 115.31 123.09 0.0048 108.55 114.86 0.0107 107.01 135.32 0.0038 79.20 113.80 0.0138 36.96 225.50 0.0127 42.72 209.37 0.0025 3.94 353.94 0.2314 20.39 333.85 0.0079 167.27 224.46 0.9038 167.62 223.34 0.0672 29.16 451.78 0.0073 21.48 454.60 0.0019 98.27 330.77 0.0060 72.23 360.10 0.0016 157.36 321.80 0.0076 152.73 343.09 0.0032
