31 957.53 478.74 1065.17 746.25 0.6295 1046.97 504.95 0.6926 1052.11 499.21 0.5272 1043.88 497.93 0.6031 1059.20 500.79 0.2947 1036.37 497.00 0.4789 1061.45 532.08 0.7985 1016.22 519.94 0.9890 1059.06 576.85 0.0909 983.64 553.61 0.9500 1048.66 608.77 0.0786 971.24 587.94 0.8542 1034.26 609.35 0.8412 1005.49 602.79 0.9517 1010.04 658.86 0.5989 998.05 655.53 0.8520 995.45 722.72 0.5892 986.96 719.63 0.7661
32 950.58 483.54 1056.29 773.57 0.7405 1012.92 501.17 0.8970 1019.82 496.56 0.9069 1011.36 494.84 0.5801 1033.18 502.78 0.7969 1010.62 498.80 0.0854 1041.30 533.31 0.9422 1002.37 526.82 0.9607 1030.83 561.14 0.4261 976.41 552.21 0.8129 1009.56 536.33 0.3632 967.77 538.74 0.8049 1025.02 615.07 0.9674 994.67 608.82 0.9502 1003.46 677.16 0.9512 976.41 664.33 0.8726 987.67 745.43 0.9162 974.39 719.57 0.8154
33 931.88 485.57 1051.37 779.12 0.8999 999.72 513.26 0.5547 1002.94 507.42 0.6357 1000.32 507.13 0.0888 1015.07 508.49 0.9093 1006.85 507.81 0.0341 1040.70 545.14 0.9903 998.65 536.80 0.9784 1041.56 595.42 0.9845 978.84 560.18 0.8410 1005.43 605.45 0.9864 963.09 550.93 0.8718 1009.87 630.85 0.9943 979.87 623.72 0.9897 996.62 700.10 0.9940 960.37 692.63 0.9927 983.99 757.18 0.9722 945.27 753.59 0.9729
34 902.86 477.97 1034.56 783.01 0.9133 977.86 507.87 0.9800 985.04 502.45 0.9890 976.73 501.46 0.6935 1004.18 506.37 0.9732 979.77 503.98 0.0263 1017.92 543.48 0.9915 973.36 535.23 0.9873 997.25 591.42 0.9888 954.47 571.86 0.9551 949.88 589.03 0.9887 937.52 560.87 0.9486 987.42 632.83 0.9957 955.30 626.40 0.9938 974.08 701.31 0.9939 940.87 696.06 0.9937 982.89 758.68 0.9673 938.22 759.08 0.9701
35 891.43 482.23 1013.99 814.37 0.9171 965.75 512.65 0.9894 973.50 507.26 0.9935 963.28 505.43 0.8601 990.01 511.67 0.9729 962.25 507.28 0.0571 1000.30 553.69 0.9957 952.33 541.91 0.9927 987.73 611.02 0.9941 932.35 569.47 0.9790 938.68 615.67 0.9921 918.75 537.06 0.9794 964.80 639.24 0.9966 933.77 632.57 0.9925 936.73 705.48 0.9952 930.81 702.99 0.9851 911.47 777.22 0.9824 941.23 762.34 0.9593
36 832.71 476.43 991.25 826.87 0.6791 933.56 510.40 0.9760 940.20 503.90 0.9850 933.11 503.66 0.4400 961.48 506.28 0.9700 940.21 505.13 0.0089 971.93 549.84 0.9948 942.82 540.51 0.9759 940.67 604.37 0.9938 923.29 578.15 0.9241 896.69 590.70 0.9883 895.76 561.61 0.9509 938.80 650.24 0.9957 912.03 640.41 0.9891 918.86 724.17 0.9960 880.56 703.88 0.9942 906.17 792.33 0.9870 879.26 774.32 0.9889
37 810.06 475.40 977.32 841.40 0.9073 916.35 507.53 0.4048 918.39 500.42 0.5141 920.08 500.89 0.0201 929.21 506.05 0.9389 946.26 505.38 0.0573 929.63 549.50 0.9977 958.92 545.33 0.9656 894.33 602.16 0.9762 931.03 595.88 0.1875 889.53 583.33 0.8106 902.24 587.47 0.0987 909.71 655.40 0.9972 922.15 649.68 0.9843 873.19 723.62 0.9984 865.76 710.66 0.9872 888.61 809.36 0.9971 852.69 789.74 0.9897
38 842.92 478.31 995.73 845.17 0.9203 923.34 512.18 0.0461 921.73 505.34 0.0555 928.07 505.98 0.0129 919.06 509.82 0.9160 952.73 510.00 0.7213 906.24 551.90 0.9986 976.08 552.19 0.9967 887.94 605.22 0.9592 978.31 606.14 0.8474 912.49 603.31 0.3721 946.78 605.76 0.2111 908.79 664.91 0.9937 946.96 662.77 0.9816 893.52 735.98 0.9901 900.36 721.86 0.9245 894.49 819.60 0.9895 881.94 793.32 0.9532
39 843.10 482.71 1000.44 846.00 0.9184 943.72 513.73 0.0456 940.63 507.73 0.0313 946.97 507.91 0.0219 930.45 509.92 0.8900 962.08 511.11 0.8526 912.52 549.82 0.9989 982.06 552.08 0.9984 888.37 610.67 0.9846 986.36 609.35 0.9218 899.29 645.33 0.8046 958.65 612.97 0.4113 910.86 662.75 0.9978 951.12 662.78 0.9956 898.24 736.33 0.9959 930.10 735.36 0.9853 893.89 815.89 0.9903 915.36 806.24 0.9749
40 841.65 483.73 1032.39 844.84 0.9133 950.92 513.83 0.0539 948.29 508.00 0.0309 954.76 508.22 0.0230 935.53 509.10 0.8598 967.32 510.61 0.8488 918.38 545.57 0.9977 982.89 551.95 0.9983 899.86 605.19 0.9898 991.39 608.27 0.9888 880.88 649.17 0.9708 1010.41 584.52 0.9529 916.57 660.45 0.9986 954.26 662.36 0.9976 903.51 733.34 0.9973 931.86 733.92 0.9916 894.29 813.94 0.9915 916.00 808.03 0.9776
41 841.30 483.40 1042.83 843.75 0.9165 943.10 513.77 0.0642 941.63 508.27 0.0521 948.40 508.56 0.0178 934.65 510.22 0.9146 966.52 511.24 0.7611 920.65 545.33 0.9977 982.93 551.72 0.9982 905.63 601.94 0.9912 993.20 606.71 0.9895 885.26 645.99 0.9782 1018.64 587.33 0.9653 917.44 659.92 0.9988 953.93 661.63 0.9978 899.87 732.47 0.9975 930.34 731.96 0.9919 892.19 812.95 0.9922 916.39 804.81 0.9800
42 775.34 475.10 977.46 828.20 0.9376 904.61 506.55 0.2310 904.57 500.12 0.2868 910.46 500.37 0.0197 911.82 502.79 0.9628 939.10 502.19 0.2932 913.41 543.64 0.9974 961.60 546.03 0.9970 901.96 604.49 0.9849 968.11 602.20 0.8322 878.47 654.82 0.9478 935.67 624.73 0.4446 904.76 655.84 0.9984 938.80 657.27 0.9978 859.07 706.69 0.9975 915.13 725.83 0.9969 823.20 774.96 0.9958 909.62 805.45 0.9948
43 759.07 447.75 907.84 789.63 0.9205 851.86 474.44 0.7547 856.64 469.38 0.8165 854.69 468.55 0.0481 872.93 477.20 0.9343 874.78 474.77 0.0092 882.15 511.28 0.9969 877.79 510.51 0.9097 851.19 520.76 0.9948 852.38 549.03 0.1867 831.63 495.29 0.9888 827.71 560.13 0.3036 847.23 619.22 0.9978 850.87 614.68 0.9861 819.77 692.15 0.9989 834.16 687.86 0.9925 807.68 765.90 0.9960 861.11 748.17 0.9874
44 656.69 354.68 920.62 788.13 0.9219 796.47 454.00 0.9529 805.73 452.50 0.9776 796.83 448.05 0.3114 821.58 469.35 0.9724 799.06 458.07 0.0120 816.58 501.57 0.9978 789.29 483.00 0.9898 857.15 499.13 0.9982 777.82 431.17 0.9838 891.03 480.86 0.9966 769.20 382.15 0.9863 788.13 609.17 0.9989 759.98 601.23 0.9971 785.13 690.21 0.9981 723.39 665.90 0.9956 803.15 759.40 0.9937 704.86 734.62 0.9926
45 630.22 329.58 919.99 780.60 0.9274 733.33 441.00 0.9808 742.75 437.32 0.9895 730.84 433.75 0.7992 758.39 445.97 0.9769 727.87 436.89 0.1029 768.69 485.17 0.9987 709.72 463.73 0.9961 822.89 484.86 0.9969 679.84 411.30 0.9852 877.48 471.64 0.9946 665.72 358.33 0.9829 729.00 593.26 0.9981 693.34 587.69 0.9958 691.04 663.84 0.9952 694.50 664.49 0.9840 668.26 747.38 0.9878 700.35 736.51 0.9736
46 558.30 402.28 869.11 789.58 0.9348 668.93 437.73 0.9944 679.40 431.65 0.9962 664.40 429.19 0.9723 694.37 437.74 0.9807 657.90 431.27 0.4231 709.71 486.15 0.9990 634.35 465.57 0.9965 765.61 501.56 0.9963 598.74 454.57 0.9467 828.69 508.03 0.9922 568.22 440.20 0.9176 664.26 604.81 0.9975 617.09 594.87 0.9935 633.51 687.04 0.9925 602.30 664.32 0.9689 606.47 750.92 0.9684 644.74 706.48 0.9445
47 435.00 401.31 652.59 800.19 0.9204 573.67 444.89 0.9858 582.27 437.15 0.9925 569.72 436.33 0.8540 604.18 437.73 0.9817 568.04 435.90 0.0552 629.86 487.87 0.9971 560.15 476.18 0.9755 636.57 557.23 0.9911 552.70 536.02 0.4202 625.56 616.76 0.9839 538.52 594.09 0.3511 592.74 616.29 0.9976 542.61 606.72 0.9923 596.62 693.56 0.9973 510.36 683.61 0.9943 602.19 762.55 0.9912 483.13 768.63 0.9862
48 432.60 387.62 580.45 803.91 0.9210 497.99 437.48 0.9920 508.31 429.85 0.9949 492.88 427.09 0.9728 527.72 429.56 0.9597 485.52 423.03 0.3152 551.46 478.87 0.9968 468.97 463.91 0.9885 563.66 551.59 0.9860 463.21 523.41 0.4270 567.34 610.10 0.9788 461.89 580.84 0.2298 512.75 606.94 0.9963 461.79 598.76 0.9929 484.51 697.92 0.9953 465.74 694.14 0.9891 463.69 774.56 0.9741 488.88 759.37 0.9621
49 222.00 356.87 706.93 878.90 0.9325 427.59 445.50 0.9833 439.85 435.91 0.9918 420.47 433.88 0.8948 467.29 430.93 0.9800 416.33 424.38 0.1739 504.22 485.53 0.9926 394.60 455.08 0.9886 583.61 502.89 0.9915 326.12 426.21 0.9839 659.80 505.97 0.9862 268.08 389.75 0.9684 449.12 640.98 0.9947 384.75 625.38 0.9947 412.25 749.53 0.9855 355.09 713.51 0.9834 400.35 824.43 0.9420 403.03 759.67 0.9660
50 159.54 209.84 490.98 936.87 0.9344 337.26 453.69 0.9832 350.50 443.33 0.9935 328.19 441.57 0.9305 378.71 439.61 0.9642 319.94 433.57 0.1777 410.58 483.28 0.9871 306.46 454.75 0.9845 457.56 431.18 0.9745 243.63 376.28 0.9904 482.96 359.29 0.9497 199.05 285.82 0.9848 367.33 665.12 0.9905 292.46 659.83 0.9928 364.52 762.78 0.9859 256.07 775.01 0.9903 393.08 830.05 0.9807 249.01 889.44 0.9826
51 137.14 310.75 345.40 1032.85 0.9287 213.89 452.32 0.9746 228.83 439.53 0.9824 204.80 438.76 0.8681 261.90 431.28 0.9244 196.60 427.77 0.1077 300.04 483.96 0.9786 189.74 468.31 0.9737 296.74 415.72 0.9456 173.49 356.57 0.9642 275.97 362.98 0.9460 267.66 322.47 0.9749 257.42 680.00 0.9938 184.11 672.47 0.9941 214.30 817.54 0.9916 206.61 795.89 0.9829 179.54 958.02 0.9849 250.99 889.08 0.9789
52 0.42 309.44 270.47 1081.73 0.9376 65.16 455.63 0.9747 82.81 441.51 0.9807 55.76 438.79 0.7433 130.38 432.14 0.9332 52.60 424.56 0.0605 184.11 489.13 0.9908 61.02 469.28 0.9594 164.20 379.61 0.9585 38.17 329.84 0.8698 167.97 354.34 0.9497 154.30 351.89 0.8787 145.67 732.45 0.9907 52.78 716.65 0.9835 116.68 878.29 0.9850 2.58 844.82 0.9393 102.56 1008.93 0.9790 76.14 928.18 0.9568
53 0.00 353.88 197.41 1088.52 0.9049 5.51 455.64 0.0169 6.46 440.97 0.0230 1.89 438.72 0.0086 4.55 446.46 0.0368 0.00 442.66 0.0077 17.42 531.33 0.5239 10.41 533.46 0.0164 166.14 591.66 0.9522 127.28 592.16 0.0460 58.88 527.51 0.7228 49.97 529.95 0.0314 0.00 798.49 0.2121 0.00 790.06 0.0179 0.00 936.49 0.1830 5.26 927.62 0.0221 81.40 1000.14 0.5515 74.94 1001.09 0.2519
54 0.00 356.41 86.08 1221.83 0.3571 9.02 633.26 0.0073 12.20 620.76 0.0041 11.74 620.96 0.0062 18.04 623.11 0.0030 9.58 619.64 0.0069 5.44 686.33 0.0042 6.64 685.97 0.0026 1.87 745.16 0.0680 0.90 753.90 0.0425 24.81 801.25 0.5851 22.21 805.58 0.3977 0.11 813.84 0.0046 6.08 815.34 0.0036 9.22 834.92 0.0153 5.48 850.74 0.0086 16.73 906.90 0.0182 20.45 898.95 0.0120
86 0.00 277.03 144.84 769.97 0.9195 26.47 334.17 0.9161 26.87 324.06 0.3581 17.28 324.49 0.9248 16.11 326.24 0.0054 0.00 328.01 0.4901 4.06 377.13 0.2241 1.92 377.77 0.3177 58.26 407.78 0.3904 75.60 407.78 0.8904 107.66 361.55 0.5837 121.17 354.49 0.9403 3.62 533.05 0.2014 2.31 534.16 0.1859 23.64 626.24 0.6756 22.65 623.05 0.6215 31.50 730.40 0.6873 26.76 732.35 0.5603
87 3.56 305.65 286.44 774.20 0.9343 178.56 362.45 0.9004 176.53 351.95 0.0268 175.99 352.25 0.9289 134.83 345.11 0.0070 145.83 348.99 0.9913 101.31 379.84 0.9843 114.40 406.84 0.9984 149.94 406.00 0.7010 124.98 497.13 0.9967 200.92 410.40 0.8101 166.25 571.04 0.9947 90.11 542.65 0.9940 113.12 554.33 0.9970 80.52 633.46 0.9972 168.57 644.30 0.9974 34.72 733.98 0.9896 213.61 741.96 0.9798
88 209.69 228.96 383.11 785.82 0.8919 320.29 371.14 0.6886 321.67 363.04 0.0583 318.25 361.48 0.6500 299.23 359.73 0.0133 294.21 356.12 0.8468 276.98 393.82 0.8984 257.97 399.28 0.9959 310.57 327.19 0.6547 316.12 354.02 0.9912 339.43 264.93 0.8645 346.82 292.33 0.9830 285.34 544.17 0.9879 260.72 549.56 0.9975 303.97 632.21 0.9863 271.42 651.47 0.9981 252.52 708.45 0.9606 241.02 749.47 0.9848
89 248.51 297.98 462.44 783.63 0.9294 427.60 399.25 0.1842 425.85 391.99 0.0087 426.94 391.12 0.1510 399.41 390.08 0.0241 413.34 389.17 0.7902 382.43 417.43 0.9115 390.75 425.93 0.9935 412.89 366.05 0.4707 422.02 404.01 0.9662 430.58 318.65 0.7149 434.11 367.66 0.9441 390.40 559.66 0.9964 387.96 562.77 0.9987 408.08 647.60 0.9972 389.07 660.34 0.9979 404.82 738.67 0.9939 288.11 726.13 0.9918
90 384.88 338.13 649.43 769.50 0.9323 528.76 415.78 0.8157 526.69 406.37 0.0471 525.02 407.36 0.8499 494.60 404.35 0.0136 505.85 407.75 0.9599 474.27 438.78 0.9221 489.29 444.32 0.9940 528.38 433.60 0.3828 557.24 419.36 0.9917 578.57 407.84 0.5762 620.52 371.12 0.9879 457.61 572.45 0.9903 478.56 577.98 0.9960 444.12 652.39 0.9941 509.12 656.15 0.9975 409.37 736.75 0.9720 529.18 742.95 0.9784
91 498.93 389.36 667.01 776.33 0.9227 625.86 426.29 0.7216 622.65 418.66 0.0411 623.13 418.79 0.8066 588.24 419.14 0.0548 608.21 422.95 0.9774 564.43 459.69 0.9807 602.44 473.49 0.9985 559.16 528.23 0.2860 625.21 544.54 0.9923 582.80 575.44 0.2022 647.12 592.11 0.9724 553.03 576.58 0.9901 578.11 583.54 0.9962 565.74 647.67 0.9927 580.57 666.74 0.9979 526.39 711.81 0.9943 548.47 743.52 0.9954
92 514.87 411.83 723.74 776.38 0.9291 714.09 454.80 0.4319 711.58 445.98 0.0133 714.86 447.43 0.5203 679.50 439.93 0.0673 703.15 446.58 0.9798 646.15 460.21 0.9965 681.37 478.14 0.9987 598.91 488.80 0.9822 636.21 514.53 0.9935 538.29 511.32 0.9712 592.77 555.56 0.9854 625.02 577.65 0.9964 644.09 585.32 0.9977 645.77 647.01 0.9982 632.17 664.54 0.9986 644.80 728.47 0.9946 562.70 731.28 0.9935
93 628.17 428.47 790.85 758.30 0.9386 777.15 471.20 0.6849 777.49 462.87 0.0237 777.11 463.54 0.7829 747.86 455.48 0.0212 764.15 459.18 0.9741 713.42 477.76 0.9735 738.81 487.66 0.9975 675.65 521.94 0.4716 694.20 524.04 0.9933 658.22 565.80 0.5169 660.85 580.00 0.9899 674.49 583.68 0.9920 702.81 587.75 0.9966 669.81 655.01 0.9978 725.86 655.88 0.9990 647.61 728.14 0.9952 728.67 732.09 0.9954
94 693.86 444.09 916.87 761.71 0.9352 838.10 489.31 0.9638 841.81 482.32 0.4166 834.29 481.85 0.9747 836.24 475.33 0.0110 816.56 473.12 0.9667 829.34 494.98 0.9896 786.35 497.23 0.9950 863.14 503.81 0.9770 754.74 528.64 0.9814 894.75 491.05 0.9819 749.17 536.17 0.9754 792.67 592.60 0.9959 770.42 591.94 0.9974 765.98 655.60 0.9962 775.60 663.47 0.9988 717.27 695.33 0.9884 749.90 729.56 0.9935
95 741.79 438.17 934.03 768.17 0.9262 872.38 494.82 0.9913 879.57 488.31 0.9547 867.00 486.39 0.9923 885.97 483.84 0.2493 851.84 478.26 0.9314 885.06 504.63 0.9958 824.69 501.55 0.9956 922.64 499.85 0.9820 794.08 544.56 0.9121 905.45 461.95 0.9740 802.22 565.63 0.8286 846.70 608.06 0.9982 808.84 601.96 0.9979 834.80 673.90 0.9973 794.15 668.85 0.9977 817.51 735.50 0.9902 760.27 730.39 0.9915
96 805.80 461.75 1016.42 789.27 0.9159 915.82 501.49 0.9923 922.08 495.18 0.9461 910.91 493.50 0.9930 926.20 492.24 0.2281 896.94 486.63 0.9638 925.83 522.80 0.9958 868.28 509.07 0.9967 953.74 543.92 0.9722 835.50 534.26 0.9775 990.05 544.92 0.9650 833.49 563.33 0.9719 884.67 608.99 0.9969 850.80 603.84 0.9974 856.00 672.12 0.9953 856.68 675.94 0.9977 822.42 731.12 0.9928 851.63 753.96 0.9948
97 836.29 477.20 986.54 812.26 0.9297 965.04 515.12 0.9910 970.75 509.35 0.9106 958.91 507.37 0.9938 971.55 511.45 0.0914 941.11 505.13 0.9726 969.30 548.29 0.9918 909.63 535.46 0.9967 967.73 598.36 0.9665 876.85 575.97 0.9868 969.26 643.88 0.9705 858.77 622.76 0.9846 928.35 638.15 0.9962 892.68 631.49 0.9982 910.98 704.78 0.9952 892.35 707.27 0.9994 855.22 723.34 0.9872 880.78 778.17 0.9960
98 868.08 496.03 1054.48 848.54 0.9388 1018.10 535.12 0.9882 1023.85 528.95 0.8686 1012.70 526.09 0.9948 1021.93 531.22 0.0564 993.07 523.08 0.9815 1011.82 568.93 0.9552 965.55 555.31 0.9967 1000.69 619.56 0.5362 979.14 607.94 0.9950 1015.63 634.33 0.4950 1024.31 623.06 0.9881 978.25 673.72 0.9942 937.94 664.92 0.9973 973.32 746.77 0.9928 907.33 729.86 0.9935 970.77 818.53 0.9850 884.05 777.11 0.9826
99 948.88 514.89 1115.54 877.17 0.9273 1082.08 554.07 0.9914 1087.88 548.24 0.8949 1076.89 544.99 0.9941 1089.24 549.34 0.0855 1058.00 539.96 0.9798 1086.60 595.35 0.9971 1026.23 578.38 0.9978 1088.70 654.62 0.9914 1004.16 636.73 0.9927 1101.86 707.68 0.9889 1003.26 698.24 0.9916 1049.81 699.21 0.9964 1015.45 690.13 0.9966 1013.42 775.19 0.9934 1006.73 766.46 0.9951 974.92 837.85 0.9627 969.77 835.54 0.9674
100 988.04 548.56 1246.61 942.00 0.9362 1154.26 588.93 0.9906 1159.88 582.14 0.8304 1148.14 579.70 0.9946 1158.01 583.17 0.0406 1127.17 575.81 0.9866 1155.48 623.31 0.9974 1090.55 609.02 0.9976 1197.25 645.01 0.9852 1039.23 626.51 0.9847 1229.74 613.63 0.9782 1005.65 660.30 0.9811 1112.32 732.74 0.9982 1072.30 727.50 0.9989 1084.69 807.72 0.9965 1078.15 818.65 0.9995 1017.00 822.19 0.9850 1052.59 894.25 0.9942
101 1039.22 532.44 1275.19 987.21 0.7044 1226.67 631.14 0.9771 1232.52 623.59 0.7449 1221.36 621.18 0.9880 1227.66 615.00 0.0594 1196.85 608.85 0.9837 1217.08 636.82 0.9783 1151.82 645.70 0.9979 1255.88 597.35 0.9231 1156.20 710.47 0.9961 1235.66 567.59 0.9663 1177.64 774.84 0.9958 1173.51 773.35 0.9969 1128.39 766.24 0.9983 1162.35 867.85 0.9955 1087.29 838.38 0.9956 1158.81 955.53 0.9833 1059.31 896.96 0.9853
102 1127.28 528.83 1372.52 1028.10 0.9273 1318.77 666.53 0.8382 1324.48 658.06 0.2015 1315.19 656.33 0.8431 1315.16 649.10 0.0184 1292.32 643.06 0.8760 1299.48 674.04 0.8972 1249.29 670.72 0.9972 1351.04 622.68 0.6303 1297.51 642.60 0.9900 1360.74 568.38 0.7300 1336.90 599.39 0.9618 1261.29 811.17 0.9845 1227.95 807.42 0.9978 1223.52 899.78 0.9648 1214.74 902.27 0.9971 1170.13 965.99 0.8244 1154.23 971.31 0.9693
103 1186.42 567.85 1535.78 1115.77 0.9391 1407.81 713.46 0.9881 1413.87 705.29 0.7636 1401.41 704.42 0.9875 1412.20 699.06 0.0408 1376.80 692.91 0.9243 1409.86 736.16 0.9873 1347.93 716.49 0.9830 1453.25 778.63 0.9869 1350.61 667.78 0.9658 1501.35 821.71 0.9831 1385.47 607.34 0.9808 1348.42 863.48 0.9906 1319.88 859.92 0.9905 1306.65 944.12 0.9905 1314.69 965.46 0.9942 1219.16 970.47 0.9805 1275.66 1055.09 0.9831
104 1251.90 621.55 1618.69 1155.46 0.9475 1524.77 748.59 0.8852 1530.14 741.73 0.2745 1518.69 737.94 0.8775 1518.46 741.60 0.0347 1492.21 728.48 0.8961 1497.48 792.29 0.9526 1456.78 753.95 0.9889 1472.50 859.75 0.9203 1521.99 709.58 0.9803 1478.11 936.93 0.9658 1583.70 650.23 0.9795 1447.14 927.80 0.9910 1403.56 912.73 0.9954 1436.18 1022.10 0.9778 1355.35 990.54 0.9831 1432.82 1119.39 0.9703 1276.32 1048.78 0.9824
105 1416.41 729.44 1676.83 1236.39 0.9402 1642.86 788.65 0.9915 1648.37 779.32 0.7611 1634.37 776.29 0.9957 1638.63 775.96 0.0175 1600.50 768.27 0.9828 1619.09 823.22 0.9838 1567.21 814.88 0.9980 1613.37 910.21 0.8921 1589.16 895.83 0.9958 1622.84 977.57 0.9083 1631.71 968.82 0.9912 1551.76 962.98 0.9955 1523.24 960.61 0.9982 1502.66 1055.65 0.9967 1531.04 1074.64 0.9989 1438.10 1122.61 0.9869 1473.65 1163.58 0.9892
106 1482.64 785.74 1776.57 1327.58 0.9278 1746.42 855.19 0.9782 1756.56 843.81 0.8344 1735.74 841.17 0.9904 1759.45 838.77 0.1177 1705.33 829.59 0.9710 1753.13 893.97 0.9631 1657.71 876.72 0.9892 1724.92 973.83 0.8727 1582.00 926.95 0.9841 1700.22 1041.06 0.8046 1523.81 996.06 0.9894 1677.32 1048.00 0.9853 1625.60 1041.17 0.9941 1628.45 1136.77 0.9748 1610.77 1160.51 0.9933 1527.33 1142.16 0.9829 1573.20 1266.40 0.9881
107 1547.71 838.01 1876.81 1462.42 0.9308 1809.79 910.55 0.9868 1827.12 901.64 0.9824 1800.25 893.92 0.9881 1846.98 901.41 0.6622 1779.31 879.65 0.8313 1849.96 960.05 0.9428 1733.17 911.25 0.9891 1810.33 1050.27 0.7547 1677.72 958.09 0.9893 1788.80 1141.28 0.6709 1631.50 1018.11 0.9908 1759.55 1128.87 0.9919 1678.64 1095.51 0.9968 1739.54 1270.02 0.9857 1629.55 1186.22 0.9893 1719.18 1407.02 0.9605 1574.67 1262.65 0.9825
108 1587.85 878.05 2010.98 1479.39 0.9280 1867.25 956.98 0.9926 1890.38 946.32 0.9971 1860.48 937.11 0.9373 1932.99 953.25 0.9774 1852.45 927.36 0.1224 1967.64 1041.54 0.9926 1821.29 973.14 0.9721 1958.48 1158.50 0.9922 1782.17 1055.85 0.6783 1921.44 1252.17 0.9950 1772.49 1146.67 0.3881 1852.14 1214.88 0.9934 1763.47 1173.19 0.9917 1797.40 1350.55 0.9697 1703.85 1298.78 0.9861 1718.34 1433.62 0.7469 1641.81 1417.27 0.9375
109 1602.35 919.31 2033.71 1492.51 0.9466 1868.99 1005.18 0.9932 1895.34 993.50 0.9976 1862.23 982.21 0.9398 1942.62 1001.63 0.9862 1853.92 971.07 0.1189 1976.89 1103.61 0.9852 1810.70 1028.50 0.9881 1965.27 1232.94 0.9843 1755.33 1109.69 0.9836 1913.97 1317.69 0.9784 1719.79 1193.42 0.9489 1829.63 1306.10 0.9881 1729.19 1263.76 0.9930 1776.48 1453.49 0.8705 1660.01 1426.38 0.9499 1733.21 1492.47 0.0321 1627.72 1500.00 0.0981
110 1594.76 949.63 2012.66 1491.66 0.9259 1848.74 1055.42 0.9935 1880.94 1044.37 0.9989 1842.27 1028.40 0.9703 1929.72 1055.09 0.9904 1831.47 1013.00 0.1794 1955.67 1167.04 0.9785 1794.44 1067.92 0.9842 1929.25 1332.11 0.5766 1725.94 1031.17 0.9667 1836.95 1423.07 0.1362 1693.41 1015.14 0.9685 1782.94 1387.18 0.9742 1674.09 1334.84 0.9895 1724.35 1500.00 0.0781 1632.23 1471.08 0.2722 1690.07 1500.00 0.0032 1622.19 1500.00 0.0139
111 1481.58 909.99 2016.50 1491.25 0.9355 1798.78 1125.02 0.9930 1833.78 1109.77 0.9992 1786.66 1092.78 0.9269 1899.75 1112.25 0.9961 1777.88 1067.60 0.0937 1934.42 1270.08 0.9819 1727.77 1124.82 0.9913 1958.16 1401.99 0.2280 1741.08 931.59 0.9942 1938.64 1326.63 0.0291 1917.34 1008.55 0.9898 1706.57 1497.36 0.4621 1564.12 1434.38 0.8396 1701.37 1500.00 0.0050 1554.43 1474.48 0.0468 1663.82 1500.00 0.0013 1575.42 1495.24 0.0086
112 1367.56 955.31 1912.99 1491.67 0.9345 1665.05 1217.08 0.9916 1705.37 1199.75 0.9984 1648.37 1177.71 0.9234 1781.17 1195.90 0.9951 1635.97 1139.21 0.1251 1830.03 1394.41 0.9521 1580.82 1192.48 0.9918 1859.26 1498.36 0.0341 1582.91 965.72 0.9858 1780.13 1417.35 0.0080 1796.76 1053.45 0.9692 1633.78 1500.00 0.0137 1459.11 1464.48 0.1473 1672.06 1483.29 0.0013 1489.75 1446.40 0.0152 1618.72 1494.75 0.0008 1530.19 1472.88 0.0040
113 1273.64 809.07 1771.23 1493.54 0.8962 1554.14 1349.04 0.9837 1608.05 1327.08 0.9962 1537.63 1297.75 0.9738 1695.63 1325.10 0.9636 1513.39 1250.45 0.2030 1731.00 1485.10 0.3346 1469.14 1304.82 0.9822 1718.68 1497.99 0.0029 1404.46 1097.15 0.9691 1654.37 1390.68 0.0062 1477.27 928.26 0.9274 1586.76 1500.00 0.0023 1403.96 1473.20 0.0427 1614.68 1454.27 0.0016 1457.19 1406.87 0.0178 1576.36 1457.68 0.0010 1474.67 1393.27 0.0045
114 1262.04 1209.72 1599.13 1498.39 0.4294 1321.68 1475.11 0.9426 1381.51 1454.65 0.9698 1318.90 1423.75 0.9110 1503.35 1453.51 0.8778 1306.55 1378.81 0.0106 1549.23 1500.00 0.0817 1292.25 1445.29 0.1140 1553.94 1500.00 0.0083 1273.37 1468.89 0.0052 1463.72 1500.00 0.1022 1310.43 1474.77 0.0084 1478.83 1500.00 0.0011 1293.87 1500.00 0.0029 1458.56 1500.00 0.0007 1259.23 1500.00 0.0028 1415.27 1500.00 0.0001 1320.80 1500.00 0.0002
115 92.28 1109.77 1322.96 1500.00 0.3398 844.39 1341.62 0.8907 861.88 1314.23 0.9399 855.53 1305.95 0.0274 974.55 1332.59 0.9796 961.66 1310.72 0.0025 1088.74 1500.00 0.1527 1099.52 1428.43 0.3129 663.50 1500.00 0.0040 684.98 1465.22 0.0108 330.88 1465.93 0.2318 369.37 1476.28 0.1159 1080.65 1500.00 0.0004 1068.23 1500.00 0.0023 740.02 1467.42 0.0063 692.96 1447.10 0.0212 642.52 1499.90 0.0015 569.96 1470.25 0.0062
116 357.65 925.53 1105.38 1495.19 0.9385 455.86 1133.57 0.0346 458.28 1107.40 0.1094 487.88 1095.94 0.0013 488.58 1125.86 0.9958 646.02 1085.16 0.4046 476.46 1423.41 0.9672 798.96 1243.45 0.9963 429.35 1500.00 0.0029 942.99 1386.57 0.8801 437.91 1457.29 0.0009 1040.02 1387.01 0.9038 587.42 1500.00 0.0006 809.99 1500.00 0.0041 565.18 1455.66 0.0008 727.68 1393.78 0.0041 665.22 1500.00 0.0007 786.88 1469.48 0.0012
117 0.00 819.72 846.21 1487.86 0.9165 190.20 990.99 0.0119 153.36 969.65 0.0004 190.89 962.22 0.0567 19.86 998.35 0.0364 178.72 992.95 0.9643 22.48 1202.04 0.0391 299.67 1192.81 0.9894 177.49 1274.06 0.0004 556.99 1310.19 0.9728 300.82 1214.40 0.0082 752.24 1314.74 0.9719 108.68 1480.98 0.0006 315.01 1459.25 0.0332 277.97 1346.42 0.0005 445.12 1352.48 0.0304 352.56 1446.95 0.0002 474.95 1440.63 0.0031
118 0.33 689.19 662.11 1495.60 0.9266 119.88 846.65 0.0157 98.34 816.97 0.0009 118.32 820.84 0.1320 13.17 827.83 0.0199 101.28 842.64 0.9444 2.65 998.59 0.0244 145.01 1039.15 0.9623 220.47 1250.36 0.0015 346.04 1271.10 0.9714 408.21 1365.20 0.0268 547.48 1388.82 0.9611 0.00 1449.12 0.0045 66.72 1460.41 0.1663 77.33 1366.58 0.0065 161.77 1390.51 0.2876 147.33 1480.15 0.0167 166.03 1490.61 0.2237
119 0.58 552.72 374.98 1488.90 0.9571 198.92 676.60 0.0016 178.64 647.79 0.0058 212.92 658.04 0.0068 108.28 647.25 0.9756 250.65 669.31 0.9698 22.86 796.13 0.7259 292.78 840.90 0.9958 0.00 996.57 0.0114 332.68 1035.22 0.9647 44.31 1094.98 0.0208 331.88 1109.84 0.9455 28.02 1159.03 0.7797 194.13 1184.54 0.9824 2.03 1356.60 0.4911 148.83 1393.69 0.9039 2.98 1473.03 0.0069 115.30 1493.53 0.0342
120 0.59 488.85 369.13 1485.67 0.9472 181.60 590.77 0.0027 168.07 570.86 0.0076 196.47 576.19 0.0069 122.23 581.19 0.9524 244.61 590.49 0.9473 54.21 709.96 0.9804 295.24 729.55 0.9955 6.31 859.60 0.3652 313.12 870.61 0.9166 12.20 941.99 0.1034 236.49 883.84 0.2791 77.85 1015.60 0.9850 226.34 1033.30 0.9933 104.61 1135.92 0.9737 203.48 1213.02 0.9838 125.19 1257.59 0.9840 153.34 1429.79 0.9713
121 0.69 443.31 404.44 1307.18 0.9534 156.51 514.06 0.0403 154.82 496.30 0.0982 175.93 505.44 0.0118 154.50 514.16 0.9527 241.89 525.97 0.4573 74.02 619.32 0.9818 287.36 634.16 0.9938 19.99 770.00 0.8194 337.81 781.91 0.9832 7.56 839.89 0.5366 370.98 893.29 0.9722 94.02 892.68 0.9912 226.69 894.60 0.9951 102.97 1065.97 0.9717 225.36 991.49 0.9820 133.39 1244.24 0.9690 223.29 1109.59 0.9897
122 0.61 412.13 305.83 1212.61 0.9366 180.62 424.93 0.9128 201.58 425.30 0.9024 190.47 418.98 0.1176 221.52 476.50 0.9624 219.40 454.43 0.0249 187.08 572.37 0.9978 250.16 564.00 0.9469 137.74 726.94 0.9943 245.76 698.71 0.1354 57.84 850.19 0.9883 200.99 787.05 0.0899 172.70 820.07 0.9957 235.20 806.29 0.9793 114.71 962.20 0.9910 190.34 930.78 0.9784 181.57 1136.09 0.9763 198.89 1076.28 0.9861
123 64.79 322.65 380.75 1197.47 0.9248 193.59 420.12 0.9259 212.24 420.99 0.9472 196.15 411.19 0.2119 230.18 467.22 0.9705 199.09 439.30 0.0278 218.66 546.32 0.9966 170.62 513.31 0.9819 277.58 567.36 0.9939 167.97 444.68 0.9736 320.76 564.43 0.9954 159.00 367.65 0.9865 180.76 793.96 0.9938 131.91 785.99 0.9883 179.74 954.03 0.9929 136.99 944.52 0.9811 191.42 1105.04 0.9825 175.17 1060.55 0.9772
124 0.13 240.28 258.92 1194.23 0.9307 78.14 445.85 0.9831 102.66 433.30 0.9899 79.86 427.67 0.4103 160.16 449.71 0.9548 91.89 432.75 0.0023 191.56 543.79 0.9935 108.27 530.66 0.9565 201.20 457.85 0.9913 94.47 415.17 0.8814 183.47 317.87 0.9952 133.82 303.97 0.9420 156.40 810.72 0.9921 78.64 795.78 0.9856 158.94 969.06 0.9876 29.16 915.67 0.9803 181.93 1113.01 0.9818 81.31 1055.47 0.9882
125 0.00 323.21 150.55 1197.01 0.7764 30.54 409.47 0.0780 32.93 394.38 0.0891 28.80 393.36 0.0286 41.92 409.53 0.1936 44.24 407.15 0.0490 58.54 517.38 0.6538 61.56 509.16 0.4318 72.70 573.63 0.3095 66.47 551.52 0.1457 33.97 448.85 0.3153 31.04 437.02 0.1460 34.14 765.70 0.6836 47.18 762.45 0.5549 0.00 959.65 0.2314 12.06 947.57 0.1840 88.89 1087.55 0.7328 62.54 1089.37 0.7366
146 0.00 547.73 250.64 1462.29 0.7272 23.21 679.12 0.4465 26.33 659.51 0.0770 18.13 659.36 0.4316 18.51 658.84 0.0027 0.00 656.36 0.0769 0.00 746.96 0.0191 0.00 740.65 0.0310 13.59 833.19 0.2074 11.81 835.87 0.2556 154.42 895.05 0.6579 158.99 895.77 0.6086 0.00 1020.92 0.0053 0.00 1023.18 0.0065 12.63 1213.34 0.0269 21.59 1228.74 0.0441 24.20 1355.68 0.0158 29.02 1361.29 0.0234
147 21.15 585.69 543.74 1488.29 0.9430 425.95 708.67 0.2028 409.43 678.35 0.0065 426.74 695.85 0.1289 317.86 663.11 0.2109 400.10 701.54 0.9594 220.71 728.32 0.9969 307.99 830.36 0.9985 138.10 786.73 0.9709 327.39 1059.08 0.9799 102.10 811.92 0.9469 429.14 1192.75 0.9734 179.07 1087.27 0.9923 252.66 1140.84 0.9896 253.74 1228.52 0.9952 314.26 1305.86 0.9880 105.67 1403.82 0.8619 240.47 1486.29 0.6114
148 1.56 408.01 745.19 1484.60 0.9561 554.36 649.65 0.0238 546.12 630.20 0.0119 562.40 642.66 0.0115 495.79 635.12 0.8863 593.09 657.10 0.8791 413.51 726.87 0.9985 585.82 736.63 0.9976 220.90 685.89 0.9858 706.02 625.64 0.9846 53.63 625.31 0.9149 665.23 476.71 0.9757 412.56 1034.96 0.9931 519.82 1058.57 0.9941 456.66 1189.33 0.9923 446.98 1259.35 0.9925 494.20 1307.28 0.9877 313.01 1445.97 0.9764
149 462.68 534.47 756.15 1353.36 0.9267 621.91 622.53 0.0469 613.91 608.28 0.0173 630.20 611.78 0.0156 581.54 615.58 0.4779 651.87 618.91 0.4564 522.70 698.15 0.9935 686.50 670.76 0.9936 524.50 842.11 0.9871 738.31 550.27 0.9822 557.93 955.91 0.9630 619.79 593.18 0.9688 530.52 952.34 0.9958 629.35 945.09 0.9971 512.53 1117.67 0.9930 632.17 1065.03 0.9915 498.46 1288.69 0.9842 630.30 1177.11 0.9916
150 457.59 454.57 828.95 1168.38 0.9444 685.51 578.85 0.0825 685.02 565.43 0.0996 694.03 571.47 0.0161 683.48 573.52 0.9454 743.96 580.35 0.5127 639.18 655.39 0.9970 769.85 641.61 0.9955 583.82 768.55 0.9903 804.48 547.00 0.9750 512.99 861.33 0.9792 739.78 490.05 0.9768 623.38 858.79 0.9960 713.72 867.27 0.9967 583.31 963.70 0.9924 667.65 988.84 0.9927 564.20 1101.25 0.9883 629.98 1124.98 0.9904
151 391.46 471.20 931.82 1140.85 0.9512 713.98 562.82 0.0543 714.00 550.79 0.0645 720.46 555.08 0.0191 703.89 557.47 0.9456 762.08 562.27 0.7290 658.18 615.94 0.9957 778.08 615.56 0.9964 553.24 628.47 0.9888 853.43 573.56 0.9787 446.08 623.93 0.9878 900.14 512.89 0.9692 635.44 798.82 0.9965 712.19 810.75 0.9974 616.14 894.52 0.9932 676.96 941.68 0.9940 612.37 996.48 0.9896 640.77 1072.22 0.9878
152 497.01 476.91 887.80 1028.47 0.9506 781.01 549.85 0.0617 777.73 536.87 0.0492 787.02 546.58 0.0367 754.23 534.78 0.8513 802.45 552.93 0.8181 700.60 567.16 0.9950 794.55 611.68 0.9960 606.51 544.90 0.9868 818.71 713.82 0.9753 533.02 509.06 0.9839 850.86 782.55 0.9724 663.94 745.40 0.9956 730.18 761.66 0.9942 638.45 860.21 0.9921 724.87 844.12 0.9823 614.00 982.31 0.9885 718.11 916.77 0.9855
153 622.94 486.83 884.17 940.60 0.9486 854.56 531.59 0.0147 852.20 520.63 0.0032 863.15 526.79 0.0134 824.47 515.53 0.8687 871.29 533.70 0.9355 779.77 555.52 0.9992 852.73 593.78 0.9985 722.42 611.31 0.9927 840.01 680.10 0.9887 658.52 656.50 0.9796 844.24 749.15 0.9638 745.07 697.75 0.9984 788.54 717.96 0.9973 741.35 769.29 0.9969 762.94 817.74 0.9953 702.95 842.85 0.9889 718.32 902.06 0.9723
154 741.54 484.18 937.69 913.26 0.7696 889.20 526.08 0.0130 886.10 517.38 0.0043 894.69 520.77 0.0121 860.93 516.19 0.8378 899.96 527.41 0.8901 823.64 558.54 0.9967 898.96 584.93 0.9983 800.26 617.38 0.9818 903.47 655.53 0.9845 786.72 668.30 0.9636 921.52 677.22 0.9386 806.28 691.03 0.9984 849.85 702.81 0.9985 815.47 772.90 0.9970 835.69 789.05 0.9975 812.20 842.38 0.9808 773.14 854.81 0.9825
155 789.78 492.01 984.89 880.32 0.9309 940.46 527.69 0.0250 938.39 519.75 0.0092 946.20 522.83 0.0199 917.36 520.11 0.8465 952.75 530.04 0.8963 881.16 556.89 0.9979 954.96 580.38 0.9987 846.68 607.34 0.9704 969.91 642.80 0.9396 841.64 658.05 0.8355 966.62 629.04 0.4757 856.72 683.45 0.9993 905.00 692.13 0.9989 836.53 758.87 0.9986 904.37 760.56 0.9966 813.15 843.19 0.9952 902.23 827.53 0.9914
156 832.75 486.16 1026.72 852.42 0.9257 976.50 517.42 0.0328 976.06 511.12 0.0188 983.54 513.42 0.0147 962.33 515.33 0.8981 995.55 521.64 0.7872 934.92 555.41 0.9969 999.62 565.76 0.9976 909.26 611.59 0.9866 1012.23 599.00 0.9241 879.54 664.62 0.9711 1014.95 567.67 0.6446 912.78 673.74 0.9990 954.16 678.50 0.9982 885.81 742.05 0.9985 929.00 751.49 0.9952 866.43 819.93 0.9931 905.90 823.73 0.9820
157 864.43 485.31 1032.57 846.75 0.9342 993.79 519.56 0.0228 991.49 511.93 0.0108 998.89 514.69 0.0165 973.10 513.53 0.8514 1007.66 521.32 0.8574 940.91 550.70 0.9981 1012.20 565.77 0.9978 913.32 598.62 0.9396 1009.68 618.37 0.8981 942.15 606.83 0.3387 980.00 604.58 0.2075 921.47 668.40 0.9979 964.31 675.67 0.9965 903.15 733.65 0.9974 937.81 748.62 0.9934 880.93 803.90 0.9947 907.58 816.77 0.9860
158 887.50 488.06 1037.27 845.45 0.9273 1002.67 519.75 0.0229 1000.03 512.62 0.0106 1006.39 515.15 0.0224 982.43 514.81 0.7926 1014.06 522.11 0.8991 954.85 552.24 0.9976 1020.44 566.12 0.9972 923.74 598.98 0.9498 1012.23 613.74 0.8339 936.48 598.28 0.4855 979.84 605.40 0.1930 930.68 662.11 0.9965 971.91 668.34 0.9949 915.99 729.73 0.9941 943.92 739.62 0.9863 905.03 803.82 0.9835 914.34 805.35 0.9655
159 887.01 481.49 1038.53 811.69 0.9247 999.12 509.04 0.0308 997.87 502.45 0.0215 1004.59 504.74 0.0171 990.81 505.70 0.8211 1020.89 511.36 0.7616 972.29 541.67 0.9973 1027.23 553.21 0.9930 942.84 586.81 0.9900 1018.76 599.12 0.6749 910.56 560.99 0.9533 986.51 585.01 0.2925 949.48 641.07 0.9970 988.48 645.58 0.9940 930.39 708.18 0.9981 973.48 711.59 0.9948 916.55 782.47 0.9922 962.06 777.32 0.9854
160 899.12 487.72 1052.01 800.87 0.9145 1001.64 511.66 0.4326 1004.18 505.16 0.5594 1005.91 506.58 0.0282 1015.10 507.68 0.9336 1028.77 510.32 0.0392 1011.91 538.39 0.9954 1039.96 545.09 0.9200 992.32 582.71 0.9927 1012.83 579.31 0.1677 960.34 567.79 0.9855 973.08 569.34 0.2330 985.06 636.79 0.9960 1013.32 638.83 0.9793 948.87 701.96 0.9970 993.89 710.24 0.9844 929.34 769.47 0.9831 979.40 774.30 0.9534
161 939.93 488.26 1056.40 781.18 0.8790 1017.30 511.56 0.3323 1018.10 505.67 0.3728 1020.37 506.55 0.0219 1024.89 507.65 0.8892 1038.08 508.82 0.0425 1032.79 537.32 0.9917 1039.91 536.81 0.8355 1022.75 580.10 0.9794 1022.78 567.07 0.0991 997.19 578.61 0.9482 1010.98 562.42 0.1225 1006.31 622.99 0.9800 1013.45 620.60 0.8815 975.52 690.46 0.9903 991.13 689.57 0.9116 955.42 758.44 0.9648 975.43 756.77 0.8394
162 938.00 487.03 1054.22 772.02 0.6506 1014.79 508.50 0.8069 1020.32 503.10 0.7997 1013.26 502.38 0.3378 1032.44 506.40 0.7687 1013.74 504.66 0.0594 1042.01 538.75 0.9589 1008.66 534.53 0.9507 1040.26 581.64 0.5231 993.21 573.38 0.3015 1011.95 581.25 0.4195 983.91 591.29 0.1974 1020.88 621.07 0.9399 995.42 615.88 0.9139 999.85 677.90 0.9573 972.81 672.06 0.9482 986.09 744.35 0.9681 957.82 737.79 0.9669
