29 1282.58 687.64 1349.77 868.95 0.3215 1323.25 700.95 0.5796 1325.59 697.40 0.3996 1319.97 697.31 0.6276 1327.87 700.40 0.2236 1313.30 700.16 0.5855 1333.98 721.82 0.9660 1303.02 721.70 0.9907 1339.73 747.11 0.5987 1291.50 747.42 0.8982 1335.99 765.75 0.4920 1287.38 773.26 0.7695 1327.21 770.39 0.9741 1307.50 770.20 0.9818 1324.89 810.67 0.9382 1306.85 809.81 0.9576 1323.77 847.85 0.8758 1304.36 846.41 0.9042
30 1285.09 679.81 1361.04 877.35 0.6653 1313.00 691.89 0.6988 1316.36 687.53 0.6370 1310.24 688.20 0.4369 1323.85 690.25 0.6607 1307.21 692.04 0.2730 1336.51 713.40 0.9896 1301.46 715.48 0.9829 1353.86 736.21 0.9718 1293.88 744.44 0.9279 1346.26 748.56 0.9504 1293.48 772.41 0.8863 1328.47 770.83 0.9872 1306.15 770.05 0.9827 1326.31 815.37 0.9721 1303.73 813.92 0.9683 1322.49 855.98 0.9438 1303.14 854.53 0.9417
31 1283.89 674.92 1351.96 878.93 0.6412 1310.56 691.45 0.8589 1314.44 686.82 0.8369 1307.78 687.16 0.6186 1322.37 688.28 0.7267 1304.65 689.36 0.2220 1333.78 710.55 0.9782 1300.49 711.51 0.9614 1344.62 735.40 0.8354 1292.71 735.58 0.7617 1333.21 748.23 0.7715 1292.11 744.49 0.7309 1327.70 769.10 0.9749 1305.96 768.40 0.9627 1328.76 815.92 0.9572 1306.02 814.94 0.9414 1329.79 858.12 0.9171 1307.89 856.40 0.8934
32 1289.40 669.12 1362.89 879.61 0.6143 1321.65 689.77 0.8504 1325.68 684.88 0.8014 1318.01 685.00 0.7236 1332.93 685.90 0.6062 1312.40 686.20 0.4083 1344.59 708.56 0.9860 1305.02 706.89 0.9730 1356.31 735.74 0.8515 1297.14 728.38 0.7370 1354.30 751.55 0.7379 1307.75 718.69 0.6097 1340.33 767.37 0.9843 1315.01 766.42 0.9753 1342.99 814.38 0.9735 1313.67 813.24 0.9550 1345.26 859.35 0.9509 1310.81 855.54 0.9229
34 1306.87 662.81 1364.19 889.49 0.6518 1317.69 685.81 0.8769 1321.78 680.48 0.8989 1314.76 680.81 0.5907 1331.54 681.29 0.8296 1313.33 682.64 0.1173 1345.89 703.93 0.9860 1311.21 707.04 0.9053 1347.32 733.24 0.9607 1309.51 735.54 0.3414 1317.71 743.57 0.9275 1318.83 741.97 0.3268 1342.38 767.84 0.9815 1318.04 769.29 0.9508 1343.78 816.71 0.9739 1319.04 822.21 0.9435 1349.50 856.41 0.9632 1323.14 867.80 0.9394
35 1285.18 665.72 1363.01 894.65 0.8783 1320.44 685.75 0.9746 1324.81 680.32 0.9738 1316.20 681.31 0.9327 1333.22 681.75 0.8806 1311.63 684.50 0.4684 1347.20 707.83 0.9933 1307.82 709.11 0.9853 1354.49 741.33 0.9804 1297.93 733.72 0.9363 1326.82 753.26 0.9795 1294.38 738.34 0.9420 1337.54 772.71 0.9945 1312.25 772.28 0.9904 1337.06 823.41 0.9935 1316.35 824.31 0.9879 1339.61 873.51 0.9870 1323.36 869.51 0.9784
36 1279.81 655.70 1358.83 898.06 0.8583 1313.51 679.42 0.9452 1318.51 673.62 0.9623 1310.85 674.26 0.7049 1331.37 674.57 0.9179 1310.56 676.48 0.0803 1345.23 701.99 0.9918 1310.36 703.14 0.9614 1338.91 739.83 0.9868 1308.95 736.70 0.7675 1304.24 740.89 0.9755 1297.17 739.90 0.7081 1338.00 773.59 0.9932 1312.14 772.56 0.9838 1338.93 828.41 0.9931 1310.60 827.57 0.9873 1338.19 878.73 0.9873 1312.98 876.56 0.9827
37 1283.53 654.53 1361.88 903.85 0.8370 1307.32 678.30 0.6111 1309.18 672.33 0.7236 1308.17 672.87 0.0557 1320.48 672.42 0.9271 1319.64 673.72 0.0159 1335.73 698.61 0.9947 1325.36 698.70 0.9366 1320.47 733.68 0.9834 1313.39 727.79 0.4193 1299.13 729.18 0.9586 1301.88 717.42 0.4131 1330.52 771.54 0.9957 1317.46 770.06 0.9837 1328.06 828.29 0.9965 1306.71 826.82 0.9891 1348.43 881.28 0.9925 1308.17 879.34 0.9855
38 1301.21 655.92 1374.60 903.28 0.8432 1314.62 682.68 0.0534 1313.40 677.52 0.0711 1317.21 676.29 0.0094 1316.92 676.88 0.8851 1337.96 673.43 0.2762 1323.25 702.20 0.9956 1358.22 696.46 0.9897 1314.49 742.79 0.9066 1368.94 730.46 0.4862 1307.48 740.35 0.5205 1354.33 748.40 0.1329 1337.89 772.21 0.9894 1356.33 769.10 0.9821 1339.77 828.82 0.9919 1336.89 825.76 0.9822 1354.72 883.02 0.9922 1334.78 878.64 0.9867
39 1303.58 657.63 1374.85 903.97 0.8344 1314.50 684.25 0.0709 1313.61 679.50 0.0994 1317.05 678.38 0.0124 1318.01 677.77 0.8786 1337.07 674.62 0.2370 1323.61 700.95 0.9938 1358.98 697.12 0.9852 1320.57 739.40 0.9663 1369.79 731.53 0.6218 1312.08 764.66 0.8955 1361.55 756.15 0.3439 1338.13 772.52 0.9891 1360.01 770.11 0.9816 1342.12 828.29 0.9843 1352.72 826.02 0.9665 1353.75 880.59 0.9697 1355.09 877.16 0.9525
40 1302.43 659.42 1374.21 904.24 0.7617 1311.35 684.33 0.0390 1310.00 679.87 0.0460 1314.42 678.74 0.0081 1313.13 678.67 0.8114 1334.34 675.48 0.2617 1322.18 699.85 0.9924 1354.74 696.88 0.9865 1322.98 738.28 0.9698 1369.04 731.01 0.6892 1314.46 771.80 0.9228 1362.17 757.52 0.4165 1336.26 772.41 0.9900 1356.45 770.03 0.9853 1342.45 828.66 0.9844 1351.20 826.32 0.9717 1352.45 880.79 0.9687 1353.31 877.16 0.9565
41 1299.70 660.80 1373.48 904.53 0.7784 1309.29 687.55 0.1165 1308.87 682.93 0.1362 1311.88 682.09 0.0154 1314.49 680.48 0.8438 1331.40 677.80 0.1406 1322.38 701.25 0.9935 1351.78 698.34 0.9870 1324.08 740.47 0.9822 1367.54 730.82 0.7083 1312.82 774.98 0.9538 1357.89 750.57 0.4205 1335.67 770.79 0.9912 1354.87 768.64 0.9852 1338.04 826.18 0.9860 1348.49 824.57 0.9679 1352.34 878.55 0.9688 1354.19 876.13 0.9490
42 1248.50 661.95 1363.44 898.87 0.8285 1288.75 688.62 0.6249 1289.04 682.88 0.7084 1289.98 682.81 0.0398 1298.55 679.65 0.9523 1309.66 678.77 0.0245 1314.25 700.54 0.9967 1329.27 700.08 0.9579 1321.49 739.92 0.9898 1333.05 741.57 0.2605 1313.96 777.39 0.9790 1317.28 771.17 0.2162 1318.43 777.96 0.9954 1334.84 775.73 0.9834 1298.98 829.55 0.9967 1337.67 830.89 0.9893 1282.82 880.98 0.9928 1350.82 881.69 0.9861
43 1238.33 654.39 1313.66 898.25 0.7906 1254.83 675.49 0.7755 1258.69 670.46 0.8254 1254.00 670.49 0.1465 1271.48 672.86 0.8588 1260.70 673.18 0.0115 1280.82 695.03 0.9914 1267.38 698.30 0.8285 1285.44 685.23 0.9787 1267.23 726.63 0.0819 1284.84 676.36 0.9649 1260.64 747.81 0.0878 1274.19 770.80 0.9952 1263.50 768.22 0.9736 1265.08 825.77 0.9963 1262.48 824.50 0.9691 1266.76 877.79 0.9947 1294.04 857.42 0.9782
44 1167.77 642.61 1339.76 901.31 0.9003 1222.78 676.18 0.9301 1228.19 671.11 0.9325 1219.13 671.27 0.7844 1238.03 673.88 0.8463 1216.16 674.27 0.2453 1248.24 695.03 0.9954 1209.42 693.24 0.9839 1284.07 679.27 0.9930 1196.90 683.55 0.8442 1313.68 656.63 0.9889 1198.83 668.89 0.7955 1235.17 775.61 0.9980 1207.98 774.91 0.9966 1242.90 828.77 0.9964 1198.95 829.07 0.9944 1263.50 877.72 0.9927 1194.04 880.99 0.9914
45 1112.12 610.81 1311.87 904.34 0.9199 1189.40 671.35 0.9326 1193.04 665.79 0.8683 1183.97 667.09 0.9064 1199.25 669.03 0.5847 1177.48 672.16 0.6889 1214.22 694.32 0.9944 1168.03 693.43 0.9937 1252.98 680.72 0.9929 1140.67 667.55 0.9905 1285.26 662.48 0.9898 1124.08 635.60 0.9868 1200.69 772.60 0.9962 1174.69 773.02 0.9950 1193.23 827.23 0.9951 1178.19 828.78 0.9918 1189.86 882.06 0.9874 1190.29 876.18 0.9806
46 1056.22 647.14 1305.29 910.15 0.9326 1167.95 670.17 0.9806 1172.81 664.68 0.9465 1162.11 664.99 0.9768 1179.47 668.54 0.6307 1153.64 669.53 0.8460 1195.69 694.52 0.9967 1141.10 696.09 0.9958 1239.05 695.02 0.9935 1110.07 702.46 0.9846 1278.06 687.67 0.9887 1076.03 701.55 0.9733 1185.13 778.76 0.9955 1151.66 778.48 0.9938 1176.21 835.20 0.9927 1142.04 830.02 0.9844 1167.26 885.01 0.9733 1162.68 864.80 0.9581
47 1105.99 647.99 1186.22 922.84 0.8900 1143.08 672.77 0.9870 1147.21 666.65 0.9731 1137.34 667.70 0.9861 1153.47 668.46 0.6690 1128.68 671.40 0.8587 1169.22 698.93 0.9921 1120.82 703.66 0.9797 1176.38 738.82 0.9499 1118.67 742.68 0.6710 1178.21 776.68 0.9401 1119.58 776.16 0.6445 1162.92 781.35 0.9905 1131.51 782.56 0.9846 1162.69 837.83 0.9908 1126.06 840.05 0.9893 1162.92 885.88 0.9897 1121.36 897.73 0.9885
48 1086.14 637.42 1175.33 928.82 0.9103 1132.94 664.96 0.9875 1137.72 659.02 0.9623 1127.37 659.17 0.9876 1143.31 660.57 0.5352 1116.97 660.89 0.9195 1154.00 691.30 0.9944 1101.60 694.66 0.9924 1160.29 729.55 0.9657 1095.63 736.37 0.9326 1167.85 760.66 0.9502 1101.09 769.28 0.9159 1146.81 779.29 0.9943 1113.14 781.34 0.9914 1147.65 841.25 0.9946 1116.39 844.29 0.9902 1145.45 901.25 0.9919 1120.34 900.63 0.9858
49 986.02 626.80 1289.52 938.50 0.9319 1139.75 661.57 0.9929 1145.24 654.76 0.9732 1133.80 654.85 0.9928 1151.72 655.46 0.5709 1123.42 655.55 0.9340 1167.85 685.12 0.9978 1102.79 683.56 0.9980 1214.43 679.03 0.9939 1055.97 675.25 0.9929 1260.02 666.66 0.9896 1010.84 654.68 0.9880 1151.79 785.07 0.9975 1114.64 784.16 0.9971 1145.67 850.80 0.9961 1110.99 847.87 0.9929 1136.32 909.10 0.9826 1113.46 890.77 0.9730
50 1032.58 554.04 1211.39 957.02 0.9267 1141.02 658.06 0.9922 1146.14 651.48 0.9756 1135.64 651.66 0.9890 1153.41 651.90 0.5904 1125.19 652.15 0.8704 1164.20 673.37 0.9956 1110.53 673.07 0.9973 1192.28 639.82 0.9920 1078.64 639.18 0.9920 1203.55 595.45 0.9904 1056.09 596.87 0.9893 1157.36 783.07 0.9972 1121.40 783.36 0.9978 1154.09 853.52 0.9943 1124.62 854.75 0.9967 1143.59 907.50 0.9825 1126.57 924.49 0.9881
51 1088.72 574.28 1196.85 964.66 0.9019 1140.96 649.58 0.9809 1147.69 642.68 0.9578 1135.57 642.13 0.9626 1158.37 642.71 0.5430 1124.58 640.99 0.6005 1165.72 665.41 0.9837 1112.63 662.42 0.9902 1172.76 623.62 0.9657 1106.56 613.66 0.9671 1158.78 598.33 0.9765 1144.19 586.46 0.9698 1158.54 780.03 0.9956 1116.58 780.57 0.9955 1161.90 860.65 0.9941 1119.33 864.54 0.9928 1167.47 934.41 0.9898 1126.79 934.46 0.9872
52 1104.47 575.80 1210.68 980.02 0.9137 1159.85 635.67 0.9817 1166.20 628.06 0.9485 1153.81 627.72 0.9668 1176.96 627.37 0.4490 1141.93 626.49 0.6593 1188.26 651.37 0.9793 1130.34 650.20 0.9931 1202.38 609.08 0.9203 1120.91 595.67 0.9642 1180.39 590.30 0.9543 1160.03 582.77 0.9642 1183.52 775.52 0.9938 1137.92 774.63 0.9959 1179.51 867.23 0.9940 1133.54 860.63 0.9959 1164.59 940.02 0.9914 1129.70 930.03 0.9942
53 1062.30 586.72 1262.13 1015.68 0.9465 1170.00 631.77 0.9934 1175.86 623.68 0.9671 1161.45 624.24 0.9943 1182.89 622.92 0.4036 1145.11 623.53 0.9576 1197.50 661.52 0.9978 1126.42 651.56 0.9971 1249.31 677.95 0.9900 1086.31 624.49 0.9817 1231.47 644.74 0.9910 1120.49 606.61 0.9820 1190.18 789.89 0.9978 1139.62 789.53 0.9979 1191.60 882.00 0.9962 1147.41 885.43 0.9977 1171.01 942.70 0.9893 1148.90 973.76 0.9907
54 1101.65 451.86 1319.23 1022.64 0.9319 1208.30 624.90 0.9870 1216.15 618.09 0.8732 1201.89 615.25 0.9893 1221.18 613.87 0.1211 1180.08 604.35 0.9518 1217.63 663.87 0.9966 1147.99 626.24 0.9932 1219.30 722.04 0.9955 1129.13 565.47 0.9704 1237.24 769.38 0.9934 1150.59 501.74 0.9543 1193.54 793.40 0.9976 1137.23 788.31 0.9956 1230.70 881.56 0.9974 1139.15 893.73 0.9954 1264.56 981.52 0.9956 1147.91 984.98 0.9916
55 1098.62 483.23 1354.31 1072.58 0.9288 1291.27 617.03 0.9856 1301.27 608.96 0.9113 1283.39 604.56 0.9867 1305.08 607.15 0.1838 1259.89 592.53 0.9195 1298.54 663.59 0.9857 1217.67 620.53 0.9861 1302.77 730.82 0.9822 1166.48 574.36 0.9803 1322.00 791.57 0.9786 1127.14 520.16 0.9849 1259.56 804.07 0.9921 1197.75 792.79 0.9935 1267.71 911.28 0.9836 1159.24 889.18 0.9799 1277.49 1018.82 0.9691 1135.66 962.33 0.9735
56 1112.71 518.17 1555.17 1072.56 0.9465 1282.76 582.83 0.9867 1293.46 570.75 0.9840 1271.58 572.21 0.9700 1311.57 563.26 0.8975 1257.73 564.67 0.6413 1344.38 613.99 0.9908 1232.09 614.05 0.9893 1430.99 622.64 0.9899 1193.61 684.11 0.9861 1511.14 618.58 0.9834 1146.24 746.30 0.9828 1301.17 795.78 0.9920 1231.07 786.57 0.9925 1293.72 916.60 0.9897 1201.12 891.44 0.9925 1279.77 1021.96 0.9772 1167.03 1011.44 0.9873
57 1163.33 343.57 1384.45 1144.73 0.9233 1209.08 585.48 0.9868 1214.15 567.23 0.9909 1193.00 578.77 0.9517 1237.15 555.08 0.9304 1186.80 583.81 0.3676 1295.79 577.84 0.9951 1205.07 648.69 0.9765 1344.54 487.78 0.9847 1238.28 709.15 0.6099 1360.66 393.43 0.9805 1259.61 731.74 0.4190 1327.40 794.94 0.9947 1259.92 812.30 0.9926 1312.91 936.44 0.9798 1269.69 946.94 0.9914 1293.24 1010.54 0.9406 1280.14 1081.60 0.9806
58 997.60 445.02 1569.13 1165.91 0.9551 1206.28 514.36 0.9890 1217.27 496.06 0.9902 1190.07 504.47 0.9704 1244.75 490.35 0.9429 1178.04 510.45 0.5134 1309.90 556.79 0.9945 1173.66 601.82 0.9929 1420.88 611.01 0.9934 1122.46 682.05 0.9906 1518.17 650.03 0.9834 1050.20 735.08 0.9832 1322.96 793.10 0.9941 1233.28 807.73 0.9947 1325.58 941.61 0.9911 1252.15 952.83 0.9923 1335.98 1095.19 0.9784 1271.23 1083.76 0.9869
59 1083.17 220.95 1417.29 1274.78 0.9332 1246.64 455.69 0.9909 1264.86 437.22 0.9959 1227.32 441.79 0.9767 1297.01 442.66 0.9793 1211.62 450.53 0.6012 1347.14 554.16 0.9960 1192.88 524.88 0.9946 1369.51 685.52 0.9925 1124.24 418.81 0.9907 1383.38 800.69 0.9841 1109.79 283.99 0.9889 1321.27 815.82 0.9950 1212.61 815.51 0.9950 1297.48 997.96 0.9872 1216.64 987.90 0.9787 1267.28 1175.83 0.9646 1246.46 1056.81 0.9758
60 1110.86 288.11 1505.82 1408.90 0.9534 1237.02 400.52 0.9938 1252.69 374.16 0.9964 1213.00 385.24 0.9674 1291.79 366.54 0.9689 1192.46 389.38 0.3691 1365.98 507.15 0.9988 1182.17 480.59 0.9887 1416.30 652.03 0.9971 1135.87 314.88 0.9848 1458.20 781.20 0.9905 1261.13 319.26 0.9707 1325.40 829.17 0.9938 1193.58 826.29 0.9936 1299.88 1051.55 0.9875 1197.14 1041.69 0.9947 1267.68 1177.92 0.9700 1193.87 1300.98 0.9853
61 1057.51 7.98 1516.94 1488.30 0.9482 1268.94 249.32 0.9894 1293.74 216.94 0.9928 1236.99 224.85 0.9896 1330.99 222.25 0.9496 1200.86 235.75 0.9312 1383.23 412.13 0.9990 1158.65 355.14 0.9981 1407.75 615.36 0.9957 1092.12 109.40 0.9561 1446.10 797.72 0.9841 1205.52 7.88 0.3386 1359.20 821.61 0.9980 1182.20 827.60 0.9981 1410.98 1116.75 0.9919 1186.42 1125.82 0.9898 1401.57 1391.24 0.9544 1201.46 1349.60 0.9743
62 959.63 0.00 1820.17 1485.65 0.9543 1379.97 18.72 0.3699 1414.90 0.00 0.0230 1336.44 0.00 0.0843 1476.50 1.67 0.1706 1286.70 16.78 0.4971 1596.38 235.08 0.9988 1238.36 193.43 0.9982 1659.65 541.55 0.9944 1081.74 30.78 0.4807 1719.56 800.68 0.9700 1064.64 68.21 0.0035 1546.46 868.00 0.9979 1274.96 856.40 0.9979 1566.51 1351.74 0.9868 1264.37 1284.80 0.9839 1522.89 1500.00 0.0591 1223.38 1446.65 0.1448
63 747.20 2.04 2039.51 1475.35 0.9152 1375.16 53.21 0.0012 1359.20 10.01 0.0003 1408.81 7.66 0.0001 1345.27 0.00 0.0081 1557.78 0.00 0.0017 1253.10 90.29 0.2262 1778.74 62.24 0.2149 1053.34 314.76 0.8269 1971.28 348.80 0.5106 836.54 445.24 0.6973 1986.69 647.73 0.0878 1318.75 958.26 0.9854 1686.37 946.95 0.9866 1254.09 1401.85 0.1480 1624.80 1407.51 0.1051 1282.83 1420.67 0.0013 1621.56 1403.00 0.0011
64 856.44 13.32 2046.59 1474.97 0.3640 1212.29 219.65 0.0002 1218.90 153.32 0.0010 1220.76 165.48 0.0001 1219.00 99.46 0.0393 1239.25 117.86 0.0017 1311.57 165.62 0.0763 1339.59 102.18 0.0130 1202.91 852.83 0.2692 1259.99 629.04 0.1493 1153.84 1330.15 0.1693 1210.33 1366.42 0.1549 1500.65 750.01 0.0197 1542.10 720.64 0.0292 1284.69 308.28 0.2486 1379.59 296.21 0.1828 1270.04 1317.49 0.0769 1309.19 1235.27 0.0730
65 272.34 44.10 2048.00 1477.31 0.5214 1172.82 287.06 0.0024 1167.36 231.75 0.0029 1205.34 235.70 0.0021 1155.70 201.60 0.0128 1276.35 203.02 0.0192 1014.69 219.93 0.0143 1392.77 205.78 0.0048 608.41 426.84 0.1402 789.85 327.84 0.0632 426.26 938.63 0.1617 434.50 859.91 0.3226 1046.50 842.34 0.4440 1379.87 840.41 0.3248 914.78 690.42 0.1356 1339.02 784.36 0.0466 723.91 1186.94 0.3301 1108.97 1201.33 0.1419
66 19.74 1.81 1470.56 1480.11 0.9229 788.42 87.29 0.0032 809.63 36.28 0.0008 756.20 32.40 0.0009 828.45 0.00 0.0008 673.72 0.00 0.0038 913.57 66.94 0.1397 680.77 45.91 0.0140 1158.98 333.08 0.9438 1133.25 340.77 0.3678 1301.60 802.10 0.9477 1311.15 782.01 0.5236 724.55 902.96 0.9814 531.84 875.73 0.9672 582.61 1500.00 0.1692 543.95 1490.80 0.2889 610.97 1491.50 0.0004 548.77 1469.47 0.0019
67 2.45 6.33 975.00 1488.75 0.9564 412.26 82.70 0.0030 391.84 44.40 0.0015 432.55 55.79 0.0027 317.04 30.91 0.6797 502.71 53.21 0.8765 214.11 165.97 0.9947 633.64 170.47 0.9889 100.22 496.63 0.9299 830.20 195.83 0.9166 15.58 741.33 0.0509 836.18 221.12 0.6045 305.36 852.24 0.9968 585.06 857.27 0.9963 243.68 1283.80 0.9923 611.74 1285.60 0.9864 239.55 1500.00 0.0213 634.52 1500.00 0.0172
68 0.85 0.00 498.57 1484.78 0.9649 227.67 166.50 0.0035 216.68 132.54 0.0167 252.84 149.92 0.0049 191.61 122.82 0.9747 341.71 149.34 0.8835 88.13 274.81 0.9822 389.09 251.81 0.9965 31.64 536.92 0.7290 457.12 101.36 0.9794 9.25 722.67 0.0740 301.54 21.88 0.7973 144.71 773.88 0.9883 357.68 769.55 0.9970 162.84 1154.32 0.9661 349.06 1062.90 0.9937 224.06 1455.88 0.9119 367.18 1387.81 0.9903
69 1.30 225.58 435.45 1477.03 0.9499 241.06 327.66 0.0161 224.52 307.42 0.0050 253.52 312.82 0.0100 154.73 300.54 0.2419 270.84 309.49 0.4993 64.51 397.77 0.9657 307.21 383.91 0.9935 17.96 588.83 0.7515 397.70 243.11 0.9907 5.10 730.75 0.1362 260.84 266.82 0.9752 129.48 782.76 0.9912 293.48 786.77 0.9983 113.20 1069.14 0.9747 255.87 1024.55 0.9940 175.58 1363.84 0.9582 229.83 1288.94 0.9923
70 0.08 112.75 329.60 1361.98 0.9533 129.59 395.26 0.0164 123.62 375.53 0.0236 146.72 386.29 0.0046 114.58 372.38 0.9101 217.54 387.80 0.5462 66.80 443.70 0.9927 249.92 439.90 0.9965 55.27 560.46 0.9763 290.60 316.02 0.9831 68.09 711.75 0.9649 211.81 188.84 0.9597 91.86 770.12 0.9941 237.09 787.58 0.9966 73.19 996.41 0.9862 230.45 1015.60 0.9955 65.33 1194.79 0.9760 227.07 1271.75 0.9914
71 0.26 294.40 396.12 1251.32 0.9557 120.44 429.60 0.0126 110.66 408.23 0.0198 127.66 420.37 0.0188 61.97 401.67 0.9095 156.88 423.01 0.8792 3.84 469.83 0.7934 176.38 481.27 0.9954 10.70 460.77 0.0325 294.29 424.94 0.9833 73.71 430.75 0.0285 355.63 353.87 0.9779 29.16 767.06 0.8737 150.99 776.06 0.9914 35.18 968.73 0.9398 150.72 944.34 0.9954 70.21 1174.35 0.9592 160.73 1125.44 0.9950
72 0.76 402.34 413.97 1221.64 0.9389 132.04 489.11 0.0092 123.48 470.63 0.0216 137.50 482.48 0.0202 79.71 464.78 0.9640 162.85 487.42 0.9521 15.87 513.94 0.8891 177.76 558.98 0.9970 0.00 471.66 0.0370 264.63 656.07 0.9796 28.28 475.28 0.0129 359.20 726.39 0.9672 19.88 784.41 0.8780 129.77 804.45 0.9874 19.83 941.67 0.8489 116.55 950.21 0.9913 40.33 1063.56 0.8191 99.65 1093.48 0.9773
73 0.00 457.67 217.60 1143.60 0.9322 122.85 524.58 0.0151 115.69 508.86 0.0351 131.08 517.02 0.0264 90.24 503.43 0.9493 161.83 518.58 0.9243 43.24 545.99 0.8303 175.33 575.45 0.9936 0.00 544.58 0.0928 189.19 653.56 0.9714 22.60 601.90 0.0301 195.18 748.67 0.9590 20.31 781.57 0.7404 113.81 794.83 0.9711 6.94 918.79 0.5859 111.15 930.64 0.9714 5.29 1063.24 0.5034 97.27 1088.44 0.9289
74 0.05 466.75 197.55 1092.81 0.9401 58.04 533.72 0.0110 49.10 518.86 0.0158 65.02 523.50 0.0340 15.91 514.03 0.7598 86.59 523.20 0.9119 0.00 573.55 0.2588 119.60 593.40 0.9899 0.00 663.81 0.0062 155.29 696.52 0.9612 15.92 737.42 0.0323 174.73 780.17 0.9416 0.00 785.10 0.4523 85.40 787.39 0.9590 4.19 910.58 0.4378 89.15 885.54 0.9602 11.24 1045.71 0.5618 85.68 997.94 0.9589
75 0.47 503.37 159.19 1065.92 0.9364 60.07 557.79 0.0046 53.79 548.19 0.0033 67.37 549.69 0.0058 28.28 546.32 0.9218 92.48 553.08 0.9149 0.00 599.87 0.6265 126.12 614.20 0.9965 0.00 671.06 0.0038 129.13 704.41 0.8888 18.68 719.51 0.0045 104.36 746.84 0.4908 7.94 782.50 0.7831 86.11 786.24 0.9862 1.58 887.56 0.6651 71.21 895.00 0.9915 5.62 988.41 0.5827 53.83 1009.32 0.9728
76 0.14 517.33 205.00 1044.39 0.9434 70.65 575.26 0.0048 64.16 565.86 0.0023 76.08 566.71 0.0092 29.58 556.72 0.8649 91.99 562.43 0.9347 0.00 599.33 0.3006 118.31 608.50 0.9934 0.00 668.52 0.0016 166.95 684.86 0.9804 21.11 718.36 0.0052 184.95 758.76 0.9519 10.72 774.95 0.6067 87.05 778.89 0.9837 0.00 874.37 0.2673 72.02 886.93 0.9814 4.60 979.01 0.0751 52.75 1004.92 0.7983
77 0.00 538.44 150.46 1021.59 0.9119 110.62 600.91 0.1468 108.28 591.65 0.0108 113.14 591.16 0.2869 62.99 575.33 0.2995 102.97 577.65 0.9558 12.42 610.50 0.6479 91.76 603.41 0.9887 0.00 664.34 0.0444 100.12 637.88 0.9712 19.58 709.17 0.1405 97.95 692.19 0.9495 3.27 766.82 0.7846 62.73 765.29 0.9810 9.90 865.61 0.6618 113.98 852.49 0.9907 0.00 977.79 0.2822 96.63 973.41 0.9193
78 1.29 543.96 227.41 1015.06 0.9305 189.84 595.51 0.9446 188.26 585.77 0.0707 185.39 584.52 0.9707 146.86 580.13 0.0106 156.81 580.84 0.9920 100.33 622.02 0.9831 142.00 626.31 0.9986 67.73 702.76 0.3658 105.93 700.28 0.9957 86.55 763.59 0.3910 100.30 775.93 0.9925 83.90 779.15 0.9940 125.30 781.83 0.9982 70.57 869.64 0.9924 174.01 860.69 0.9984 3.57 960.38 0.9364 176.01 976.90 0.9676
79 102.45 545.90 366.60 1010.56 0.9407 293.63 590.67 0.9347 290.44 581.07 0.0834 289.28 581.19 0.9736 251.00 580.05 0.0186 260.73 583.79 0.9957 211.44 625.91 0.9981 248.17 635.78 0.9982 162.06 685.74 0.9951 254.01 709.50 0.9959 129.20 745.40 0.9935 321.72 756.56 0.9920 225.80 770.51 0.9988 233.00 779.33 0.9988 280.98 840.97 0.9974 221.54 877.56 0.9973 251.59 933.70 0.9912 182.84 974.04 0.9808
80 267.78 564.50 458.95 990.53 0.9296 400.01 599.31 0.8784 397.24 591.47 0.1061 394.54 591.38 0.9477 364.12 595.79 0.0417 374.21 598.56 0.9915 329.36 646.94 0.9967 375.76 650.93 0.9986 303.54 712.72 0.9824 395.25 714.81 0.9932 291.57 768.90 0.9635 434.67 752.24 0.9736 334.04 775.59 0.9990 360.33 776.25 0.9990 378.31 857.68 0.9973 381.79 855.57 0.9953 385.30 958.98 0.9917 322.55 903.86 0.9870
81 338.24 585.96 601.21 985.07 0.9404 503.05 616.26 0.9214 501.53 609.36 0.1181 497.13 609.13 0.9373 485.48 615.13 0.0102 480.88 615.73 0.9633 483.98 661.18 0.9846 465.69 654.94 0.9967 520.77 698.67 0.9798 415.09 688.12 0.9963 556.71 667.26 0.9925 365.04 743.25 0.9966 469.01 786.63 0.9973 475.58 784.21 0.9985 435.13 872.78 0.9992 522.64 858.56 0.9995 392.46 951.69 0.9947 549.74 951.28 0.9955
82 528.65 588.97 704.20 978.53 0.9121 613.98 626.20 0.6690 610.79 618.44 0.0349 610.69 617.71 0.7010 577.42 618.09 0.0308 592.97 618.31 0.9495 548.52 661.51 0.9913 588.69 659.27 0.9977 538.27 728.98 0.8934 614.55 718.01 0.9967 552.28 765.42 0.6819 669.48 746.56 0.9863 561.97 775.74 0.9935 585.88 777.26 0.9974 593.50 852.00 0.9887 592.63 861.22 0.9977 575.20 938.85 0.9781 563.30 948.11 0.9915
83 560.27 605.60 753.89 965.21 0.9223 694.52 641.42 0.3523 691.69 634.55 0.0228 692.54 633.94 0.4634 662.74 633.98 0.1103 681.18 634.17 0.9674 632.59 672.24 0.9968 685.00 669.84 0.9984 592.70 710.47 0.9882 720.93 691.89 0.9866 574.53 750.72 0.9583 736.20 692.43 0.8769 646.01 779.32 0.9980 674.99 780.73 0.9984 679.78 853.51 0.9973 678.84 861.13 0.9965 688.12 933.36 0.9942 610.47 915.21 0.9920
84 671.92 614.76 838.17 957.32 0.9135 769.61 645.69 0.5759 767.68 638.56 0.0233 767.58 638.28 0.5811 738.41 638.83 0.0312 757.12 639.50 0.9350 721.17 671.24 0.9653 738.57 665.08 0.9975 722.07 715.25 0.4086 755.78 686.43 0.9930 731.91 719.86 0.4567 791.53 656.29 0.9785 712.54 778.45 0.9963 735.50 778.07 0.9985 708.19 853.47 0.9979 771.06 850.04 0.9990 690.36 931.12 0.9939 791.74 926.68 0.9946
85 768.26 620.93 878.01 949.05 0.8968 837.50 651.26 0.1258 835.50 644.64 0.0129 837.94 644.32 0.1619 807.93 644.05 0.2432 831.85 645.01 0.9163 784.97 678.54 0.9777 821.84 677.44 0.9963 776.68 732.97 0.3814 830.84 729.04 0.9828 798.05 766.07 0.1797 860.73 754.51 0.9291 790.03 774.87 0.9855 813.99 776.03 0.9953 807.96 844.99 0.9815 822.54 850.02 0.9965 787.08 910.57 0.9701 802.61 924.39 0.9885
86 800.39 632.88 950.65 942.48 0.8965 902.39 661.09 0.1759 899.56 655.21 0.0134 901.09 654.86 0.2630 871.98 654.84 0.1721 893.69 655.81 0.9667 847.24 685.51 0.9921 894.57 688.35 0.9979 832.43 714.93 0.4643 932.80 700.00 0.9227 863.74 722.26 0.0884 935.74 687.09 0.4295 856.94 778.51 0.9934 883.43 780.38 0.9958 888.12 845.31 0.9925 876.08 849.90 0.9942 896.13 917.01 0.9923 824.65 904.46 0.9914
87 885.79 637.97 1030.34 936.82 0.9212 960.70 664.98 0.3807 958.37 658.44 0.0266 959.95 658.47 0.4934 932.25 658.12 0.1356 951.89 660.10 0.9670 913.33 688.37 0.9744 948.86 692.28 0.9966 929.76 734.48 0.2215 968.75 739.80 0.9645 973.57 758.84 0.1016 1002.70 769.95 0.8410 914.56 780.73 0.9931 942.19 782.39 0.9971 911.94 845.05 0.9938 966.22 843.24 0.9976 900.68 915.71 0.9895 992.29 908.62 0.9934
88 963.77 570.07 1077.89 931.50 0.8746 1020.17 651.39 0.1489 1016.81 646.00 0.0092 1018.35 646.19 0.1384 991.50 648.68 0.0443 1010.20 650.35 0.7714 979.07 673.17 0.9598 1006.29 673.03 0.9941 984.92 646.43 0.7809 1040.73 643.71 0.9914 998.08 607.98 0.7539 1064.29 606.91 0.9750 984.25 765.04 0.9889 1005.87 765.58 0.9951 997.29 833.71 0.9872 1013.18 837.28 0.9955 984.38 897.24 0.9815 1000.77 905.58 0.9891
89 1003.54 603.63 1083.46 928.34 0.8625 1057.14 659.37 0.0167 1053.19 655.36 0.0036 1056.76 654.91 0.0194 1033.40 660.39 0.1238 1055.75 660.59 0.6630 1025.81 684.32 0.9495 1057.02 681.25 0.9809 1026.07 665.48 0.7900 1068.74 654.75 0.9430 1037.91 629.22 0.6708 1053.09 627.88 0.8349 1033.27 770.22 0.9894 1052.44 769.55 0.9934 1049.44 837.09 0.9938 1061.16 836.20 0.9952 1058.90 901.14 0.9952 1023.12 885.21 0.9958
90 1044.57 632.46 1173.87 919.43 0.9048 1099.89 667.60 0.2360 1096.90 662.72 0.0187 1097.96 662.69 0.2478 1073.09 665.54 0.0783 1091.03 666.71 0.8846 1061.30 689.30 0.9368 1091.40 687.73 0.9947 1081.32 686.93 0.3318 1122.87 674.11 0.9889 1108.78 671.55 0.3502 1152.00 646.96 0.9693 1061.59 775.00 0.9936 1087.94 774.92 0.9979 1064.26 837.13 0.9944 1106.09 833.09 0.9982 1059.07 897.80 0.9934 1124.48 887.69 0.9967
91 1092.14 646.96 1182.57 911.92 0.8845 1140.67 670.22 0.0560 1137.07 665.53 0.0113 1140.07 664.84 0.0744 1115.40 667.84 0.3512 1137.58 668.37 0.8928 1103.26 696.78 0.9684 1143.61 697.14 0.9950 1104.81 735.09 0.1951 1158.26 736.98 0.9626 1126.19 760.20 0.0959 1171.69 770.41 0.8903 1108.27 773.70 0.9859 1135.46 773.72 0.9953 1117.45 829.31 0.9824 1137.72 833.42 0.9968 1106.50 876.34 0.9826 1128.57 889.97 0.9937
92 1082.74 658.40 1184.66 906.49 0.8492 1174.20 680.17 0.1356 1171.80 675.54 0.0161 1173.91 675.40 0.1768 1152.07 674.58 0.1864 1169.69 676.10 0.9164 1134.65 694.90 0.9919 1168.58 695.69 0.9933 1109.60 717.69 0.9611 1165.63 726.13 0.9528 1092.59 740.68 0.9281 1159.84 757.15 0.8704 1137.92 773.60 0.9957 1158.18 773.72 0.9962 1150.39 825.32 0.9941 1161.27 827.32 0.9953 1155.92 879.82 0.9905 1137.98 875.41 0.9917
93 1132.67 662.41 1234.53 899.79 0.9033 1206.42 686.17 0.2134 1204.58 680.86 0.0213 1206.33 681.05 0.2738 1183.99 677.85 0.1471 1200.49 680.20 0.9162 1162.01 700.52 0.9886 1195.07 700.14 0.9913 1144.57 733.36 0.9057 1181.25 728.35 0.9478 1142.82 767.49 0.8615 1172.89 766.10 0.9054 1159.53 776.74 0.9945 1185.18 776.73 0.9949 1161.92 828.92 0.9938 1198.39 827.22 0.9952 1158.85 879.22 0.9862 1208.13 874.55 0.9878
94 1171.06 660.21 1285.55 893.05 0.7671 1244.99 684.47 0.7346 1244.46 678.99 0.0975 1241.44 679.18 0.7816 1233.07 678.92 0.0200 1229.87 679.74 0.9103 1227.06 699.50 0.9780 1217.70 702.43 0.9899 1251.07 702.09 0.9569 1202.73 728.53 0.9786 1270.93 684.45 0.9612 1195.72 745.94 0.9667 1210.48 769.10 0.9913 1211.67 768.80 0.9950 1208.49 821.55 0.9950 1220.12 822.03 0.9980 1185.10 864.22 0.9898 1211.99 874.96 0.9938
95 1191.82 640.69 1300.11 892.60 0.8442 1259.29 688.00 0.8981 1262.81 682.44 0.6418 1254.92 682.70 0.8958 1265.15 681.06 0.1592 1244.25 681.41 0.8281 1264.99 698.42 0.9906 1228.19 704.17 0.9918 1291.63 689.11 0.9891 1210.45 735.18 0.9838 1281.89 657.82 0.9862 1201.71 760.52 0.9797 1253.32 770.60 0.9970 1229.97 770.57 0.9970 1253.97 821.67 0.9965 1233.47 821.43 0.9976 1246.64 870.27 0.9934 1214.70 870.57 0.9948
96 1226.21 662.88 1365.98 890.81 0.9044 1287.33 686.52 0.9351 1289.51 681.30 0.5472 1283.25 681.18 0.9570 1288.83 680.66 0.0623 1271.18 679.82 0.9478 1291.17 703.87 0.9886 1253.64 702.98 0.9918 1320.11 710.31 0.9786 1235.56 731.58 0.9794 1347.02 699.23 0.9814 1236.29 764.24 0.9776 1275.37 769.57 0.9938 1256.32 769.09 0.9946 1262.27 818.21 0.9950 1275.54 816.45 0.9963 1245.48 869.40 0.9909 1286.91 872.53 0.9924
97 1264.65 658.99 1359.80 897.76 0.8763 1330.48 681.36 0.9451 1332.63 676.38 0.5097 1326.14 676.30 0.9616 1331.08 678.86 0.0376 1312.85 677.90 0.9467 1330.26 706.52 0.9875 1297.65 703.94 0.9912 1336.14 744.37 0.9740 1284.24 740.56 0.9708 1347.91 775.61 0.9729 1281.86 777.74 0.9547 1320.99 774.80 0.9949 1300.55 773.27 0.9960 1313.11 827.12 0.9946 1311.37 827.07 0.9977 1280.51 855.30 0.9892 1313.81 878.20 0.9933
98 1305.67 656.99 1436.85 900.64 0.8789 1377.72 680.08 0.9524 1379.39 674.58 0.4850 1372.94 674.90 0.9661 1375.48 676.89 0.0283 1359.28 677.35 0.9565 1370.97 701.98 0.9470 1349.79 702.42 0.9953 1380.22 731.75 0.4873 1374.34 726.69 0.9950 1402.71 736.13 0.4826 1415.78 724.82 0.9903 1370.34 779.38 0.9890 1346.07 780.41 0.9953 1384.52 828.00 0.9916 1336.37 829.63 0.9958 1398.39 879.68 0.9915 1315.49 876.89 0.9924
99 1383.67 652.38 1488.97 905.21 0.8616 1433.98 673.57 0.9690 1435.29 668.47 0.5434 1428.79 668.60 0.9839 1432.41 672.21 0.0234 1413.88 671.96 0.9776 1434.23 703.88 0.9863 1400.36 701.03 0.9937 1449.40 739.97 0.9717 1398.85 740.62 0.9880 1473.89 764.96 0.9718 1417.12 777.30 0.9800 1431.55 774.18 0.9814 1411.43 773.04 0.9901 1427.46 825.00 0.9852 1428.20 822.72 0.9946 1408.23 878.10 0.9747 1411.40 878.89 0.9880
100 1391.80 646.00 1555.79 910.23 0.9275 1498.64 671.84 0.9739 1500.06 666.70 0.5500 1493.18 666.79 0.9844 1496.09 670.04 0.0237 1477.62 669.90 0.9812 1499.58 695.46 0.9928 1460.67 698.23 0.9963 1534.27 695.17 0.9848 1431.60 721.45 0.9960 1545.19 666.92 0.9874 1406.73 753.21 0.9957 1493.47 773.64 0.9961 1472.63 772.87 0.9979 1492.26 831.18 0.9969 1491.77 829.88 0.9991 1446.47 860.56 0.9919 1491.90 889.29 0.9955
101 1481.49 616.48 1625.49 912.46 0.9048 1564.30 675.30 0.9401 1567.00 669.32 0.4300 1559.77 669.01 0.9645 1562.91 669.67 0.0246 1542.21 668.84 0.9716 1555.25 688.84 0.9851 1523.51 699.22 0.9958 1566.04 647.38 0.9793 1543.82 734.37 0.9929 1547.74 625.17 0.9857 1579.91 753.33 0.9903 1551.57 782.24 0.9949 1521.63 782.89 0.9963 1570.53 836.45 0.9916 1512.41 838.05 0.9933 1586.81 891.54 0.9884 1496.49 890.83 0.9877
102 1571.68 592.64 1669.33 920.81 0.8584 1644.34 649.27 0.1752 1643.82 642.02 0.0172 1641.59 641.99 0.1334 1628.42 642.45 0.0199 1625.28 642.34 0.4601 1615.65 675.68 0.7699 1599.03 671.13 0.9883 1628.50 690.74 0.1395 1617.71 660.78 0.9929 1640.63 672.56 0.1536 1650.19 624.35 0.9851 1614.06 760.35 0.9577 1603.40 762.44 0.9871 1614.12 824.94 0.9855 1629.96 824.72 0.9956 1595.47 892.88 0.9711 1600.19 891.64 0.9828
103 1611.15 586.72 1820.46 927.46 0.9028 1709.90 666.15 0.9050 1710.71 660.34 0.1625 1703.75 660.27 0.8768 1701.74 660.72 0.0150 1687.36 660.32 0.9007 1702.82 690.99 0.9835 1676.65 683.10 0.9918 1750.67 707.32 0.9329 1670.09 657.78 0.9823 1794.22 712.08 0.9529 1678.49 614.87 0.9786 1695.89 774.04 0.9927 1684.35 774.29 0.9963 1698.36 837.40 0.9969 1707.21 839.76 0.9992 1637.17 879.58 0.9909 1703.59 905.54 0.9957
104 1688.31 578.10 1870.29 929.62 0.8947 1780.25 661.98 0.3221 1780.08 656.09 0.0308 1775.88 655.69 0.2549 1770.69 658.70 0.0134 1760.62 657.94 0.4486 1761.86 690.57 0.7420 1753.10 681.79 0.9888 1776.73 723.33 0.0923 1780.71 643.26 0.9931 1799.96 743.22 0.1265 1804.29 604.05 0.9856 1777.04 779.75 0.9898 1760.15 781.41 0.9969 1800.04 842.48 0.9951 1742.65 844.08 0.9977 1824.75 906.01 0.9928 1707.13 899.68 0.9933
105 1806.71 627.26 1938.50 934.35 0.8983 1869.10 654.46 0.9554 1870.05 647.91 0.2978 1862.41 647.94 0.9702 1860.61 651.66 0.0098 1842.56 651.99 0.9628 1853.02 685.48 0.9490 1835.72 686.01 0.9913 1881.33 732.06 0.7552 1873.52 728.15 0.9825 1910.18 758.56 0.8376 1914.67 752.70 0.9680 1854.43 774.17 0.9794 1846.88 775.85 0.9900 1851.25 839.13 0.9943 1883.99 836.83 0.9972 1831.86 907.85 0.9908 1873.03 909.74 0.9929
106 1840.79 618.37 1992.03 948.65 0.9037 1949.64 651.79 0.9779 1953.20 644.38 0.7582 1941.15 645.68 0.9844 1954.70 646.88 0.0474 1922.07 649.44 0.9594 1962.71 684.96 0.9617 1903.00 686.60 0.9932 1970.88 739.89 0.4107 1873.57 733.83 0.9869 1969.08 785.60 0.3529 1855.22 782.31 0.9814 1961.62 784.40 0.9759 1926.37 785.67 0.9896 1963.14 852.35 0.9749 1958.13 853.93 0.9939 1899.91 894.64 0.9620 1965.14 926.24 0.9768
107 1921.68 613.26 2047.97 952.00 0.9130 2005.59 648.08 0.9731 2012.04 640.78 0.9509 1997.87 641.27 0.9756 2020.76 641.24 0.4113 1984.34 642.55 0.8461 2037.98 677.14 0.6357 1962.78 678.80 0.9942 2048.00 727.44 0.0271 1941.66 723.97 0.9809 2043.72 772.09 0.0635 1931.98 769.09 0.9670 2031.14 784.54 0.7167 1981.62 785.50 0.9789 2038.89 853.90 0.2493 1979.57 855.35 0.9668 2024.92 912.42 0.1274 1967.45 925.68 0.8487
108 2012.11 601.93 2048.00 937.36 0.6356 2043.67 639.65 0.1776 2046.26 632.83 0.0612 2041.98 632.80 0.2594 2042.75 635.11 0.0598 2038.33 635.84 0.3462 2034.94 670.99 0.1819 2032.27 673.26 0.6816 2026.63 713.30 0.0368 2030.55 717.09 0.2174 2041.95 734.18 0.0354 2041.85 739.63 0.0513 2042.68 766.12 0.0705 2045.05 767.57 0.2103 2047.24 838.58 0.0241 2045.94 837.04 0.0884 2046.27 902.00 0.0315 2046.15 902.18 0.0983
109 2021.47 602.40 2048.00 973.86 0.5168 2045.70 641.51 0.0305 2045.45 634.99 0.0140 2046.41 634.63 0.0168 2043.87 637.19 0.0371 2046.52 636.66 0.0361 2043.26 674.31 0.0958 2042.60 674.10 0.2578 2037.45 731.78 0.2175 2038.66 728.59 0.5802 2039.55 780.99 0.2983 2039.57 780.50 0.5427 2045.80 789.36 0.0509 2047.72 790.06 0.0882 2048.00 868.69 0.0204 2048.00 867.83 0.0487 2042.23 934.18 0.0212 2042.98 938.47 0.0431
110 1990.60 570.21 2048.00 934.41 0.6363 2031.77 633.92 0.0365 2030.28 625.87 0.0249 2031.88 626.90 0.0154 2035.04 628.49 0.0342 2037.69 631.03 0.0162 2041.47 661.28 0.1324 2038.24 663.84 0.1805 2010.46 632.60 0.5918 2010.13 630.29 0.5326 2006.98 596.75 0.5239 2004.72 601.98 0.4653 2044.94 760.65 0.1047 2043.10 761.56 0.1217 2042.33 817.39 0.0363 2045.55 818.04 0.0457 2043.52 886.60 0.0359 2044.53 884.18 0.0484
111 2008.62 541.54 2048.00 1023.19 0.6379 2042.71 582.03 0.0086 2040.72 575.13 0.0037 2044.27 574.23 0.0082 2035.71 575.51 0.0106 2044.98 574.51 0.0302 2039.64 602.26 0.0933 2036.55 604.58 0.1077 2025.20 574.35 0.2172 2026.56 569.65 0.1577 2038.66 574.90 0.0526 2041.80 579.65 0.0299 2048.00 749.93 0.0700 2048.00 753.73 0.0726 2046.78 871.16 0.0257 2048.00 874.93 0.0163 2043.81 978.65 0.0825 2046.21 979.77 0.0543
112 1975.97 546.24 2048.00 1047.50 0.8515 2042.26 590.25 0.1422 2043.64 582.91 0.0401 2040.68 582.32 0.1479 2039.44 587.88 0.0436 2033.67 587.75 0.2636 2032.38 625.10 0.2585 2016.71 624.16 0.7370 2007.62 593.51 0.1743 1992.92 578.99 0.7007 2022.22 566.60 0.1705 2026.61 552.53 0.4681 2043.88 775.82 0.1410 2030.41 778.71 0.3536 2039.64 895.25 0.0888 2039.46 897.71 0.1654 2038.54 1008.60 0.1721 2041.67 1007.39 0.2646
113 1961.00 452.09 2048.00 1049.22 0.8381 2044.77 582.42 0.1893 2048.00 573.62 0.0504 2042.71 573.95 0.2315 2048.00 578.67 0.0208 2036.52 580.21 0.1905 2041.65 626.70 0.0547 2018.75 624.15 0.8912 1996.10 595.69 0.0818 1976.96 576.14 0.9748 1991.87 530.35 0.2205 1984.36 496.15 0.9366 2039.72 782.52 0.1629 2018.23 783.10 0.7141 2035.87 888.25 0.0975 2029.21 888.38 0.5822 2042.17 995.00 0.1296 2039.60 992.73 0.5450
114 1946.18 520.67 2048.00 1092.31 0.8393 2033.13 586.22 0.8330 2040.01 574.06 0.4817 2026.60 575.10 0.8193 2046.80 573.23 0.0590 2017.90 576.51 0.3501 2038.38 637.17 0.0508 2013.57 639.36 0.9256 2007.80 729.74 0.0550 1994.90 722.91 0.9574 1975.12 796.65 0.3622 1970.43 794.98 0.9301 2036.84 806.50 0.1184 2019.91 806.60 0.6186 2017.76 910.91 0.2193 2006.64 909.80 0.7759 2027.11 1039.25 0.2915 2024.81 1039.56 0.7561
115 1818.43 426.72 2046.61 1097.11 0.9043 1900.65 606.13 0.9771 1908.05 588.08 0.9854 1892.25 595.22 0.5668 1946.35 570.94 0.9401 1904.79 588.88 0.0168 2003.58 607.92 0.9115 1940.95 645.78 0.9487 2016.68 552.53 0.8644 1946.80 735.50 0.4478 1985.01 470.95 0.9656 1918.33 810.32 0.3936 2006.56 798.59 0.6377 1957.15 802.62 0.8686 1976.95 916.38 0.2833 1919.10 912.86 0.8869 1950.70 1037.82 0.1448 1909.34 1044.85 0.8536
116 1742.42 477.92 2023.23 1098.00 0.9250 1769.25 597.58 0.9728 1774.01 580.67 0.9871 1766.16 587.70 0.2507 1809.05 561.90 0.9889 1788.30 578.56 0.0042 1871.80 597.99 0.9963 1823.02 624.55 0.8927 1925.80 572.22 0.9814 1845.74 661.68 0.1346 1975.88 525.51 0.9855 1847.64 684.19 0.1350 1869.92 788.10 0.9933 1839.69 793.06 0.9669 1860.75 911.01 0.9924 1849.52 914.74 0.9706 1903.92 1052.75 0.9514 1894.11 1044.06 0.9329
117 1604.97 540.54 1878.26 1099.85 0.9173 1641.09 605.51 0.9532 1641.80 589.62 0.9699 1639.03 594.37 0.1373 1668.18 571.45 0.9805 1670.17 583.48 0.0089 1721.36 608.09 0.9945 1726.71 623.49 0.9686 1776.52 589.18 0.9489 1779.04 671.27 0.7374 1761.58 593.41 0.9214 1797.40 728.98 0.7865 1711.76 796.56 0.9940 1732.66 796.37 0.9854 1666.57 918.87 0.9960 1712.97 919.81 0.9888 1687.69 1059.16 0.9862 1829.21 1018.70 0.9823
118 1466.60 555.35 1797.29 1096.46 0.9365 1529.56 616.65 0.6387 1531.06 604.34 0.5279 1531.32 606.47 0.0351 1555.66 593.61 0.8484 1571.52 598.46 0.0254 1587.95 618.52 0.9869 1628.51 634.14 0.9844 1549.87 605.27 0.9711 1691.79 689.26 0.9675 1507.39 584.26 0.9743 1756.30 739.67 0.9684 1594.99 799.20 0.9935 1613.07 798.79 0.9929 1615.89 923.33 0.9964 1559.25 897.07 0.9946 1682.77 1051.82 0.9903 1517.65 1000.77 0.9914
119 1399.05 556.46 1564.83 1036.31 0.9323 1449.64 608.76 0.4221 1448.05 598.25 0.5850 1451.78 599.17 0.0278 1460.08 588.58 0.9752 1489.65 589.20 0.1868 1473.86 633.86 0.9983 1531.08 635.78 0.9947 1462.24 711.52 0.9937 1547.55 710.07 0.5660 1428.24 782.30 0.9784 1504.53 751.94 0.2595 1476.32 788.70 0.9977 1521.68 788.15 0.9943 1434.37 878.27 0.9972 1496.75 887.85 0.9908 1480.62 982.64 0.9865 1500.63 997.00 0.9730
120 1293.78 568.33 1503.36 1025.38 0.9264 1360.51 602.51 0.3758 1363.37 594.65 0.4743 1365.84 595.13 0.0351 1375.97 602.24 0.9666 1401.05 601.91 0.2699 1370.33 656.47 0.9979 1430.84 657.36 0.9943 1358.63 731.09 0.9887 1431.24 728.48 0.2688 1332.70 797.91 0.9772 1396.14 771.44 0.1182 1370.24 792.35 0.9981 1416.87 791.34 0.9962 1346.60 882.27 0.9979 1418.15 885.49 0.9948 1349.43 979.19 0.9925 1471.74 964.48 0.9910
121 1226.15 581.92 1396.12 1009.82 0.9240 1286.79 605.87 0.6040 1291.52 599.71 0.6317 1291.95 600.04 0.0734 1303.90 610.38 0.9536 1318.78 610.14 0.1488 1296.14 655.06 0.9967 1340.27 660.15 0.9964 1290.09 722.47 0.9951 1366.39 724.23 0.9831 1254.84 774.96 0.9906 1380.46 779.30 0.9709 1301.00 784.18 0.9985 1324.99 783.97 0.9974 1313.60 880.89 0.9982 1289.76 872.02 0.9961 1344.93 976.99 0.9942 1272.81 950.65 0.9929
122 1172.15 585.30 1340.92 994.01 0.8973 1274.51 616.75 0.2744 1271.66 611.44 0.0256 1273.18 610.18 0.0937 1253.84 617.76 0.2466 1271.88 616.77 0.8149 1265.36 659.34 0.9959 1256.87 660.35 0.9956 1281.41 711.85 0.9366 1234.23 713.82 0.9479 1299.17 751.05 0.8744 1190.51 750.39 0.9218 1263.55 786.63 0.9966 1247.24 786.70 0.9960 1261.76 869.06 0.9985 1235.60 868.46 0.9979 1289.92 958.40 0.9950 1249.68 955.90 0.9926
123 1111.89 578.31 1437.73 994.91 0.9019 1253.88 611.08 0.2181 1254.96 606.57 0.0675 1253.56 605.72 0.0695 1249.36 615.25 0.7621 1258.79 614.85 0.7899 1281.24 645.83 0.9991 1222.93 646.86 0.9986 1342.20 629.96 0.9846 1172.17 627.66 0.9733 1403.50 602.94 0.9485 1140.32 600.78 0.9355 1268.02 778.69 0.9972 1226.60 779.78 0.9968 1270.95 866.24 0.9974 1227.88 864.66 0.9957 1272.05 957.80 0.9875 1245.08 950.96 0.9805
124 1161.61 501.82 1324.27 992.24 0.9269 1227.14 607.48 0.9874 1235.04 600.19 0.9906 1221.08 601.20 0.9338 1252.51 609.11 0.9553 1215.19 612.33 0.1900 1274.54 642.96 0.9975 1208.11 646.98 0.9956 1309.42 589.31 0.9965 1183.35 603.27 0.9882 1304.34 529.11 0.9955 1204.51 554.79 0.9900 1266.86 781.57 0.9979 1216.59 781.13 0.9972 1272.86 873.67 0.9971 1199.30 869.54 0.9960 1272.22 960.17 0.9932 1205.28 956.79 0.9925
125 1130.18 558.27 1270.51 995.08 0.9273 1173.23 623.93 0.9834 1179.85 614.64 0.9896 1166.72 616.87 0.8245 1200.87 612.75 0.9648 1163.01 619.46 0.0499 1227.54 642.02 0.9954 1162.96 650.12 0.9929 1252.98 587.66 0.9819 1141.91 613.16 0.9440 1221.74 567.01 0.9827 1171.08 591.05 0.9503 1213.11 777.85 0.9979 1166.70 780.53 0.9973 1210.68 871.45 0.9969 1172.46 878.49 0.9966 1241.44 946.98 0.9914 1191.11 962.19 0.9908
126 1012.97 499.59 1235.97 1017.52 0.9222 1110.91 623.80 0.9830 1118.10 614.48 0.9913 1105.97 615.95 0.6003 1140.90 613.26 0.9824 1108.11 617.54 0.0081 1164.93 648.22 0.9974 1106.63 649.86 0.9960 1201.46 599.14 0.9977 1064.73 600.70 0.9910 1222.86 536.26 0.9969 1041.08 552.50 0.9915 1155.51 782.12 0.9982 1125.96 782.51 0.9980 1131.70 870.58 0.9986 1151.62 869.68 0.9981 1110.57 973.36 0.9958 1190.13 956.10 0.9964
127 965.85 559.11 1149.83 1025.14 0.9193 1035.07 603.98 0.9881 1043.10 593.99 0.9947 1030.35 595.56 0.7635 1068.82 592.47 0.9849 1032.97 597.31 0.0256 1105.55 644.94 0.9942 1039.37 651.86 0.9889 1137.81 713.61 0.8187 1039.27 724.68 0.9452 1137.01 775.14 0.6482 1016.76 780.03 0.9464 1089.57 795.25 0.9964 1039.95 792.69 0.9950 1091.92 896.10 0.9971 1013.87 883.37 0.9981 1097.12 990.56 0.9898 1022.01 980.94 0.9939
128 865.16 546.24 1076.11 1042.02 0.9287 916.92 583.94 0.9670 925.21 574.30 0.9868 913.75 576.19 0.6007 953.91 577.56 0.9835 921.96 583.14 0.0255 989.51 634.60 0.9963 930.67 644.70 0.9412 1007.42 713.28 0.9926 935.02 728.29 0.2070 962.86 772.31 0.9896 923.61 789.89 0.1914 971.48 800.18 0.9985 923.43 800.33 0.9944 975.85 903.85 0.9972 908.32 901.07 0.9964 1048.46 965.04 0.9878 926.07 1010.04 0.9884
129 677.07 527.97 962.49 1075.64 0.9366 811.64 570.46 0.9937 821.77 559.93 0.9960 807.50 561.83 0.7186 852.22 563.95 0.9871 814.11 569.02 0.0171 890.64 631.03 0.9982 809.32 644.05 0.9985 924.94 717.53 0.9950 781.17 721.10 0.9953 943.32 797.16 0.9920 715.95 751.48 0.9941 865.28 794.73 0.9989 825.84 796.83 0.9985 815.49 907.92 0.9993 867.08 904.98 0.9989 788.18 1027.95 0.9944 920.90 1001.00 0.9944
130 564.56 489.45 799.60 1090.83 0.9398 683.64 534.74 0.9735 694.04 523.26 0.9915 678.80 525.15 0.6979 729.07 526.61 0.9810 688.00 531.55 0.0216 762.01 594.76 0.9891 701.10 603.19 0.9256 766.90 685.45 0.9774 703.50 696.26 0.1772 701.08 748.52 0.9740 686.41 767.24 0.1406 743.85 795.65 0.9966 688.59 790.50 0.9899 752.72 921.52 0.9973 645.69 904.76 0.9954 760.95 1047.54 0.9945 647.72 1040.39 0.9949
131 440.67 452.02 706.37 1123.86 0.9383 519.96 507.26 0.9746 531.47 494.59 0.9862 517.59 495.54 0.3726 570.63 496.29 0.9838 530.75 498.06 0.0095 613.02 570.83 0.9964 543.06 582.16 0.9474 605.79 679.63 0.9921 532.60 692.76 0.7225 556.10 770.32 0.9894 507.63 788.30 0.6908 582.54 782.04 0.9944 526.91 783.82 0.9784 563.64 917.32 0.9955 507.89 921.83 0.9890 669.90 1007.87 0.9866 525.40 1073.28 0.9823
132 142.03 421.07 605.66 1195.55 0.9556 345.33 490.15 0.9804 359.22 473.62 0.9873 341.56 477.26 0.3663 411.40 472.83 0.9755 355.57 480.23 0.0056 467.17 564.60 0.9950 372.50 577.90 0.9899 535.55 678.23 0.9914 316.23 668.49 0.9872 572.74 786.35 0.9916 207.77 684.95 0.9899 414.03 804.88 0.9954 371.00 802.66 0.9935 333.59 947.97 0.9958 432.86 944.14 0.9925 284.84 1137.15 0.9871 523.80 1068.02 0.9893
133 0.97 361.66 316.83 1223.34 0.9140 103.15 452.57 0.9649 109.38 430.44 0.9744 104.17 435.37 0.0781 158.14 417.39 0.9839 148.20 428.96 0.0023 228.43 505.36 0.9962 213.69 508.98 0.9331 252.80 656.50 0.9879 227.23 665.54 0.5729 165.95 777.25 0.9900 140.74 679.35 0.8947 223.38 775.26 0.9687 221.27 771.10 0.9057 177.11 917.72 0.9471 212.70 946.77 0.9217 232.01 1111.22 0.8132 274.56 1151.13 0.8570
134 0.00 382.17 256.68 1250.51 0.8701 16.73 517.69 0.0071 16.99 503.53 0.0042 12.44 501.13 0.0061 6.08 508.18 0.0094 0.00 504.18 0.0148 5.04 582.39 0.0099 1.89 573.04 0.1289 26.70 696.86 0.0089 38.13 690.87 0.1248 37.80 788.44 0.0071 50.03 780.41 0.0225 13.80 741.17 0.0851 23.42 736.38 0.3807 41.47 937.24 0.1581 58.07 928.81 0.7662 183.12 1097.38 0.2500 192.14 1097.47 0.8279
138 0.00 316.83 95.21 1123.36 0.8240 51.35 412.27 0.9145 59.56 398.45 0.2921 42.80 392.72 0.8948 47.14 392.81 0.0021 0.61 377.50 0.2825 4.57 445.85 0.1070 0.00 432.29 0.0552 0.00 492.39 0.0737 0.00 481.87 0.0565 34.16 475.58 0.4001 32.99 468.54 0.7188 0.00 661.48 0.0295 0.00 658.61 0.0185 2.58 840.57 0.0550 3.73 842.47 0.0298 2.18 1030.53 0.0229 8.34 1024.74 0.0117
139 0.38 442.25 446.45 1153.66 0.9595 323.35 512.27 0.9703 321.81 498.06 0.1581 311.33 495.72 0.9816 280.77 497.97 0.0049 262.93 492.59 0.9889 221.28 566.78 0.9828 232.36 561.67 0.9924 137.68 647.42 0.9668 232.89 679.67 0.9851 105.88 743.53 0.9717 303.78 715.19 0.9838 223.49 785.16 0.9943 195.15 787.01 0.9934 315.74 887.77 0.9968 130.63 931.89 0.9913 362.95 1039.32 0.9773 8.52 1076.12 0.9033
140 360.74 460.33 615.14 1089.93 0.9436 516.58 513.23 0.9649 513.82 501.34 0.1427 505.14 502.73 0.9765 486.14 506.99 0.0058 468.11 509.67 0.9862 469.10 582.52 0.9620 445.58 580.05 0.9940 501.77 679.79 0.9240 424.00 686.23 0.9880 564.57 724.32 0.9643 439.24 786.95 0.9925 455.29 778.29 0.9789 463.83 780.04 0.9911 431.83 903.79 0.9939 527.71 892.56 0.9961 396.12 1047.54 0.9873 526.09 1042.79 0.9881
141 507.58 488.04 762.19 1080.38 0.9490 713.53 538.13 0.9637 710.82 526.86 0.1625 701.24 529.44 0.9802 685.07 535.60 0.0058 665.92 541.04 0.9874 667.39 605.23 0.9229 650.01 608.26 0.9939 675.94 701.76 0.7530 635.92 715.50 0.9847 720.27 739.62 0.9353 659.74 814.11 0.9879 664.88 793.77 0.9571 670.08 800.21 0.9885 663.63 898.40 0.9835 713.96 905.78 0.9950 547.04 980.97 0.9847 687.55 1042.18 0.9891
142 660.58 509.48 976.81 1083.27 0.9484 872.42 561.74 0.9691 871.90 551.39 0.2949 860.90 551.67 0.9778 846.31 555.78 0.0126 825.83 555.94 0.9791 811.29 621.48 0.9786 817.92 617.79 0.9925 770.10 707.27 0.9815 858.30 705.41 0.9899 740.15 782.89 0.9847 940.98 721.33 0.9899 826.66 797.52 0.9914 805.59 800.40 0.9949 872.22 899.24 0.9943 775.42 911.24 0.9950 903.81 1022.14 0.9887 695.67 1029.73 0.9873
143 892.80 516.96 1117.11 1067.09 0.9480 1030.37 575.77 0.9855 1033.07 565.14 0.4228 1019.92 564.64 0.9949 1015.03 564.33 0.0048 985.67 564.38 0.9878 989.78 621.48 0.9757 965.62 620.32 0.9916 1006.06 703.89 0.9602 931.72 708.65 0.9902 1052.75 747.55 0.9857 927.44 793.85 0.9929 967.57 787.61 0.9959 972.59 789.11 0.9975 951.38 903.68 0.9992 1033.67 897.78 0.9994 919.01 1022.69 0.9957 1041.49 1028.01 0.9953
144 1012.54 531.77 1224.85 1074.75 0.8987 1200.38 594.83 0.9492 1203.05 583.97 0.0736 1198.51 581.69 0.9646 1166.98 574.01 0.0077 1172.82 570.76 0.9806 1127.69 621.38 0.9387 1134.30 623.04 0.9985 1124.58 722.23 0.0785 1129.32 717.40 0.9960 1155.96 796.19 0.1644 1163.75 804.68 0.9923 1124.51 794.82 0.9720 1136.62 800.08 0.9948 1136.44 905.16 0.9885 1174.98 910.80 0.9989 1049.76 978.05 0.9777 1153.20 1032.68 0.9907
145 1137.19 552.21 1453.65 1075.11 0.9473 1328.75 610.99 0.6361 1325.73 599.68 0.0566 1329.11 599.80 0.6409 1283.77 593.09 0.1048 1315.31 589.54 0.9733 1237.44 642.10 0.9906 1299.98 638.14 0.9963 1204.60 720.36 0.9750 1342.35 715.60 0.9868 1165.27 790.02 0.9711 1417.52 764.58 0.9873 1252.82 796.11 0.9942 1284.12 798.24 0.9961 1311.40 900.02 0.9958 1253.49 912.96 0.9963 1339.78 1013.60 0.9894 1172.65 1016.02 0.9888
146 1319.77 557.45 1551.26 1048.07 0.9366 1439.94 605.48 0.1117 1437.31 596.83 0.0059 1443.02 597.22 0.1374 1396.16 592.73 0.3799 1436.50 597.26 0.9561 1357.27 639.27 0.9926 1416.43 646.39 0.9971 1334.81 713.46 0.7760 1392.82 721.05 0.9912 1358.77 774.77 0.6572 1393.91 803.35 0.9839 1357.38 798.59 0.9976 1406.40 803.57 0.9985 1354.73 900.21 0.9983 1456.53 897.27 0.9987 1344.06 1013.30 0.9903 1494.18 996.26 0.9907
147 1297.50 567.16 1738.05 1031.99 0.9351 1503.94 609.11 0.0722 1501.24 599.46 0.0412 1506.10 601.73 0.0493 1477.37 598.46 0.8746 1520.46 599.89 0.9151 1445.69 643.99 0.9961 1538.93 640.33 0.9975 1389.59 691.69 0.9839 1608.09 670.61 0.9821 1332.66 727.36 0.9809 1679.25 687.11 0.9684 1466.78 784.33 0.9964 1526.21 787.63 0.9970 1469.21 877.82 0.9933 1535.95 890.74 0.9931 1449.82 972.24 0.9894 1528.27 997.70 0.9884
148 1320.87 513.66 1582.73 1024.23 0.9357 1477.46 616.39 0.2195 1478.73 609.08 0.2447 1484.00 609.13 0.0170 1486.81 609.50 0.9416 1518.99 608.26 0.1720 1471.55 647.35 0.9982 1549.60 634.89 0.9985 1405.18 644.65 0.9949 1566.09 581.75 0.9871 1354.64 633.57 0.9807 1533.38 541.33 0.9222 1483.81 777.41 0.9979 1538.99 775.42 0.9978 1487.45 878.22 0.9975 1543.87 876.61 0.9967 1499.25 969.13 0.9894 1539.94 961.48 0.9882
149 1428.65 588.34 1538.65 998.32 0.9022 1446.47 633.36 0.1170 1445.60 625.36 0.1257 1447.69 625.40 0.0176 1445.32 623.19 0.8926 1471.54 621.01 0.4018 1447.54 659.44 0.9978 1497.75 642.38 0.9934 1479.38 713.48 0.9838 1509.65 634.80 0.9551 1515.02 760.93 0.9506 1503.95 637.06 0.9080 1471.29 781.37 0.9953 1503.94 777.47 0.9902 1479.87 873.31 0.9936 1495.43 867.80 0.9803 1505.66 962.98 0.9743 1486.57 949.65 0.9434
150 1386.09 572.54 1493.65 972.15 0.8944 1409.95 646.01 0.6465 1409.35 637.89 0.6621 1411.65 639.61 0.0544 1420.40 629.94 0.9583 1440.46 632.04 0.0982 1432.41 661.76 0.9966 1469.57 652.78 0.9968 1437.67 704.94 0.9911 1473.04 623.61 0.9591 1429.69 751.33 0.9908 1446.98 591.63 0.9293 1441.74 771.94 0.9984 1475.96 773.13 0.9981 1400.56 845.56 0.9982 1458.30 861.40 0.9980 1434.33 911.98 0.9888 1458.89 942.46 0.9885
151 1293.29 598.63 1463.67 964.95 0.9269 1365.27 650.73 0.5619 1368.15 644.55 0.5848 1368.74 644.49 0.0469 1379.54 646.22 0.9238 1395.67 644.68 0.0662 1374.66 674.18 0.9946 1422.21 666.68 0.9947 1341.23 684.88 0.9880 1443.44 641.32 0.9761 1316.32 678.32 0.9769 1447.32 608.85 0.9485 1377.26 780.41 0.9986 1414.57 779.45 0.9982 1360.26 851.46 0.9980 1413.68 853.95 0.9967 1360.61 929.45 0.9942 1441.34 916.53 0.9931
152 1219.87 636.30 1472.10 949.59 0.9261 1343.30 662.58 0.0608 1344.39 657.48 0.0747 1349.76 657.69 0.0093 1347.49 657.73 0.9236 1373.71 658.53 0.4036 1330.98 678.72 0.9980 1392.85 688.67 0.9967 1283.76 680.60 0.9936 1421.80 732.34 0.9922 1242.94 669.53 0.9783 1451.93 770.28 0.9853 1342.21 781.53 0.9988 1377.27 783.42 0.9984 1346.18 853.23 0.9963 1365.67 847.76 0.9951 1358.16 920.04 0.9825 1357.64 910.45 0.9817
153 1263.62 635.78 1426.35 932.01 0.9213 1354.04 662.35 0.0419 1353.40 657.39 0.0363 1358.79 657.72 0.0169 1347.09 657.22 0.8946 1372.97 658.64 0.7193 1328.95 683.75 0.9968 1385.35 688.32 0.9961 1307.91 726.04 0.9896 1397.32 735.90 0.9875 1281.89 761.73 0.9823 1412.79 776.00 0.9806 1333.03 773.26 0.9987 1368.26 775.07 0.9983 1323.39 833.51 0.9981 1358.31 839.97 0.9978 1317.97 895.89 0.9917 1345.51 905.50 0.9905
154 1292.86 641.75 1395.65 918.07 0.9131 1345.38 667.57 0.0201 1343.80 662.88 0.0205 1349.10 662.86 0.0116 1336.82 664.76 0.8796 1362.16 665.40 0.7283 1321.65 695.69 0.9957 1374.87 696.04 0.9958 1311.06 739.20 0.9790 1384.05 737.86 0.9636 1302.61 774.85 0.9481 1381.12 765.12 0.8948 1325.44 775.60 0.9976 1358.50 774.85 0.9970 1332.05 838.11 0.9972 1364.15 832.87 0.9957 1338.71 896.87 0.9882 1353.40 874.30 0.9856
155 1300.20 649.19 1397.03 914.72 0.9151 1347.49 673.31 0.0197 1345.87 669.02 0.0188 1351.77 669.19 0.0093 1341.59 671.41 0.8600 1366.39 672.26 0.6783 1328.92 701.36 0.9963 1379.90 703.07 0.9958 1316.20 740.69 0.9813 1388.15 738.80 0.9062 1307.58 770.36 0.9218 1367.68 746.76 0.5728 1334.21 776.42 0.9946 1365.94 776.35 0.9920 1335.96 834.43 0.9931 1365.85 831.88 0.9863 1340.13 891.95 0.9823 1364.37 884.44 0.9722
156 1316.74 648.31 1393.75 907.22 0.8829 1348.80 670.62 0.0274 1348.21 666.12 0.0301 1353.59 666.08 0.0074 1349.84 668.55 0.7968 1372.47 668.00 0.3454 1347.89 695.91 0.9905 1384.72 696.12 0.9757 1344.10 736.31 0.9719 1387.80 734.45 0.4488 1332.24 772.34 0.9447 1369.54 758.66 0.2317 1353.88 769.74 0.9918 1378.56 769.36 0.9842 1341.65 825.58 0.9930 1368.53 825.79 0.9827 1349.69 882.91 0.9864 1366.26 880.57 0.9774
157 1317.15 652.69 1401.86 903.43 0.8874 1355.00 674.48 0.0145 1353.59 669.85 0.0145 1359.02 669.95 0.0067 1351.56 671.91 0.7884 1374.33 672.09 0.5714 1342.63 697.36 0.9933 1389.16 698.13 0.9920 1329.31 731.27 0.8865 1394.04 725.99 0.6541 1328.58 729.90 0.4395 1370.94 726.86 0.1368 1347.87 768.21 0.9921 1378.42 768.62 0.9906 1341.20 823.55 0.9921 1372.23 825.69 0.9899 1339.86 878.80 0.9886 1365.56 880.02 0.9869
158 1291.80 659.69 1389.24 899.09 0.8752 1346.81 680.59 0.0200 1344.97 676.59 0.0195 1349.85 676.17 0.0105 1341.72 678.81 0.8047 1364.44 678.18 0.6561 1338.26 705.53 0.9939 1377.20 704.86 0.9915 1326.51 735.72 0.9620 1383.27 732.55 0.6601 1307.89 721.62 0.8813 1361.05 729.62 0.2703 1341.14 774.25 0.9930 1367.49 773.70 0.9918 1337.24 825.29 0.9931 1366.10 827.14 0.9928 1338.29 872.83 0.9852 1364.61 878.09 0.9864
159 1286.58 658.68 1374.31 893.46 0.8439 1330.70 680.35 0.0565 1330.11 675.93 0.0726 1333.73 675.58 0.0127 1332.03 677.58 0.8452 1352.19 676.67 0.2934 1334.45 702.67 0.9935 1363.50 702.79 0.9719 1325.88 733.43 0.9748 1357.87 730.80 0.3241 1302.01 723.45 0.9431 1328.52 730.58 0.1916 1336.48 769.17 0.9927 1358.75 768.39 0.9845 1333.15 822.88 0.9951 1356.60 821.61 0.9893 1338.91 875.40 0.9898 1359.34 871.39 0.9855
160 1319.73 668.77 1373.33 891.11 0.4056 1330.01 688.50 0.1357 1330.40 683.76 0.1185 1331.23 683.87 0.0128 1336.58 683.46 0.6059 1343.63 683.35 0.0319 1347.89 703.31 0.9709 1351.28 703.58 0.7071 1349.72 729.29 0.9291 1348.75 726.61 0.0785 1330.10 718.77 0.8178 1334.87 719.93 0.0754 1346.31 767.23 0.9596 1349.47 766.15 0.8631 1337.10 817.43 0.9731 1347.66 817.05 0.8896 1341.47 867.37 0.9468 1350.51 863.88 0.8692
163 1297.08 651.57 1359.72 881.46 0.3236 1344.84 669.76 0.1418 1345.03 664.90 0.0289 1343.37 664.95 0.0551 1336.38 667.94 0.1042 1339.75 668.44 0.2409 1327.37 696.52 0.8782 1334.93 695.75 0.8289 1314.61 733.58 0.5825 1318.47 730.40 0.4131 1305.18 763.33 0.4855 1307.14 761.85 0.3669 1330.82 761.29 0.8668 1334.42 761.41 0.8595 1329.43 813.31 0.9033 1332.59 813.28 0.8930 1331.23 860.42 0.7586 1333.59 859.34 0.7389
