32 2.48 727.68 356.43 1125.14 0.9029 55.37 779.09 0.9910 60.73 765.05 0.9843 37.71 773.59 0.9873 77.75 759.02 0.6219 21.74 781.01 0.5253 111.92 798.76 0.9926 29.93 826.21 0.9915 159.95 860.99 0.9485 78.46 854.90 0.9951 205.03 891.91 0.9215 160.64 819.36 0.9945 180.10 921.62 0.9962 132.09 953.06 0.9960 227.06 959.51 0.9952 169.30 1048.05 0.9704 298.66 1087.32 0.9836 153.79 1111.06 0.8290
33 76.27 707.19 372.11 1149.01 0.3602 119.81 768.99 0.9829 124.57 755.16 0.9843 107.84 762.79 0.9355 145.22 740.64 0.9196 102.45 761.25 0.2748 200.27 765.19 0.9981 111.23 805.50 0.9966 269.62 802.60 0.9925 128.58 868.75 0.9917 314.65 837.61 0.9823 169.60 836.65 0.9850 254.63 898.56 0.9981 200.68 920.80 0.9986 295.53 1001.97 0.9892 275.37 1020.20 0.9934 333.90 1105.42 0.9432 317.39 1115.55 0.9666
34 117.43 686.85 417.99 1151.49 0.9214 185.41 740.82 0.9879 187.11 724.83 0.9709 169.18 735.73 0.9843 200.87 715.86 0.5910 152.28 744.14 0.7689 254.52 752.05 0.9950 157.33 799.42 0.9967 314.58 827.39 0.9813 154.31 887.38 0.9946 311.56 830.71 0.9578 165.18 842.92 0.9897 316.03 900.24 0.9921 255.81 926.16 0.9955 350.42 1005.78 0.9568 325.99 1035.24 0.9814 370.68 1098.85 0.7907 378.98 1125.94 0.8695
35 112.47 668.77 584.56 1134.92 0.9355 272.43 715.46 0.9826 272.98 702.48 0.8704 254.88 712.62 0.9914 275.60 700.61 0.1847 227.23 725.42 0.9577 318.38 742.18 0.9852 216.73 787.15 0.9913 381.73 801.65 0.9824 204.39 873.82 0.9867 381.67 850.96 0.9704 167.17 848.26 0.9840 371.44 890.83 0.9905 308.18 923.73 0.9909 448.30 963.02 0.9857 348.87 1018.29 0.9838 523.24 1063.43 0.9730 388.76 1115.42 0.9637
36 291.08 636.60 605.24 1107.42 0.8794 366.52 690.63 0.9925 367.68 677.22 0.9523 350.98 685.39 0.9949 373.78 672.40 0.2354 327.17 694.37 0.9383 419.87 717.99 0.9985 324.09 757.82 0.9889 469.87 786.93 0.9971 318.91 821.47 0.7624 432.30 833.48 0.9962 309.92 838.28 0.7645 474.22 867.78 0.9977 411.87 892.24 0.9942 518.39 971.83 0.9977 460.58 1006.90 0.9919 538.88 1072.05 0.9729 488.41 1100.02 0.9193
37 344.61 625.47 670.50 1158.77 0.9426 378.19 696.19 0.9849 384.94 681.53 0.9930 367.84 687.11 0.7943 415.74 664.29 0.9809 367.35 679.11 0.0560 478.32 706.13 0.9953 378.04 737.55 0.9746 506.39 796.69 0.9942 398.54 809.99 0.9066 412.56 835.54 0.9916 370.34 813.86 0.9080 524.90 876.90 0.9954 456.50 897.79 0.9919 579.91 975.93 0.9883 516.37 1012.92 0.9879 622.21 1045.96 0.9595 567.69 1101.34 0.9754
38 359.71 614.76 693.49 1138.32 0.9475 402.20 692.81 0.9188 403.01 681.12 0.9599 400.17 682.18 0.1400 432.38 666.97 0.9799 424.30 671.46 0.0065 503.18 706.93 0.9956 458.27 709.20 0.9667 497.82 807.98 0.9922 462.96 764.51 0.9529 430.49 811.19 0.9859 402.30 754.76 0.9712 561.13 865.04 0.9924 509.48 873.48 0.9878 617.41 957.08 0.9855 543.11 991.54 0.9868 668.71 1038.16 0.9779 580.63 1084.20 0.9853
39 339.61 629.42 693.27 1108.14 0.9525 373.23 704.55 0.7058 369.78 695.17 0.7551 373.29 693.60 0.0372 391.39 681.25 0.9596 403.24 680.88 0.0123 473.45 709.36 0.9949 446.41 709.22 0.9634 516.66 800.42 0.9950 456.27 760.25 0.9426 466.27 861.21 0.9907 393.27 748.35 0.9475 547.68 864.25 0.9915 511.55 869.31 0.9841 609.80 959.34 0.9806 556.56 973.37 0.9755 668.13 1038.96 0.9724 597.96 1056.67 0.9822
40 309.07 641.81 693.04 1108.44 0.9450 345.34 722.90 0.8083 341.17 712.62 0.8461 343.67 712.37 0.0540 361.31 693.13 0.9527 364.95 695.84 0.0083 444.89 711.66 0.9958 393.21 718.98 0.9440 511.97 791.05 0.9933 396.25 747.72 0.7786 527.59 885.11 0.9886 373.91 749.34 0.6738 514.78 864.31 0.9954 473.36 876.88 0.9870 590.42 949.90 0.9862 536.85 971.74 0.9777 662.29 1036.17 0.9778 599.04 1057.19 0.9844
41 293.14 648.23 693.14 1110.71 0.9427 332.44 731.36 0.9052 328.71 719.91 0.9232 328.65 721.11 0.1142 348.50 697.92 0.9518 346.07 704.55 0.0098 436.24 712.81 0.9972 380.03 736.20 0.9071 498.02 797.22 0.9939 426.35 798.09 0.3682 505.12 893.13 0.9896 433.69 856.10 0.2316 510.93 866.65 0.9960 465.07 882.63 0.9805 588.03 952.86 0.9885 534.05 976.56 0.9729 661.14 1037.15 0.9789 603.21 1061.35 0.9820
42 271.95 654.97 623.58 1174.62 0.9425 308.83 736.80 0.9658 309.78 722.67 0.9855 301.76 728.43 0.2380 342.02 699.40 0.9858 317.52 715.72 0.0047 418.78 724.11 0.9934 368.11 749.06 0.9705 499.02 791.88 0.9910 392.75 813.85 0.9632 531.73 876.35 0.9913 330.33 832.20 0.9694 485.65 882.01 0.9911 459.62 890.31 0.9867 516.72 1000.48 0.9835 520.85 974.54 0.9794 565.79 1112.21 0.9639 590.76 1049.22 0.9840
43 15.10 655.99 596.92 1230.97 0.9431 270.94 725.82 0.9853 278.41 708.35 0.9958 258.91 719.45 0.8186 315.67 694.03 0.9869 260.14 720.38 0.0400 385.96 739.31 0.9909 271.88 773.07 0.9897 482.15 728.58 0.9917 186.36 784.45 0.9906 561.34 701.70 0.9854 88.22 785.93 0.9855 438.11 928.55 0.9952 372.49 943.06 0.9956 469.07 1050.31 0.9865 411.42 1051.40 0.9796 499.26 1163.31 0.9710 510.90 1050.29 0.9821
44 2.18 548.07 533.31 1364.46 0.9530 248.63 725.18 0.9903 252.09 708.51 0.9642 224.44 722.57 0.9961 269.62 712.19 0.4128 202.22 747.35 0.9611 339.11 750.73 0.9905 194.65 809.13 0.9938 416.60 681.54 0.9832 65.49 763.68 0.8988 477.89 607.28 0.9530 0.34 722.09 0.2485 406.95 970.18 0.9916 321.82 1009.45 0.9910 467.09 1091.16 0.9871 372.23 1159.88 0.9891 492.31 1177.51 0.9400 416.24 1294.80 0.9349
45 1.64 591.68 596.89 1373.57 0.9466 230.90 731.48 0.9841 226.41 716.38 0.5685 204.84 729.56 0.9936 226.34 728.59 0.0131 166.08 763.90 0.9808 287.09 778.43 0.9904 152.28 842.52 0.9954 347.33 708.91 0.9824 32.36 790.15 0.8450 384.19 642.21 0.9195 5.00 737.23 0.1594 387.25 1016.14 0.9963 302.44 1060.04 0.9956 480.70 1138.65 0.9925 366.11 1210.90 0.9877 505.24 1265.80 0.9779 417.85 1312.25 0.9624
46 1.62 651.83 698.68 1379.57 0.9316 329.65 731.30 0.9818 323.03 714.42 0.5232 300.29 729.05 0.9945 315.99 723.60 0.0108 254.04 763.43 0.9905 375.04 774.93 0.9832 249.37 856.61 0.9977 432.30 722.70 0.9130 132.09 891.33 0.9831 465.82 681.62 0.6459 30.67 896.36 0.9549 487.81 1025.42 0.9944 406.34 1066.67 0.9968 555.11 1178.88 0.9921 467.33 1221.14 0.9920 592.35 1326.39 0.9786 426.75 1299.24 0.9775
47 350.46 661.84 891.76 1453.46 0.9447 516.57 736.62 0.9833 509.71 716.56 0.4601 492.18 728.21 0.9942 491.30 721.02 0.0077 434.94 751.28 0.9905 518.17 811.02 0.9415 399.69 872.20 0.9958 574.48 928.86 0.3122 415.81 1016.01 0.9886 619.45 1045.29 0.3353 473.70 1122.72 0.9913 604.82 1061.49 0.9872 558.03 1099.80 0.9952 602.64 1197.67 0.9926 690.27 1236.99 0.9953 598.27 1331.84 0.9915 786.70 1392.57 0.9866
48 531.02 590.05 1011.06 1457.14 0.9464 717.67 680.38 0.9566 711.57 660.98 0.2169 700.02 665.18 0.9867 680.44 667.83 0.0057 641.13 680.24 0.9910 681.14 772.58 0.9462 588.22 825.52 0.9974 713.31 907.67 0.1856 577.60 993.42 0.9892 768.68 1019.20 0.1013 639.60 1115.59 0.9854 801.15 1031.82 0.9886 731.74 1081.06 0.9953 899.27 1146.28 0.9949 782.11 1251.25 0.9929 909.07 1295.51 0.9915 802.54 1396.58 0.9520
49 779.65 522.81 1234.08 1432.23 0.9350 985.61 620.16 0.9488 977.03 599.71 0.1095 969.50 602.92 0.9821 929.48 604.41 0.0035 908.42 613.93 0.9921 904.73 699.57 0.9040 860.99 740.30 0.9957 882.32 810.18 0.1039 834.13 845.52 0.9438 875.58 914.66 0.0769 808.78 969.82 0.8904 1039.33 992.43 0.9843 994.18 1028.25 0.9953 1105.86 1138.69 0.9949 1071.95 1195.67 0.9951 1128.96 1307.81 0.9948 927.40 1316.88 0.9896
50 1043.08 178.03 1604.61 1349.23 0.8984 1237.22 519.14 0.8575 1228.29 502.74 0.0768 1216.28 502.64 0.7063 1184.23 530.45 0.0094 1163.87 535.69 0.7359 1151.76 633.34 0.9594 1145.13 647.74 0.9931 1187.61 465.16 0.7532 1205.46 481.92 0.9794 1186.06 309.26 0.6734 1215.45 322.82 0.9808 1194.47 957.11 0.9851 1248.65 971.21 0.9933 1196.12 1107.43 0.9937 1391.39 1094.95 0.9961 1141.89 1280.49 0.9921 1462.27 1253.86 0.9931
51 1297.70 201.42 1680.40 1306.62 0.9031 1496.19 406.06 0.3283 1474.98 391.41 0.0090 1488.74 390.18 0.2344 1399.03 409.29 0.0239 1451.02 411.55 0.8701 1409.09 514.28 0.9939 1384.49 541.31 0.9971 1519.61 334.78 0.8896 1484.22 381.61 0.9659 1453.44 238.67 0.7375 1435.46 276.50 0.9329 1518.87 852.56 0.9916 1473.36 887.69 0.9935 1583.57 986.06 0.9943 1516.53 1068.65 0.9905 1577.52 1144.56 0.9947 1480.86 1239.23 0.9825
52 1515.46 240.43 1928.61 1253.55 0.9130 1806.09 366.18 0.2228 1789.03 348.45 0.0097 1796.42 346.28 0.0789 1712.73 360.90 0.0685 1757.91 361.23 0.7551 1694.70 461.33 0.9793 1706.41 488.01 0.9953 1746.84 276.75 0.7210 1636.42 461.90 0.9142 1614.55 289.37 0.9022 1663.47 365.69 0.9622 1709.64 784.29 0.9901 1770.55 801.05 0.9939 1786.10 961.81 0.9938 1871.59 983.43 0.9952 1788.40 1141.69 0.9901 1701.17 1121.75 0.9929
53 1750.34 219.83 2046.46 1169.60 0.9547 2034.26 315.73 0.0090 2024.08 297.26 0.0094 2039.35 300.06 0.0028 1969.08 306.44 0.2742 2044.75 308.45 0.0995 1890.81 414.99 0.9892 2048.00 411.70 0.0431 1776.65 393.77 0.9899 2022.00 366.41 0.0075 1860.50 335.29 0.9755 1999.86 317.03 0.0488 1911.77 740.10 0.9917 2027.76 745.35 0.4047 1905.26 912.82 0.9888 2046.90 922.59 0.0684 1815.18 1102.66 0.9478 1987.95 1088.14 0.0505
54 1879.61 273.65 2047.43 1081.95 0.6147 2036.30 422.42 0.0072 2034.12 407.17 0.0102 2037.58 411.79 0.0034 2043.51 395.53 0.0156 2041.83 404.05 0.0030 2048.00 438.96 0.0267 2048.00 438.03 0.0048 2013.55 538.48 0.7859 2007.89 534.33 0.2401 1935.54 632.43 0.7079 1932.69 636.99 0.3173 2048.00 649.49 0.0197 2048.00 643.83 0.0076 2032.67 803.40 0.0520 2037.29 800.29 0.0122 2025.46 978.37 0.0481 2022.46 964.08 0.0203
86 894.74 720.71 1932.93 1488.05 0.9425 1133.25 1069.66 0.3027 1155.69 1053.37 0.4742 1200.03 1015.00 0.0019 1280.06 1142.33 0.9979 1453.58 1035.65 0.0197 1472.25 1496.27 0.4969 1708.60 1166.35 0.9894 1395.32 1472.53 0.0004 1223.20 1053.12 0.8808 1235.88 1298.15 0.0010 1035.05 842.47 0.8312 1670.65 1500.00 0.0004 1834.14 1419.70 0.0168 1401.26 1386.35 0.0008 1461.20 1193.52 0.0135 1491.15 1410.82 0.0005 1488.12 1297.28 0.0031
87 579.95 725.65 1281.94 1487.43 0.9273 726.07 978.25 0.0044 721.15 954.23 0.0180 764.44 929.93 0.0006 740.89 975.91 0.9933 931.47 907.11 0.6274 741.30 1350.01 0.9867 1153.57 1053.00 0.9884 638.80 1500.00 0.0299 1154.39 1186.31 0.0527 541.83 1479.51 0.0219 967.93 1165.26 0.0049 909.83 1500.00 0.0025 1186.15 1438.18 0.0050 728.28 1390.85 0.0021 991.58 1283.84 0.0035 833.82 1483.22 0.0009 1006.73 1426.18 0.0012
88 75.00 399.43 1021.02 1490.06 0.9304 533.19 832.70 0.0056 533.91 821.42 0.0087 560.46 794.31 0.0010 528.40 852.44 0.9546 675.03 787.51 0.6580 552.48 1011.09 0.9977 806.84 907.49 0.9961 293.64 805.91 0.9895 891.40 697.74 0.9675 157.36 553.75 0.9064 894.37 572.57 0.7820 804.36 1476.79 0.8998 958.83 1428.09 0.9432 783.68 1500.00 0.0128 942.16 1482.06 0.0327 776.90 1500.00 0.0012 945.12 1500.00 0.0032
89 199.18 529.74 945.73 1488.65 0.9553 407.78 824.39 0.0200 404.39 819.07 0.0088 430.98 799.58 0.0030 401.03 846.11 0.8155 522.46 798.63 0.5779 421.13 969.49 0.9953 602.98 889.16 0.9969 274.85 779.02 0.9899 507.15 720.41 0.9774 356.04 609.83 0.9584 401.44 637.42 0.9462 607.43 1333.39 0.9863 757.05 1299.69 0.9959 655.85 1494.04 0.3443 839.73 1437.79 0.8720 709.36 1500.00 0.0028 895.26 1500.00 0.0381
90 2.09 515.56 707.99 1492.42 0.9407 313.61 807.72 0.0087 309.84 799.91 0.0071 329.30 783.15 0.0020 289.82 818.17 0.9452 399.94 777.87 0.8163 285.10 936.08 0.9956 482.24 867.28 0.9974 106.69 828.27 0.9380 500.19 707.33 0.9778 0.00 706.66 0.4320 454.53 575.37 0.9521 468.70 1269.00 0.9727 591.80 1237.01 0.9920 587.33 1433.22 0.8626 641.14 1333.45 0.9821 669.21 1500.00 0.0990 671.27 1447.69 0.5862
91 172.83 695.81 644.60 1481.19 0.9392 278.00 797.71 0.0066 273.05 787.02 0.0137 294.00 774.30 0.0055 252.63 797.86 0.9652 345.72 764.21 0.9002 238.93 915.04 0.9971 429.92 831.85 0.9900 250.15 1064.58 0.9817 461.64 896.28 0.4169 263.81 1130.08 0.8903 357.78 973.93 0.0724 401.86 1159.92 0.9969 516.65 1120.08 0.9953 438.64 1314.36 0.9841 558.89 1261.72 0.9909 545.42 1445.63 0.9121 610.54 1407.46 0.9759
92 111.95 727.58 645.90 1460.03 0.9552 191.86 816.51 0.0084 185.46 807.17 0.0129 201.63 794.17 0.0093 159.01 813.71 0.9431 239.39 781.31 0.9321 171.36 897.92 0.9953 313.29 829.75 0.9938 212.88 1006.01 0.9921 420.38 894.25 0.9856 267.09 1123.95 0.9795 533.42 993.68 0.9634 324.73 1112.73 0.9973 418.32 1085.84 0.9977 366.03 1255.22 0.9901 501.14 1231.45 0.9962 424.39 1385.29 0.9673 591.25 1391.40 0.9876
93 27.79 727.24 474.24 1417.87 0.9483 157.14 809.18 0.0113 148.41 799.16 0.0142 165.38 789.14 0.0211 103.66 805.89 0.9292 184.53 779.02 0.9692 77.87 899.16 0.9939 242.33 828.52 0.9933 104.19 1037.00 0.9894 323.55 913.50 0.9824 130.37 1163.47 0.9833 400.84 1018.80 0.9778 227.56 1102.24 0.9969 326.47 1069.03 0.9971 320.75 1245.48 0.9872 382.59 1166.73 0.9924 417.31 1368.24 0.9602 419.38 1283.67 0.9866
94 61.56 705.79 412.48 1388.94 0.9352 219.75 782.35 0.1024 206.62 770.75 0.0177 217.28 770.20 0.1342 143.62 770.35 0.4025 202.84 769.95 0.9467 108.56 849.74 0.9773 243.53 839.70 0.9968 149.76 867.24 0.6565 251.72 956.76 0.9755 197.56 835.69 0.6350 163.71 1024.10 0.9630 184.57 1047.09 0.9883 280.94 1034.57 0.9965 252.53 1175.44 0.9822 339.11 1153.12 0.9953 327.91 1291.05 0.9627 360.81 1272.04 0.9864
95 105.09 635.55 410.18 1320.91 0.9356 225.83 767.39 0.8953 220.32 755.61 0.0901 218.32 755.78 0.9139 183.66 756.60 0.0099 185.77 758.28 0.9574 171.50 802.77 0.9752 163.93 838.51 0.9958 243.64 738.19 0.9765 145.11 953.76 0.9702 216.82 677.96 0.9689 125.34 975.22 0.8608 228.52 1004.41 0.9771 235.26 1020.95 0.9920 298.50 1106.32 0.9487 319.34 1123.59 0.9906 324.71 1231.92 0.9059 340.91 1268.00 0.9762
96 118.73 648.21 487.41 1249.27 0.9468 240.41 744.19 0.9606 237.35 732.41 0.1794 230.27 733.34 0.9742 210.93 737.37 0.0086 194.92 739.89 0.9819 208.82 790.32 0.9790 174.57 812.05 0.9943 295.34 751.33 0.9822 143.26 930.46 0.9811 343.47 691.93 0.9736 168.83 980.78 0.9751 230.05 984.01 0.9836 244.87 988.24 0.9911 282.64 1081.31 0.9862 366.57 1039.51 0.9947 303.51 1206.79 0.9626 409.87 1161.94 0.9866
97 250.28 649.81 570.68 1211.36 0.9441 349.04 695.64 0.9483 342.48 684.93 0.1168 338.76 688.89 0.9727 310.69 695.60 0.0100 308.92 704.49 0.9882 303.80 756.35 0.9442 310.64 766.01 0.9925 368.52 832.78 0.9325 305.32 874.41 0.9830 436.39 868.48 0.9671 311.77 970.83 0.9883 351.01 927.23 0.9758 372.90 928.50 0.9897 378.24 1037.26 0.9905 459.60 995.72 0.9948 331.48 1169.51 0.9749 499.13 1110.52 0.9862
98 351.77 612.84 661.84 1134.83 0.9443 441.57 649.42 0.8444 435.66 642.29 0.0946 433.21 642.37 0.8869 399.62 655.15 0.0324 413.01 654.72 0.9793 380.70 725.58 0.9852 430.37 714.34 0.9953 377.13 815.98 0.9735 520.49 749.95 0.9922 374.93 896.69 0.9643 588.67 719.36 0.9796 455.84 865.85 0.9913 472.56 874.97 0.9946 541.33 926.62 0.9870 504.10 983.67 0.9920 614.13 991.91 0.9866 498.64 1099.38 0.9813
99 470.03 570.83 704.76 1025.78 0.9386 543.90 603.81 0.7989 539.78 596.87 0.0699 537.21 596.24 0.8889 506.64 609.26 0.0364 517.76 610.71 0.9770 492.43 670.74 0.9454 535.96 674.11 0.9980 545.33 724.06 0.1260 597.78 739.51 0.9952 607.14 743.13 0.1380 667.31 772.60 0.9834 553.28 805.02 0.9831 587.31 807.58 0.9965 620.84 877.07 0.9683 661.01 873.45 0.9964 641.61 979.95 0.9482 648.56 981.46 0.9865
100 568.48 524.00 849.57 1000.08 0.9230 659.48 567.84 0.7153 654.12 561.80 0.0258 655.12 561.11 0.6587 628.69 572.24 0.0207 643.71 573.91 0.9357 631.23 619.34 0.9923 641.74 632.53 0.9983 680.93 612.95 0.9776 621.13 700.64 0.9960 697.67 561.75 0.9940 591.76 770.11 0.9959 670.05 769.31 0.9960 696.53 770.17 0.9978 695.07 849.37 0.9982 772.39 823.70 0.9990 659.05 954.64 0.9863 799.92 915.80 0.9920
101 683.95 490.05 906.98 934.80 0.9140 751.56 538.54 0.6710 747.92 531.73 0.0475 747.69 531.66 0.7978 717.75 536.46 0.0442 730.74 539.37 0.9737 703.01 578.66 0.9371 734.28 590.44 0.9967 735.65 598.01 0.1215 783.15 644.60 0.9913 776.15 601.22 0.1976 842.61 685.88 0.9835 759.34 709.71 0.9825 772.04 718.54 0.9958 818.31 780.80 0.9858 798.93 801.18 0.9986 860.78 835.38 0.9849 799.32 901.25 0.9941
102 760.57 434.70 950.84 860.35 0.9292 833.26 511.44 0.4697 829.02 504.82 0.0172 830.33 503.98 0.5038 792.11 508.47 0.0452 817.49 508.34 0.9487 776.04 547.76 0.9758 820.04 544.72 0.9986 812.88 517.25 0.5039 878.65 514.80 0.9938 858.83 478.31 0.5727 920.00 463.00 0.9717 820.30 674.34 0.9888 855.31 674.27 0.9975 871.80 738.75 0.9621 912.92 732.35 0.9938 888.25 821.22 0.9444 903.08 821.79 0.9825
103 837.23 387.50 1049.41 846.12 0.9230 903.48 478.49 0.0746 898.56 474.15 0.0087 902.75 472.25 0.0622 868.69 482.37 0.1153 900.94 479.15 0.7071 862.61 520.63 0.9614 902.00 510.37 0.9929 885.54 482.79 0.7469 927.91 490.96 0.9825 907.71 442.50 0.7896 946.04 460.63 0.9597 902.22 637.88 0.9979 939.93 632.25 0.9990 926.86 723.11 0.9978 982.85 699.24 0.9989 912.39 810.79 0.9940 1003.19 777.20 0.9970
104 904.27 354.29 1048.16 801.85 0.9131 955.35 454.65 0.0306 950.70 451.88 0.0066 954.13 449.03 0.0301 924.87 465.32 0.2998 953.42 459.36 0.8143 917.08 511.45 0.9618 961.75 487.53 0.9964 933.11 514.96 0.1987 974.31 428.54 0.9814 952.06 480.29 0.1105 954.90 389.01 0.9181 959.75 610.15 0.9816 987.16 607.14 0.9950 1000.01 683.31 0.9413 1001.73 684.48 0.9874 1010.87 757.02 0.9216 1004.33 764.21 0.9658
105 951.37 410.58 1107.16 741.46 0.9255 1004.14 440.88 0.2495 999.67 435.79 0.0219 1001.34 433.75 0.3438 970.98 442.55 0.1261 994.15 438.95 0.9595 961.85 485.35 0.9712 1008.50 474.48 0.9970 993.01 509.36 0.1642 1049.82 496.62 0.9742 1039.76 502.73 0.0968 1075.03 496.61 0.8789 996.40 583.44 0.9901 1031.61 579.37 0.9972 1026.35 645.53 0.9821 1072.22 636.68 0.9958 1039.27 712.89 0.9799 1070.74 706.65 0.9908
106 1024.91 393.60 1182.90 733.67 0.9193 1084.82 420.45 0.8227 1081.53 414.53 0.0864 1079.69 415.07 0.8652 1057.43 419.51 0.0309 1063.72 423.28 0.9622 1042.75 458.90 0.9469 1068.32 465.56 0.9945 1050.29 509.43 0.1316 1072.02 524.56 0.9857 1074.97 544.16 0.1538 1085.11 576.38 0.9768 1074.98 558.02 0.9863 1097.05 559.95 0.9947 1091.12 623.84 0.9929 1128.68 617.37 0.9976 1058.71 687.56 0.9924 1137.36 687.67 0.9946
107 1062.19 370.87 1266.39 706.98 0.9155 1153.42 402.66 0.9670 1153.65 395.60 0.3076 1146.41 397.55 0.9835 1144.06 397.69 0.0068 1126.09 403.53 0.9833 1136.16 421.32 0.9614 1112.66 438.35 0.9960 1142.05 423.56 0.2019 1085.35 484.00 0.9940 1149.11 411.43 0.1611 1076.63 532.93 0.9910 1160.36 531.95 0.9920 1138.57 542.16 0.9966 1184.66 581.53 0.9931 1148.27 608.61 0.9973 1217.39 641.23 0.9940 1142.35 679.73 0.9925
108 1152.13 353.32 1292.67 680.93 0.9250 1214.28 386.57 0.9870 1216.20 378.83 0.8151 1205.76 381.23 0.9922 1216.09 378.57 0.0417 1187.66 384.57 0.9747 1226.99 410.25 0.9885 1175.65 424.78 0.9917 1245.58 458.13 0.9401 1164.34 475.91 0.9867 1264.13 494.95 0.9518 1175.63 525.19 0.9894 1244.06 505.30 0.9924 1214.82 512.92 0.9948 1258.24 574.30 0.9958 1257.58 577.34 0.9977 1252.61 641.50 0.9904 1217.85 636.80 0.9930
109 1202.56 337.44 1414.11 671.26 0.9379 1290.52 371.01 0.9848 1292.03 363.16 0.7001 1281.95 365.65 0.9906 1291.39 363.70 0.0315 1262.24 369.84 0.9788 1304.87 399.05 0.9946 1251.31 411.83 0.9949 1339.63 429.85 0.9933 1226.48 459.90 0.9952 1383.99 425.13 0.9933 1214.11 509.17 0.9952 1316.91 503.56 0.9967 1293.58 509.22 0.9971 1301.92 571.68 0.9981 1338.75 572.65 0.9985 1265.04 632.09 0.9932 1363.82 645.13 0.9927
110 1315.97 310.54 1519.41 672.19 0.9242 1376.14 345.33 0.9669 1377.49 337.18 0.5861 1366.75 339.59 0.9799 1374.62 339.13 0.0262 1343.93 344.85 0.9683 1380.09 376.52 0.9539 1334.70 383.46 0.9960 1409.68 412.23 0.2131 1374.52 383.91 0.9914 1430.29 434.95 0.1851 1429.37 364.86 0.9855 1403.64 488.35 0.9909 1365.55 498.17 0.9967 1437.53 555.53 0.9948 1373.24 571.21 0.9976 1469.60 624.76 0.9909 1370.46 642.00 0.9905
111 1409.34 272.84 1545.90 662.94 0.8877 1481.41 322.04 0.9769 1482.09 312.90 0.4849 1472.61 315.03 0.9804 1476.14 315.57 0.0101 1451.34 320.63 0.9527 1476.09 356.41 0.9684 1441.18 357.23 0.9919 1465.58 375.04 0.1673 1432.07 338.12 0.8895 1448.63 382.74 0.1889 1431.78 314.92 0.8853 1505.94 462.54 0.9893 1479.88 467.05 0.9941 1517.42 544.08 0.9932 1515.17 550.96 0.9963 1499.03 617.99 0.9762 1475.43 612.17 0.9772
112 1504.47 264.75 1701.04 666.18 0.9242 1588.97 309.68 0.9806 1589.61 301.96 0.4354 1580.43 302.04 0.9836 1579.53 306.66 0.0077 1555.19 306.52 0.9688 1583.29 350.20 0.9692 1538.86 344.50 0.9888 1581.29 383.06 0.1999 1531.85 333.95 0.9010 1572.36 391.04 0.2304 1544.16 302.10 0.8888 1605.93 460.17 0.9924 1585.91 462.15 0.9960 1599.65 545.84 0.9972 1640.68 543.31 0.9990 1532.85 613.89 0.9909 1647.91 631.97 0.9934
113 1611.72 115.28 1854.80 667.43 0.9143 1695.69 280.56 0.9394 1695.61 273.12 0.2247 1689.32 273.64 0.8991 1686.47 272.37 0.0067 1664.91 272.68 0.8120 1678.85 318.79 0.8603 1643.13 306.57 0.9950 1690.31 369.91 0.0764 1659.12 233.72 0.9951 1708.03 394.54 0.0740 1695.23 167.57 0.9902 1709.53 442.46 0.9891 1673.32 449.66 0.9972 1741.53 529.79 0.9938 1668.31 550.09 0.9981 1787.21 611.88 0.9818 1651.47 630.58 0.9848
114 1698.59 202.98 2016.59 662.56 0.9166 1805.78 256.90 0.9770 1808.99 246.61 0.5456 1795.02 247.99 0.9896 1804.97 246.14 0.0092 1764.47 248.99 0.9923 1809.28 291.16 0.9973 1733.74 303.32 0.9959 1882.72 313.01 0.9933 1744.54 379.33 0.9952 1960.73 326.04 0.9891 1802.73 434.10 0.9943 1806.50 423.19 0.9949 1761.18 431.23 0.9955 1825.67 509.55 0.9971 1820.02 517.74 0.9983 1812.67 605.59 0.9853 1773.90 608.70 0.9880
115 1638.30 101.87 2047.23 687.25 0.9425 1871.22 260.46 0.9816 1877.61 247.57 0.8765 1857.12 253.62 0.9882 1883.86 237.53 0.1674 1828.24 250.33 0.9439 1904.70 251.42 0.9888 1794.66 299.40 0.9919 1982.31 193.93 0.9613 1733.67 353.30 0.9896 2048.00 135.07 0.7436 1678.04 405.99 0.9856 1888.52 427.83 0.9875 1836.14 441.78 0.9891 1856.49 520.49 0.9852 1890.77 536.06 0.9898 1811.76 610.00 0.9794 1929.59 640.91 0.9797
116 1691.01 160.36 2047.32 697.43 0.9420 1942.70 244.66 0.9713 1950.89 229.65 0.9479 1926.90 236.18 0.9862 1961.45 216.79 0.3616 1898.61 231.21 0.9274 1984.49 236.35 0.9314 1864.36 284.00 0.9926 2048.00 199.19 0.2371 1799.38 359.34 0.9835 2048.00 199.84 0.0286 1735.44 416.68 0.9808 1990.77 425.49 0.9543 1908.56 447.78 0.9907 2046.01 511.00 0.6985 1924.91 548.74 0.9613 2019.70 600.25 0.7206 1937.93 648.95 0.9358
117 1747.53 160.01 2046.71 705.94 0.9387 2048.00 239.77 0.1025 2048.00 225.62 0.0083 2044.13 229.23 0.2428 2042.70 215.82 0.0080 2029.38 221.88 0.7740 2041.53 267.89 0.0407 1993.99 279.31 0.9820 1974.47 346.92 0.0069 1891.52 343.09 0.9833 1925.10 396.72 0.0108 1799.79 390.28 0.9588 2048.00 455.46 0.0557 2023.16 461.67 0.8743 2020.62 571.82 0.0375 2012.26 570.22 0.8639 1969.75 644.71 0.1604 1952.73 653.41 0.9124
118 1844.13 167.73 2046.99 788.46 0.8419 2038.76 234.65 0.1027 2039.17 222.36 0.0407 2041.37 223.74 0.0513 2035.40 219.80 0.1096 2044.71 219.86 0.1453 2027.94 275.01 0.2911 2025.45 278.61 0.6354 1968.10 348.20 0.5562 1966.09 344.85 0.8005 1900.16 394.46 0.5860 1894.77 394.35 0.8118 2043.57 477.83 0.1816 2042.69 479.12 0.4591 2027.58 617.00 0.2139 2024.06 615.47 0.5812 2004.32 742.01 0.3494 1996.45 743.92 0.7373
119 1812.92 171.87 2046.83 852.50 0.9337 1944.56 274.19 0.9789 1957.15 252.54 0.9959 1925.42 261.84 0.9507 1997.50 227.38 0.9643 1911.59 250.19 0.1796 2047.43 298.28 0.3101 1903.10 327.09 0.9841 2048.00 403.00 0.0151 1883.23 431.68 0.9799 2032.79 503.90 0.0455 1848.92 530.04 0.9747 2036.89 532.34 0.5701 1939.37 544.09 0.9770 2045.23 669.26 0.3425 1946.41 678.34 0.9619 2047.89 778.04 0.3406 1972.05 790.96 0.9343
120 1773.39 199.31 2047.28 972.48 0.9491 1884.66 274.88 0.9884 1903.58 255.52 0.9971 1866.22 260.87 0.9837 1941.33 261.65 0.9770 1848.32 272.54 0.6124 1999.60 352.25 0.9688 1823.86 369.03 0.9885 2040.63 467.40 0.5629 1792.33 484.80 0.9909 2043.72 574.37 0.3090 1843.13 546.99 0.9907 1955.15 592.45 0.9906 1853.57 594.82 0.9920 1920.78 743.74 0.9901 1896.44 719.76 0.9725 1896.44 885.87 0.9725 1959.09 777.45 0.9502
121 1664.73 215.80 2025.10 1017.16 0.9347 1823.57 264.39 0.9906 1840.90 250.07 0.9888 1801.88 258.29 0.9910 1872.83 276.94 0.9225 1779.20 294.81 0.9244 1940.99 369.33 0.9931 1752.14 402.90 0.9926 1986.91 494.71 0.9888 1728.74 513.98 0.9906 1984.56 612.94 0.9854 1696.92 608.47 0.9908 1915.12 639.95 0.9908 1796.47 646.67 0.9913 1911.73 801.10 0.9832 1781.28 799.62 0.9840 1889.80 900.71 0.9721 1763.33 944.21 0.9734
122 1612.69 248.20 2029.13 1105.22 0.9449 1758.49 275.63 0.9704 1756.26 264.19 0.3808 1729.15 279.85 0.9859 1759.66 297.31 0.0385 1698.27 337.01 0.9903 1832.95 401.46 0.9935 1682.36 446.75 0.9954 1884.39 506.94 0.9904 1645.89 600.29 0.9879 1957.80 590.08 0.9828 1641.98 730.94 0.9882 1846.23 679.70 0.9940 1742.49 702.68 0.9943 1874.95 815.78 0.9913 1755.30 875.45 0.9911 1829.07 926.43 0.9901 1755.63 1014.12 0.9809
123 1567.86 231.05 1897.84 1104.63 0.9092 1760.36 270.72 0.9622 1751.21 258.82 0.4213 1731.22 277.35 0.9884 1745.62 290.03 0.0284 1708.26 336.33 0.9886 1803.85 386.45 0.9528 1718.70 412.27 0.9973 1813.04 341.50 0.3925 1658.59 415.63 0.9924 1794.62 284.81 0.3734 1613.45 373.49 0.9958 1837.17 669.01 0.9741 1766.08 680.03 0.9944 1822.24 839.31 0.9825 1768.36 858.98 0.9914 1811.51 983.03 0.9871 1753.89 1016.69 0.9847
124 1671.96 36.07 1954.22 1125.01 0.8943 1866.97 280.84 0.9573 1850.89 265.54 0.0968 1842.44 273.35 0.9364 1811.17 287.20 0.0020 1790.49 311.35 0.9203 1818.39 377.11 0.9753 1768.71 410.96 0.9936 1830.60 232.58 0.9268 1766.52 290.15 0.9835 1824.58 110.98 0.9416 1763.09 129.20 0.9834 1818.95 668.85 0.9851 1815.57 688.47 0.9922 1806.60 820.09 0.9951 1911.34 848.36 0.9956 1789.56 969.90 0.9935 1838.42 998.58 0.9895
125 1766.92 192.29 2047.35 1148.81 0.9383 2041.93 316.66 0.8536 2036.49 295.91 0.0281 2027.11 294.70 0.8794 1990.15 295.54 0.0010 1961.88 292.50 0.9621 1963.32 398.18 0.9508 1890.57 387.64 0.9887 1983.64 262.60 0.3930 1847.98 254.97 0.9051 1949.18 216.13 0.3122 1879.29 244.79 0.7409 1946.89 694.97 0.9720 1918.80 706.25 0.9875 1952.58 844.65 0.9847 1986.55 887.68 0.9852 1850.12 956.29 0.9933 1913.79 1048.25 0.9801
126 1868.56 258.01 2047.04 1161.79 0.8583 2042.07 366.37 0.0052 2039.79 349.16 0.0037 2041.91 351.05 0.0018 2043.17 346.02 0.0073 2044.80 348.63 0.0051 2047.37 399.32 0.0236 2043.26 403.01 0.0511 2019.42 429.14 0.0867 2014.75 435.95 0.1359 2039.61 472.14 0.0230 2038.81 478.58 0.0254 2039.67 674.85 0.0715 2039.23 676.26 0.2815 2024.29 896.52 0.1082 2014.01 904.34 0.6574 1946.48 1034.91 0.2997 1917.81 1047.94 0.8687
146 1898.02 264.92 2046.91 881.50 0.3891 2029.16 399.45 0.0078 2028.65 384.54 0.0058 2031.26 388.93 0.0035 2037.61 379.89 0.0084 2036.70 387.57 0.0041 2048.00 433.69 0.0066 2048.00 439.15 0.0094 2042.08 483.11 0.1197 2037.02 479.78 0.2121 1960.40 520.57 0.4060 1954.68 524.55 0.6257 2047.31 584.29 0.0132 2047.53 578.69 0.0175 2038.35 675.65 0.0293 2040.16 671.33 0.0232 2029.76 786.18 0.0287 2026.41 769.11 0.0286
147 1773.73 213.14 2047.31 869.76 0.9311 1801.26 303.30 0.9559 1806.46 286.08 0.9670 1802.01 287.47 0.1151 1852.61 267.59 0.9828 1847.39 271.02 0.0061 1897.26 328.50 0.9980 1929.27 310.29 0.9266 1909.50 452.98 0.9932 1957.20 418.85 0.2103 1885.66 557.33 0.9860 1919.35 511.52 0.1470 1906.95 545.52 0.9879 1925.69 535.61 0.9357 1885.78 677.39 0.9866 1891.32 660.33 0.9643 2035.78 785.55 0.9330 1902.60 786.55 0.9436
148 1582.86 141.77 2046.52 863.78 0.9385 1671.21 335.45 0.9832 1678.84 317.44 0.9926 1659.89 325.07 0.6330 1718.86 294.85 0.9881 1666.58 312.73 0.0154 1781.22 348.58 0.9933 1693.47 344.25 0.9803 1891.47 329.31 0.9874 1644.34 268.90 0.9867 2002.25 285.46 0.9787 1616.79 190.80 0.9903 1749.89 553.46 0.9899 1729.06 552.35 0.9914 1711.52 678.26 0.9916 1797.11 658.94 0.9928 1689.11 809.18 0.9806 1885.16 760.44 0.9894
149 1474.86 300.42 1709.33 868.76 0.9336 1522.63 381.96 0.9878 1527.10 364.18 0.9946 1509.71 374.40 0.7459 1558.58 341.23 0.9782 1510.77 365.55 0.0277 1632.73 393.36 0.9968 1537.92 405.94 0.9103 1689.01 463.31 0.9861 1553.10 435.47 0.2724 1682.54 546.24 0.9816 1566.84 480.30 0.2618 1633.16 591.90 0.9957 1564.20 594.20 0.9833 1656.95 710.50 0.9888 1544.94 704.14 0.9787 1680.04 816.19 0.9656 1555.26 820.02 0.9780
150 1284.38 308.97 1637.95 913.93 0.9441 1363.69 428.72 0.9910 1368.83 409.60 0.9950 1348.96 421.16 0.8858 1397.47 386.01 0.9661 1341.92 412.96 0.0522 1468.89 438.75 0.9957 1362.09 441.49 0.9565 1548.33 501.72 0.9903 1309.15 359.00 0.9529 1603.94 570.06 0.9873 1390.29 317.71 0.9644 1467.04 631.07 0.9940 1404.03 641.39 0.9913 1472.39 763.32 0.9871 1418.66 767.71 0.9896 1575.99 804.08 0.9639 1460.38 870.94 0.9774
151 1032.07 338.03 1590.74 1026.59 0.9458 1215.79 483.81 0.9805 1220.02 464.97 0.9849 1199.82 476.83 0.8366 1247.80 442.45 0.9707 1196.86 470.18 0.1389 1317.26 492.25 0.9935 1220.96 492.46 0.9849 1425.78 510.01 0.9907 1144.05 430.28 0.9719 1530.52 511.41 0.9881 1080.37 370.93 0.9798 1323.16 684.30 0.9942 1294.38 680.94 0.9930 1300.31 819.53 0.9935 1358.00 783.11 0.9901 1311.27 959.79 0.9736 1453.27 858.98 0.9834
152 980.32 449.77 1336.22 1028.96 0.9371 1012.30 539.28 0.9445 1012.03 521.88 0.9674 1007.12 528.13 0.1121 1044.19 496.14 0.9691 1028.89 512.32 0.0021 1108.83 533.26 0.9961 1076.13 551.19 0.8931 1148.31 534.20 0.9803 1118.31 549.01 0.2849 1190.61 506.96 0.9597 1138.37 538.30 0.1585 1172.84 735.53 0.9955 1125.96 743.62 0.9839 1225.55 856.68 0.9910 1118.29 858.75 0.9808 1300.85 959.52 0.9743 1116.63 974.15 0.9765
153 814.32 484.59 1115.44 1079.97 0.9352 834.12 557.55 0.9139 836.07 542.69 0.9462 834.38 543.41 0.0930 867.39 527.92 0.9852 874.97 529.19 0.0092 912.53 591.12 0.9928 952.17 565.91 0.9822 961.29 668.73 0.9727 1018.00 639.07 0.9513 993.83 753.29 0.9840 1046.77 724.71 0.9507 971.57 764.15 0.9913 1013.68 754.55 0.9911 950.68 896.46 0.9927 1015.34 884.53 0.9946 1064.29 992.50 0.9729 1061.16 1005.71 0.9853
154 686.62 525.29 1048.56 1089.86 0.9449 692.81 582.83 0.7958 696.95 571.77 0.8865 698.93 569.80 0.0794 723.42 577.41 0.9893 747.35 569.75 0.0391 750.40 653.41 0.9968 796.79 621.77 0.9775 770.10 765.97 0.9801 814.20 714.21 0.5505 757.39 855.57 0.9752 769.93 756.19 0.6006 805.69 822.26 0.9964 849.65 803.84 0.9914 793.86 937.47 0.9902 894.00 899.97 0.9889 831.57 1046.85 0.9585 1008.82 974.02 0.9830
155 544.58 557.33 858.93 1090.90 0.9438 566.89 609.24 0.7091 569.61 600.54 0.7892 572.98 598.61 0.0565 589.59 608.19 0.9816 615.22 601.03 0.0505 618.23 673.45 0.9969 653.88 652.62 0.9646 625.87 780.35 0.9918 634.25 751.78 0.7876 593.29 858.00 0.9800 581.77 786.37 0.8235 674.70 832.03 0.9895 696.15 825.73 0.9661 734.87 944.14 0.9882 694.71 922.86 0.9726 827.84 1037.08 0.9813 681.78 1018.36 0.9823
156 374.81 576.20 761.98 1092.19 0.9398 464.80 629.36 0.8861 467.84 618.89 0.9254 467.23 620.22 0.0868 492.70 620.71 0.9866 497.22 622.65 0.0129 541.81 672.93 0.9954 520.71 676.74 0.9836 599.38 754.68 0.9907 477.60 721.38 0.9786 618.60 844.13 0.9841 414.02 742.24 0.9812 596.45 836.74 0.9874 584.60 843.08 0.9801 626.05 949.29 0.9852 622.20 946.40 0.9817 729.17 1026.34 0.9670 660.67 1037.94 0.9739
157 383.48 586.25 690.99 1099.66 0.9458 429.17 634.01 0.6750 431.91 624.65 0.7573 435.33 623.14 0.0555 451.74 631.87 0.9834 476.16 625.62 0.0628 495.18 688.03 0.9951 514.22 670.80 0.9848 531.55 776.59 0.9894 501.28 740.96 0.9520 449.53 814.73 0.9806 428.60 752.87 0.9760 568.43 838.59 0.9872 593.50 829.18 0.9823 574.45 956.30 0.9863 623.29 933.39 0.9891 650.14 1053.61 0.9486 670.72 1030.88 0.9758
158 335.12 615.04 687.19 1099.79 0.9459 362.47 670.24 0.3238 362.46 660.69 0.4445 370.18 658.21 0.0227 376.44 663.16 0.9739 412.81 655.65 0.1017 430.55 711.19 0.9958 455.66 696.95 0.9631 473.41 794.42 0.9909 455.09 778.65 0.4819 395.26 779.49 0.9860 389.96 777.00 0.6059 498.09 861.11 0.9950 535.43 845.82 0.9886 502.10 974.86 0.9843 591.45 940.57 0.9857 527.15 1076.04 0.9407 656.88 1031.54 0.9813
159 242.60 641.25 546.21 1108.84 0.9291 271.00 701.08 0.3625 268.09 691.53 0.3625 271.15 691.68 0.0201 283.49 684.25 0.9186 306.54 683.88 0.0478 350.69 723.05 0.9985 340.55 725.17 0.8911 408.37 806.50 0.9981 369.35 807.28 0.1078 359.40 797.66 0.9941 330.76 839.06 0.1675 420.83 869.98 0.9931 411.14 870.66 0.9423 447.53 978.38 0.9792 451.83 978.78 0.8011 507.49 1077.35 0.9101 505.24 1069.20 0.6349
160 145.14 685.93 503.06 1098.63 0.9030 190.13 751.10 0.9459 187.79 736.87 0.9713 182.22 745.03 0.4169 212.05 716.52 0.9610 198.09 738.68 0.0238 286.25 737.02 0.9817 240.67 777.62 0.9372 345.15 767.11 0.8769 278.62 839.16 0.7251 352.81 780.79 0.9210 272.97 892.77 0.8301 354.38 873.08 0.9870 319.21 894.15 0.9811 401.50 965.36 0.9826 364.79 987.64 0.9767 484.21 1060.26 0.9345 408.87 1073.93 0.9434
161 80.61 705.12 423.40 1108.88 0.9090 124.35 773.71 0.9680 121.88 759.46 0.9855 115.52 766.87 0.4103 147.84 737.14 0.9748 129.63 758.02 0.0127 219.11 751.28 0.9880 179.91 788.82 0.9338 277.28 784.35 0.9289 223.46 847.07 0.6403 290.54 804.40 0.9465 231.19 908.43 0.6823 298.08 881.08 0.9936 260.97 902.50 0.9887 344.76 975.00 0.9917 316.83 1005.01 0.9885 411.06 1072.48 0.9579 381.78 1092.90 0.9649
162 8.74 729.73 403.40 1151.29 0.9316 63.88 797.66 0.9756 60.45 783.03 0.9860 53.29 791.92 0.4746 86.37 757.97 0.9630 64.44 782.59 0.0148 158.32 771.80 0.9939 117.24 809.79 0.9088 227.90 792.47 0.9842 165.27 854.14 0.4970 278.05 806.65 0.9861 170.67 889.05 0.3417 229.04 902.30 0.9943 191.64 924.50 0.9840 269.13 995.74 0.9946 234.93 1033.37 0.9916 377.14 1060.54 0.9776 297.90 1131.64 0.9793
163 0.25 749.19 327.62 1165.39 0.8349 10.57 803.07 0.5854 5.18 790.35 0.4265 0.00 798.79 0.2513 15.43 774.23 0.4221 0.00 797.77 0.0836 96.46 796.56 0.9965 25.08 840.59 0.9268 180.48 901.49 0.9774 80.71 932.09 0.1492 173.41 928.78 0.8621 93.24 918.46 0.0615 167.98 944.10 0.9904 121.05 968.11 0.9679 202.73 1043.65 0.9482 169.64 1071.28 0.8718 286.11 1127.07 0.9326 233.06 1144.23 0.8793
