32 0.00 356.64 123.35 601.80 0.8177 5.44 385.52 0.0808 4.59 379.08 0.0546 2.10 380.41 0.0643 1.77 379.70 0.0196 0.00 383.30 0.0278 7.96 397.61 0.2744 0.00 405.50 0.0133 22.73 406.04 0.4888 2.25 415.52 0.0242 10.11 388.30 0.5945 0.00 399.63 0.1450 31.27 459.97 0.9132 10.06 466.53 0.5085 67.37 512.47 0.9536 10.68 528.20 0.5389 94.62 577.79 0.9344 11.62 588.76 0.4748
33 0.00 319.71 126.91 607.53 0.8860 4.14 351.80 0.2013 4.33 344.94 0.2023 0.01 347.75 0.0802 12.26 343.76 0.3494 0.00 351.78 0.0515 46.54 366.30 0.9822 0.00 384.16 0.6633 84.27 394.92 0.9809 1.88 423.67 0.1556 107.20 422.58 0.9442 9.09 417.05 0.1544 68.84 448.63 0.9856 36.75 458.58 0.9351 86.84 511.21 0.9687 71.11 522.29 0.8582 101.96 576.22 0.9305 90.98 581.65 0.8094
34 0.00 316.42 152.30 606.75 0.8537 28.72 354.22 0.9624 32.08 345.14 0.9601 20.83 349.00 0.9227 43.55 339.30 0.7876 13.17 349.60 0.3638 76.48 366.13 0.9946 12.94 380.14 0.9481 108.40 405.25 0.9819 9.17 423.29 0.6138 102.66 431.49 0.9640 14.48 413.03 0.6219 102.30 448.34 0.9866 62.12 456.20 0.9735 127.47 509.92 0.9350 95.09 517.78 0.9061 120.25 562.89 0.7521 118.23 571.97 0.7191
35 3.26 316.31 260.29 618.09 0.8795 70.50 346.64 0.8851 74.05 338.49 0.8450 62.95 342.31 0.8582 85.01 339.70 0.7368 56.41 349.98 0.5716 118.74 377.91 0.9982 48.79 389.34 0.9894 157.42 422.28 0.9979 35.06 431.45 0.9387 144.96 452.31 0.9936 16.29 422.40 0.8615 141.47 463.95 0.9945 97.94 472.71 0.9783 179.65 523.73 0.9836 119.72 534.99 0.8123 219.68 593.44 0.8869 147.84 591.67 0.4420
36 95.88 324.42 270.74 628.20 0.9188 141.59 363.66 0.9919 144.79 354.50 0.9688 132.17 358.32 0.9933 151.64 350.95 0.4555 117.93 360.86 0.9109 181.16 381.85 0.9984 111.52 394.37 0.9777 204.90 432.98 0.9966 114.58 442.60 0.6905 169.70 452.17 0.9944 134.86 454.71 0.7058 201.48 474.13 0.9964 156.54 481.04 0.9878 225.59 538.98 0.9945 185.46 544.41 0.9756 230.31 605.17 0.9663 198.37 603.36 0.9001
37 117.45 330.55 306.86 651.22 0.9350 143.12 371.19 0.9735 149.33 362.90 0.9838 138.60 364.23 0.7253 171.10 358.69 0.9674 141.21 363.26 0.0335 206.27 389.34 0.9969 147.20 396.12 0.9806 214.23 444.53 0.9953 152.24 439.64 0.8837 159.16 452.51 0.9903 134.25 443.82 0.8715 227.59 488.75 0.9966 183.81 493.73 0.9938 253.83 555.69 0.9949 209.99 567.26 0.9941 281.70 600.96 0.9819 236.51 620.96 0.9807
38 137.37 332.53 321.72 638.96 0.9294 162.69 374.08 0.6167 162.14 366.88 0.7201 163.25 366.68 0.0370 177.18 363.04 0.9643 184.45 362.78 0.0161 219.20 391.91 0.9986 199.76 385.87 0.9798 209.23 450.40 0.9973 184.89 411.24 0.9334 172.66 436.87 0.9877 162.44 397.03 0.9528 249.54 484.41 0.9959 225.88 482.97 0.9900 274.17 548.32 0.9937 230.11 550.19 0.9919 304.67 605.96 0.9834 248.92 609.46 0.9835
39 125.98 333.00 321.74 634.15 0.9308 145.82 373.79 0.2701 143.03 367.90 0.2520 147.21 366.58 0.0195 153.34 364.43 0.8971 169.04 361.64 0.0606 203.77 389.03 0.9989 185.80 383.71 0.9799 220.09 447.28 0.9977 182.09 397.65 0.7062 188.08 471.70 0.9904 161.08 393.22 0.6977 244.14 481.24 0.9962 222.86 480.39 0.9893 269.51 545.32 0.9949 237.41 548.44 0.9895 302.90 601.10 0.9896 264.69 600.34 0.9853
40 103.87 331.52 320.16 634.95 0.9257 123.47 375.44 0.3603 121.50 369.50 0.4209 124.51 369.64 0.0285 135.34 363.79 0.9250 145.81 364.69 0.0295 185.58 384.67 0.9976 165.59 388.24 0.9438 219.70 438.40 0.9922 195.90 436.17 0.1708 223.21 496.66 0.9781 202.05 482.68 0.1473 235.06 478.86 0.9935 214.05 480.99 0.9771 259.55 538.46 0.9944 227.00 541.27 0.9823 302.27 598.90 0.9939 262.98 597.21 0.9889
41 94.06 332.23 319.83 635.12 0.9264 114.38 376.98 0.3831 112.37 371.07 0.4616 115.69 371.71 0.0309 127.21 364.61 0.9219 137.11 366.72 0.0252 177.27 384.46 0.9972 156.95 391.28 0.9424 213.17 438.55 0.9930 186.12 442.57 0.2731 210.61 495.09 0.9815 188.77 489.34 0.2703 228.41 479.69 0.9947 206.16 483.43 0.9803 258.12 539.51 0.9951 220.00 542.31 0.9837 301.49 600.70 0.9948 263.54 594.89 0.9900
42 75.44 337.02 286.89 654.88 0.9381 99.66 385.18 0.9309 99.30 376.59 0.9545 96.40 378.65 0.0890 118.87 365.66 0.9796 115.66 371.07 0.0025 169.12 392.23 0.9983 140.54 395.76 0.9875 213.25 440.40 0.9969 148.56 436.91 0.9670 227.68 496.87 0.9928 111.56 436.14 0.9755 203.60 492.44 0.9940 189.81 492.52 0.9904 210.81 553.34 0.9944 225.56 548.53 0.9925 225.03 621.62 0.9839 266.62 597.84 0.9862
43 0.00 336.90 271.83 672.16 0.9407 68.56 376.81 0.9865 74.53 367.68 0.9960 63.11 371.09 0.8362 96.39 364.90 0.9932 66.72 374.12 0.0223 135.46 396.64 0.9989 73.04 399.90 0.9876 186.59 408.17 0.9968 34.49 386.02 0.8722 238.75 404.87 0.9902 4.13 379.69 0.8083 162.13 504.63 0.9966 120.97 507.57 0.9899 172.73 573.19 0.9978 137.89 568.28 0.9797 179.88 634.24 0.9949 191.71 579.99 0.9807
44 0.58 315.67 237.81 717.73 0.9415 50.06 380.05 0.9846 54.27 369.27 0.9688 36.44 375.23 0.9875 66.10 369.39 0.6372 21.63 385.08 0.7665 101.71 398.83 0.9980 24.40 416.75 0.9639 158.85 377.99 0.9961 0.00 400.06 0.3526 202.87 343.97 0.9901 7.67 374.90 0.2697 131.46 521.35 0.9968 77.71 533.09 0.9928 161.08 592.47 0.9943 99.38 609.86 0.9917 179.95 640.37 0.9852 114.53 682.31 0.9817
45 0.00 322.85 209.09 719.99 0.9349 31.67 388.95 0.9587 32.94 379.71 0.8349 20.19 384.85 0.9620 38.65 379.11 0.1256 3.10 393.17 0.6512 68.27 408.28 0.9932 3.39 435.12 0.7062 114.46 384.63 0.9894 8.90 476.26 0.0352 148.10 342.87 0.9827 28.53 506.25 0.0498 106.81 539.09 0.9967 55.78 551.03 0.9862 147.94 608.14 0.9969 89.50 626.15 0.9883 162.35 674.89 0.9913 114.84 688.26 0.9766
46 0.29 358.43 239.97 739.71 0.9351 77.09 408.36 0.9704 76.86 398.19 0.6920 64.20 404.23 0.9904 77.82 399.25 0.0265 40.27 415.12 0.9653 105.08 426.87 0.9954 34.17 456.88 0.9771 149.04 412.81 0.9897 0.00 472.43 0.3000 181.92 381.75 0.9797 10.03 465.25 0.1472 150.89 555.28 0.9960 101.26 569.60 0.9926 175.60 636.43 0.9972 132.16 644.47 0.9869 186.98 711.65 0.9852 113.40 682.75 0.9643
47 73.30 401.94 289.01 785.47 0.9359 156.90 442.94 0.9793 155.76 432.82 0.5676 146.01 437.80 0.9905 150.70 431.62 0.0081 119.32 443.58 0.9831 166.86 471.04 0.9733 97.69 488.61 0.9946 192.50 528.63 0.6861 101.66 553.79 0.9861 209.25 582.65 0.7944 131.57 603.07 0.9865 199.90 582.12 0.9915 158.47 595.41 0.9961 204.17 647.03 0.9952 211.13 666.71 0.9983 192.21 713.70 0.9932 251.87 747.25 0.9947
48 138.70 403.81 376.50 785.71 0.9218 236.41 449.20 0.9646 235.53 439.78 0.2250 227.00 442.11 0.9849 225.61 438.43 0.0011 196.44 444.47 0.9861 231.88 477.51 0.9583 167.54 494.25 0.9947 253.42 537.84 0.3371 158.39 557.09 0.9887 278.48 590.76 0.3648 183.95 609.12 0.9858 272.59 596.55 0.9912 228.16 613.37 0.9961 315.86 656.76 0.9959 248.10 691.14 0.9972 320.37 731.35 0.9924 261.22 754.21 0.9869
49 149.25 411.17 450.46 783.96 0.9348 337.57 457.77 0.9590 338.33 449.00 0.1701 330.35 450.58 0.9747 328.94 445.81 0.0022 304.45 450.19 0.9837 327.72 471.78 0.9897 280.15 491.43 0.9985 347.06 465.61 0.9348 235.69 517.20 0.9958 369.10 446.50 0.9132 186.98 539.63 0.9894 366.03 605.71 0.9973 330.60 616.75 0.9986 393.54 680.94 0.9977 357.88 695.30 0.9970 393.51 750.77 0.9891 309.70 732.25 0.9791
50 323.01 302.02 575.29 802.51 0.9147 438.85 463.80 0.9760 438.02 455.60 0.2317 432.45 457.22 0.9840 426.59 455.04 0.0020 408.11 459.70 0.9820 423.82 480.51 0.9773 390.68 498.93 0.9973 428.59 403.13 0.9367 359.52 467.17 0.9938 427.51 347.60 0.9692 346.85 417.79 0.9917 450.29 608.69 0.9955 434.26 616.72 0.9984 439.30 682.14 0.9967 485.80 688.55 0.9986 405.04 745.92 0.9866 525.00 765.75 0.9902
51 454.84 329.39 665.89 800.93 0.9116 541.27 463.38 0.9430 542.88 455.89 0.2745 536.27 456.15 0.9382 534.40 454.82 0.0073 514.37 455.15 0.9157 522.35 482.14 0.9419 496.03 486.03 0.9951 527.45 448.25 0.3105 508.92 422.51 0.9938 539.55 406.92 0.3859 535.88 372.16 0.9930 558.75 607.83 0.9941 524.89 618.54 0.9976 594.30 674.24 0.9954 533.98 700.21 0.9973 605.61 746.70 0.9928 534.55 767.40 0.9899
52 573.17 389.77 731.98 798.57 0.8991 655.89 468.14 0.9656 658.73 459.19 0.3318 650.18 460.09 0.9704 649.92 456.07 0.0075 629.06 458.24 0.9705 637.58 478.83 0.9785 612.54 492.60 0.9957 637.70 434.24 0.5607 593.58 473.80 0.9749 625.83 400.00 0.6303 602.89 443.25 0.9737 667.33 602.98 0.9955 643.17 610.26 0.9975 686.66 688.85 0.9967 675.61 697.87 0.9975 680.30 758.62 0.9861 619.82 748.89 0.9828
53 669.08 419.74 870.56 811.36 0.9175 775.95 477.98 0.9469 775.21 470.24 0.1489 771.35 470.49 0.9613 756.16 468.38 0.0050 750.43 469.53 0.9756 748.78 497.25 0.9335 725.42 501.15 0.9922 737.43 469.77 0.2327 703.03 483.19 0.9745 725.58 445.32 0.4529 710.71 452.36 0.9790 758.88 617.16 0.9938 753.82 621.01 0.9979 740.83 689.61 0.9966 802.56 699.09 0.9989 693.55 750.26 0.9885 815.53 778.49 0.9904
54 777.65 421.68 956.94 815.26 0.9193 885.92 470.06 0.8677 886.48 461.58 0.0812 884.47 461.33 0.8845 863.97 455.84 0.0129 863.68 456.40 0.9560 837.11 485.39 0.9769 830.42 489.33 0.9889 805.06 532.04 0.7043 810.61 524.10 0.9027 797.27 583.42 0.7609 804.82 556.83 0.8893 863.00 612.06 0.9966 838.89 622.36 0.9975 900.81 666.96 0.9966 835.36 705.22 0.9979 910.24 733.26 0.9937 822.48 781.27 0.9909
55 834.13 404.75 1081.77 818.76 0.9029 1007.25 472.64 0.2103 1003.94 465.20 0.0064 1006.19 465.24 0.0809 979.28 462.07 0.0254 989.69 462.22 0.5872 951.03 494.57 0.9879 968.63 482.16 0.9972 921.40 545.11 0.9888 1003.59 457.12 0.9975 905.45 585.07 0.9819 1050.02 421.86 0.9916 979.60 616.92 0.9988 969.65 619.54 0.9989 1028.18 676.00 0.9985 946.23 710.03 0.9974 1030.58 753.27 0.9948 868.98 765.59 0.9808
56 990.87 412.22 1158.06 813.32 0.9278 1109.20 468.00 0.9111 1111.67 459.26 0.1218 1106.79 458.86 0.9392 1092.75 449.03 0.0101 1086.48 449.01 0.9636 1069.54 471.57 0.9258 1049.89 480.20 0.9956 1055.90 534.34 0.2438 1018.02 544.17 0.9923 1064.21 586.13 0.3367 1008.12 611.64 0.9880 1054.70 595.30 0.9855 1048.22 602.32 0.9956 1049.38 673.14 0.9950 1083.86 690.36 0.9985 1032.73 750.29 0.9939 1101.81 778.71 0.9946
57 1018.32 346.67 1281.91 804.07 0.9076 1201.92 508.24 0.9036 1201.77 497.87 0.0605 1195.82 504.96 0.8699 1182.89 482.15 0.0035 1172.52 500.52 0.9328 1171.80 479.12 0.9831 1136.94 531.32 0.9975 1211.64 419.66 0.9688 1093.73 566.71 0.9958 1247.43 390.91 0.9877 1094.60 601.82 0.9952 1135.92 605.79 0.9965 1133.91 623.20 0.9977 1095.90 676.71 0.9975 1178.25 692.63 0.9987 1044.97 737.16 0.9875 1186.62 768.20 0.9894
58 1172.51 444.99 1322.88 802.91 0.9056 1304.06 496.14 0.9512 1303.78 485.99 0.1092 1298.88 489.98 0.9617 1285.70 474.96 0.0027 1273.31 485.38 0.9820 1271.14 494.86 0.9342 1232.28 526.50 0.9969 1260.22 532.03 0.0973 1199.96 595.17 0.9872 1261.05 566.75 0.1156 1191.18 667.99 0.9746 1256.44 618.13 0.9780 1224.90 632.17 0.9911 1253.82 686.71 0.9866 1226.30 703.16 0.9966 1214.36 738.81 0.9778 1189.92 763.61 0.9870
59 1196.52 388.83 1474.14 825.33 0.9171 1409.16 486.90 0.4637 1408.25 478.55 0.0209 1407.01 477.29 0.3134 1383.66 478.08 0.0176 1385.46 474.67 0.7303 1361.45 517.73 0.8898 1352.84 505.42 0.9981 1362.42 555.96 0.0818 1404.58 466.62 0.9964 1380.82 559.01 0.0883 1440.44 411.10 0.9864 1366.79 644.17 0.9973 1338.96 643.95 0.9992 1377.99 717.28 0.9982 1305.87 719.87 0.9988 1372.04 794.68 0.9938 1225.70 763.12 0.9919
60 1350.81 418.85 1569.10 849.00 0.9168 1539.17 505.74 0.6302 1539.46 496.41 0.0231 1538.88 495.50 0.6666 1505.97 491.84 0.0110 1519.87 490.17 0.8553 1469.90 528.05 0.9170 1488.15 516.00 0.9964 1470.10 591.93 0.7701 1517.79 479.38 0.9840 1509.36 629.63 0.9467 1527.75 434.24 0.9632 1443.03 647.39 0.9968 1462.51 652.00 0.9989 1417.40 722.13 0.9985 1489.08 742.99 0.9989 1375.60 792.27 0.9904 1508.66 824.75 0.9854
61 1510.46 394.45 1718.52 865.93 0.9095 1671.10 499.62 0.1349 1667.78 491.51 0.0084 1669.80 492.24 0.0776 1632.21 487.89 0.0829 1652.81 490.51 0.5308 1590.48 523.45 0.9845 1640.07 515.20 0.9984 1569.40 580.31 0.9916 1688.46 464.89 0.9950 1555.57 625.85 0.9858 1674.66 407.66 0.9367 1573.97 653.07 0.9957 1604.09 658.64 0.9981 1595.34 719.49 0.9859 1591.63 744.81 0.9948 1538.45 786.54 0.9706 1543.59 827.33 0.9794
62 1581.79 409.46 1943.55 850.57 0.9400 1805.87 508.64 0.2573 1800.41 501.23 0.0234 1805.79 502.32 0.1762 1761.67 497.80 0.0667 1791.77 496.67 0.7866 1717.08 524.37 0.9854 1774.18 519.73 0.9905 1685.09 577.36 0.9859 1836.28 486.44 0.9835 1657.42 630.79 0.9758 1900.71 447.27 0.9723 1685.51 654.15 0.9951 1717.96 655.92 0.9963 1701.96 734.05 0.9833 1718.28 748.96 0.9878 1682.97 815.68 0.9826 1610.50 795.33 0.9891
63 1679.80 479.95 1963.50 881.79 0.9313 1927.31 540.84 0.8364 1931.30 533.02 0.0927 1924.37 530.33 0.8720 1911.20 525.76 0.0081 1898.44 518.68 0.9251 1883.90 555.14 0.9189 1849.04 540.78 0.9954 1855.59 618.70 0.1737 1806.27 569.10 0.9850 1841.58 676.47 0.1835 1803.51 586.87 0.9729 1822.80 673.51 0.9907 1807.04 669.94 0.9977 1785.60 744.98 0.9953 1816.37 757.19 0.9991 1710.68 796.72 0.9868 1781.02 837.72 0.9908
64 1761.25 493.88 2047.02 905.83 0.9203 1975.68 561.02 0.9651 1988.17 554.20 0.8849 1971.13 547.41 0.9599 2001.90 545.27 0.2773 1953.95 527.17 0.8149 2012.29 582.60 0.9880 1904.31 554.14 0.9989 2014.51 650.71 0.8957 1861.81 611.33 0.9964 1981.67 716.84 0.8728 1834.43 667.97 0.9923 1943.90 703.60 0.9974 1877.95 685.32 0.9989 1920.30 791.48 0.9931 1839.65 773.22 0.9963 1909.74 870.73 0.9548 1787.38 829.95 0.9669
65 1775.27 492.31 2047.60 912.68 0.9157 1984.24 555.32 0.9740 1997.33 547.70 0.9797 1981.22 542.68 0.8174 2025.43 542.00 0.8885 1976.82 528.96 0.0339 2040.68 584.93 0.9520 1951.98 554.10 0.9936 2034.76 674.17 0.9126 1922.34 622.84 0.8858 2009.04 745.05 0.9638 1897.67 684.19 0.7516 1971.90 711.08 0.9855 1915.08 690.36 0.9936 1937.65 798.26 0.9807 1864.42 778.93 0.9914 1904.08 875.89 0.9249 1823.51 862.82 0.9622
66 1747.03 517.81 2046.67 944.82 0.9153 1937.81 584.24 0.9877 1949.16 574.08 0.9926 1930.77 572.43 0.9516 1975.00 567.09 0.9410 1922.03 563.40 0.1447 2003.19 602.85 0.9848 1906.48 589.68 0.9894 2037.50 639.86 0.7783 1906.92 637.83 0.4173 2027.27 651.46 0.8347 1923.69 677.70 0.2091 1944.72 733.81 0.9959 1876.45 719.41 0.9970 1916.97 830.05 0.9786 1829.24 812.59 0.9921 1909.83 898.67 0.8822 1795.91 899.96 0.9543
67 1662.14 521.37 2031.28 1026.79 0.9396 1922.27 598.84 0.9849 1937.95 589.81 0.9858 1916.19 583.96 0.9555 1965.27 585.28 0.8961 1906.32 568.36 0.4067 1990.73 640.80 0.9898 1876.22 592.00 0.9873 1996.97 723.27 0.9921 1782.36 573.47 0.9839 1987.45 802.35 0.9897 1705.73 548.87 0.9827 1891.49 777.88 0.9936 1828.73 751.25 0.9904 1843.56 881.29 0.9820 1796.15 833.42 0.9712 1809.25 975.24 0.9504 1788.40 911.47 0.9620
68 1711.32 466.87 2010.47 1060.01 0.9374 1894.62 626.93 0.9901 1910.24 614.12 0.9942 1884.69 613.81 0.9284 1942.79 604.39 0.9650 1875.95 599.52 0.1637 1971.28 682.70 0.9938 1856.56 628.45 0.9895 1954.82 772.28 0.9939 1847.76 540.85 0.9901 1929.04 843.27 0.9943 1940.13 497.16 0.9923 1867.85 834.81 0.9939 1795.59 810.23 0.9947 1819.70 938.50 0.9668 1739.27 895.30 0.9802 1766.75 996.74 0.9092 1755.99 961.98 0.9679
69 1595.75 568.43 1950.79 1129.30 0.9499 1810.49 690.12 0.9894 1821.75 675.22 0.9937 1799.48 676.94 0.8445 1856.76 656.60 0.9687 1795.35 657.92 0.0611 1908.49 735.18 0.9961 1790.74 679.97 0.9730 1902.05 833.43 0.9946 1781.28 594.58 0.8744 1881.49 914.80 0.9919 1821.80 626.20 0.7743 1807.88 887.97 0.9921 1735.02 866.60 0.9908 1787.54 986.68 0.9641 1682.38 982.31 0.9871 1760.21 1044.39 0.9192 1654.98 1085.87 0.9825
70 1591.41 526.72 1898.86 1271.50 0.9353 1760.24 748.83 0.9777 1775.64 734.58 0.9913 1748.01 734.04 0.7920 1812.36 718.16 0.9739 1741.96 712.68 0.0936 1853.13 787.74 0.9931 1726.50 724.07 0.9823 1852.38 842.97 0.9701 1729.44 620.97 0.9769 1827.24 893.07 0.9770 1817.54 565.58 0.9862 1741.43 956.42 0.9932 1665.30 922.13 0.9923 1681.40 1090.61 0.9882 1650.90 1013.11 0.9804 1632.39 1192.68 0.9699 1649.29 1096.11 0.9756
71 1513.39 538.26 1863.18 1315.63 0.9262 1708.24 813.54 0.9867 1725.47 797.81 0.9930 1696.18 796.68 0.8531 1767.49 777.87 0.9832 1690.08 770.88 0.0928 1816.40 871.46 0.9973 1678.20 779.05 0.9930 1805.48 996.07 0.9942 1628.32 693.75 0.9869 1776.70 1097.36 0.9921 1596.56 596.96 0.9882 1700.23 1052.88 0.9954 1610.87 1013.07 0.9943 1639.26 1184.39 0.9781 1554.68 1130.85 0.9776 1596.05 1231.46 0.9159 1570.86 1169.05 0.9558
72 1354.82 784.95 1940.20 1424.22 0.9437 1586.74 892.19 0.9896 1606.80 876.50 0.9961 1574.98 872.80 0.9112 1655.25 863.62 0.9828 1564.79 853.42 0.0829 1702.01 931.30 0.9925 1554.80 891.37 0.9858 1796.13 974.12 0.9823 1483.35 891.78 0.9879 1868.81 1000.57 0.9697 1406.80 872.65 0.9827 1608.55 1139.57 0.9916 1510.44 1120.86 0.9922 1596.58 1242.39 0.9807 1453.43 1251.98 0.9888 1592.90 1269.82 0.9798 1429.67 1360.06 0.9849
73 1350.21 853.42 1997.01 1492.30 0.8095 1422.82 981.51 0.9872 1441.70 964.03 0.9919 1411.11 961.35 0.8379 1496.76 938.96 0.9796 1408.85 931.35 0.0843 1577.54 1001.40 0.9967 1414.41 970.29 0.9330 1755.36 1038.53 0.9833 1423.44 1030.57 0.2160 1914.74 1060.59 0.9537 1432.20 1100.79 0.0760 1499.79 1245.91 0.9896 1410.79 1212.25 0.9841 1438.96 1427.55 0.8885 1408.17 1310.31 0.9482 1421.29 1484.00 0.1279 1413.85 1390.23 0.6127
74 1184.95 1000.02 1675.41 1497.16 0.9398 1334.82 1153.68 0.9909 1357.28 1139.65 0.9948 1321.50 1130.59 0.8828 1421.80 1104.20 0.9680 1314.75 1082.11 0.0456 1496.76 1188.30 0.9924 1315.20 1086.77 0.9759 1558.99 1306.73 0.9868 1284.03 1124.69 0.9669 1615.45 1412.58 0.9888 1266.77 1202.33 0.9849 1376.48 1427.88 0.9745 1263.19 1380.08 0.9876 1354.94 1500.00 0.0503 1210.30 1472.11 0.2712 1344.29 1500.00 0.0044 1226.26 1488.95 0.0472
75 985.87 1129.28 1349.64 1496.05 0.8943 1135.03 1296.61 0.9902 1162.37 1286.03 0.9915 1129.04 1269.78 0.9123 1242.67 1258.16 0.9863 1124.49 1218.20 0.0047 1293.12 1352.74 0.9882 1104.30 1247.88 0.9962 1256.84 1500.00 0.2516 1036.56 1380.36 0.9110 1150.49 1500.00 0.0157 1017.58 1488.44 0.1223 1205.42 1500.00 0.0235 1084.98 1472.96 0.0686 1163.09 1500.00 0.0008 1040.72 1477.45 0.0030 1133.41 1500.00 0.0010 1074.89 1496.53 0.0017
76 773.68 1255.55 1145.13 1497.65 0.7888 860.37 1440.41 0.6225 886.36 1434.78 0.5242 862.57 1414.04 0.0851 985.00 1423.79 0.9348 891.23 1373.05 0.0024 1059.29 1470.60 0.8628 909.45 1367.02 0.9863 1023.25 1500.00 0.0799 831.01 1433.81 0.8081 925.61 1500.00 0.0337 813.58 1500.00 0.0714 1026.75 1500.00 0.0276 910.65 1475.75 0.1718 995.97 1500.00 0.0023 839.91 1472.46 0.0155 964.49 1500.00 0.0006 852.77 1478.81 0.0020
77 526.48 1305.13 1130.06 1500.00 0.6006 719.77 1490.03 0.0247 709.46 1492.21 0.0136 722.02 1476.58 0.0094 716.99 1493.07 0.1288 750.27 1463.41 0.1188 788.08 1477.74 0.3378 811.71 1457.34 0.2535 900.58 1376.21 0.7546 914.30 1377.40 0.3569 1052.03 1344.00 0.7392 1048.31 1350.55 0.3480 899.83 1478.90 0.0221 911.16 1471.19 0.0139 933.23 1415.30 0.0256 937.89 1425.45 0.0138 1024.77 1426.55 0.0200 977.32 1430.24 0.0093
78 501.98 1270.62 890.99 1493.13 0.8611 579.96 1408.68 0.0038 558.57 1406.16 0.0046 599.00 1390.39 0.0011 528.83 1430.51 0.9012 681.75 1386.78 0.8781 534.84 1500.00 0.3037 805.07 1436.69 0.9591 569.60 1500.00 0.0006 833.36 1443.91 0.0847 601.60 1449.09 0.0014 717.54 1439.23 0.0184 657.07 1500.00 0.0024 827.45 1500.00 0.0098 662.02 1479.43 0.0044 789.07 1395.27 0.0690 678.32 1497.76 0.0037 778.10 1461.75 0.0439
79 417.43 1066.29 812.72 1493.26 0.9467 524.30 1191.36 0.0057 517.08 1180.75 0.0120 545.64 1169.06 0.0021 500.08 1202.73 0.9673 627.44 1168.46 0.6676 475.57 1377.12 0.9598 725.24 1246.69 0.9972 476.63 1500.00 0.0428 787.77 1377.80 0.8893 502.71 1453.78 0.0035 693.49 1317.83 0.0936 574.46 1500.00 0.0084 742.72 1463.40 0.0360 553.72 1452.98 0.0023 702.33 1419.88 0.0057 607.99 1500.00 0.0023 716.17 1494.34 0.0029
80 317.64 944.89 682.28 1494.88 0.9342 431.46 1043.81 0.0039 423.52 1033.56 0.0077 448.61 1026.53 0.0027 393.77 1054.03 0.9695 509.28 1029.76 0.8809 374.06 1200.29 0.9961 570.03 1104.08 0.9930 420.99 1377.22 0.9564 622.30 1132.80 0.9161 479.62 1477.97 0.3275 563.61 1082.16 0.5855 495.97 1381.84 0.9630 619.16 1342.39 0.9736 520.27 1458.90 0.5456 641.90 1436.52 0.8066 578.88 1500.00 0.0182 649.57 1500.00 0.0664
81 193.91 836.44 615.20 1496.61 0.9408 366.73 917.90 0.0145 357.09 910.59 0.0171 376.62 904.74 0.0189 311.80 930.41 0.9211 414.03 913.90 0.9419 296.27 1040.12 0.9965 481.65 991.43 0.9949 245.37 1043.30 0.9802 556.19 1111.94 0.9730 227.38 942.51 0.9767 593.46 1239.71 0.9687 407.28 1272.49 0.9931 517.58 1228.84 0.9891 489.24 1381.51 0.9498 525.05 1272.23 0.9029 557.32 1487.94 0.8488 556.52 1350.98 0.8319
82 184.46 738.01 528.52 1342.79 0.9174 284.46 814.59 0.0071 279.74 804.73 0.0148 297.71 797.68 0.0059 261.12 819.90 0.9613 348.52 798.85 0.8806 258.18 926.08 0.9966 416.50 872.86 0.9909 232.43 1049.32 0.9839 486.37 954.52 0.9660 204.64 1028.81 0.7166 508.93 986.65 0.9028 359.06 1088.77 0.9881 451.42 1064.61 0.9899 372.74 1178.33 0.9781 469.78 1164.07 0.9880 430.84 1287.19 0.9594 491.89 1274.56 0.9794
83 147.56 629.84 514.13 1264.99 0.9370 228.19 742.64 0.0218 222.25 734.44 0.0341 234.34 730.52 0.0171 203.87 744.89 0.9316 272.29 732.40 0.7984 193.41 836.29 0.9950 327.78 786.56 0.9931 217.37 951.51 0.9857 351.18 740.65 0.9837 277.12 1039.60 0.9609 293.55 670.23 0.9692 286.14 1002.05 0.9935 373.12 995.15 0.9939 315.36 1056.79 0.9730 418.07 1091.33 0.9871 359.89 1147.53 0.9706 464.99 1218.40 0.9815
84 72.95 621.15 406.54 1178.09 0.9273 187.46 679.55 0.0249 183.87 673.44 0.0228 193.08 667.55 0.0218 154.92 687.25 0.8901 222.37 671.18 0.9090 148.46 768.34 0.9923 282.70 735.89 0.9954 100.47 773.69 0.9715 342.55 831.41 0.9796 101.27 698.35 0.9681 376.13 899.99 0.9718 236.84 952.55 0.9907 318.70 924.34 0.9950 299.68 1043.86 0.9681 347.48 973.76 0.9867 355.59 1144.03 0.9327 369.88 1050.84 0.9801
85 75.57 573.72 375.98 1083.10 0.9220 169.81 629.59 0.0256 165.18 622.23 0.0282 176.54 617.03 0.0159 146.35 630.15 0.9233 210.82 616.04 0.8384 144.25 706.03 0.9931 267.89 677.89 0.9948 110.00 760.11 0.9561 334.56 760.99 0.9720 95.22 713.64 0.9091 356.56 804.82 0.9368 223.69 862.80 0.9901 300.05 847.56 0.9940 244.63 937.63 0.9760 322.56 929.90 0.9875 298.01 1038.27 0.9667 344.05 1026.72 0.9804
86 82.20 513.67 373.85 1046.53 0.9264 125.62 597.52 0.0303 123.32 589.00 0.0568 132.30 586.13 0.0167 117.18 594.86 0.9339 168.24 584.24 0.6275 121.35 665.31 0.9907 211.84 627.69 0.9912 150.85 752.75 0.9596 225.50 597.44 0.9729 193.36 812.52 0.8812 168.42 548.10 0.9246 190.06 802.49 0.9918 257.49 798.13 0.9941 211.66 867.33 0.9716 296.51 894.89 0.9890 248.09 945.07 0.9599 333.48 1007.53 0.9798
87 0.39 502.19 307.15 968.80 0.9254 110.16 554.57 0.0172 107.61 546.20 0.0236 117.08 544.00 0.0175 85.18 554.38 0.9236 146.43 544.74 0.9156 76.86 622.75 0.9905 187.26 601.71 0.9939 22.15 665.95 0.8534 246.09 670.51 0.9724 0.00 653.83 0.3415 277.46 698.21 0.9320 159.62 773.02 0.9866 225.36 757.40 0.9917 203.34 850.27 0.9571 254.34 807.18 0.9701 247.86 935.38 0.9545 280.75 863.86 0.9748
88 0.54 367.16 288.49 894.82 0.9302 106.64 497.35 0.0393 102.97 493.71 0.0139 109.55 489.76 0.0174 79.12 504.70 0.5763 132.97 493.93 0.7151 81.38 553.54 0.9824 169.93 536.82 0.9946 25.05 501.67 0.8556 220.99 479.10 0.9854 6.57 455.43 0.6055 235.95 408.80 0.9753 144.92 695.11 0.9860 207.86 689.41 0.9955 167.86 766.56 0.9657 241.51 769.52 0.9876 210.19 847.52 0.9692 262.90 846.65 0.9844
89 0.61 382.38 285.45 859.61 0.9286 70.36 483.71 0.0277 65.81 478.63 0.0243 74.43 474.51 0.0098 56.18 489.09 0.7983 107.05 478.49 0.6894 56.92 537.27 0.9962 139.21 514.43 0.9948 22.84 470.83 0.9678 119.26 454.14 0.9535 26.78 417.08 0.9307 84.48 421.04 0.9381 117.85 666.78 0.9978 182.27 660.34 0.9989 148.29 736.55 0.9949 219.87 744.06 0.9984 183.85 796.72 0.9833 258.55 819.93 0.9915
90 0.29 318.51 215.08 824.30 0.9320 59.86 454.40 0.0107 53.16 451.17 0.0053 63.51 448.15 0.0084 29.47 464.74 0.5931 80.20 458.01 0.7513 20.65 511.70 0.9769 110.03 491.66 0.9976 22.30 471.33 0.4777 136.20 428.81 0.9909 41.44 410.83 0.3221 126.57 364.76 0.9704 84.28 639.14 0.9924 144.01 629.76 0.9978 127.03 723.32 0.9861 170.60 697.78 0.9974 181.69 785.29 0.9685 195.14 756.76 0.9928
91 0.00 399.04 203.03 782.11 0.9367 40.97 440.16 0.0158 37.13 435.43 0.0203 46.31 432.59 0.0109 28.18 442.41 0.9052 72.62 435.05 0.8357 21.26 490.01 0.9953 107.92 472.82 0.9965 16.26 535.94 0.8991 141.72 508.59 0.8972 31.21 569.54 0.7093 134.04 551.59 0.6640 82.48 608.03 0.9964 137.56 600.27 0.9974 96.32 671.31 0.9907 157.30 672.29 0.9970 138.46 721.71 0.9882 181.66 737.72 0.9947
92 0.00 385.29 204.41 763.58 0.9395 21.32 427.42 0.0102 14.92 422.21 0.0044 21.92 419.25 0.0072 0.00 425.80 0.3852 34.05 419.16 0.6425 0.00 468.41 0.9256 68.16 450.84 0.9710 3.26 519.94 0.8364 116.54 496.72 0.9833 15.81 567.68 0.9121 159.37 553.60 0.9902 52.58 583.16 0.9908 102.82 575.87 0.9967 73.95 649.40 0.9878 135.61 650.44 0.9983 97.89 717.39 0.9768 169.39 730.72 0.9943
93 0.00 374.54 145.32 734.25 0.9292 8.94 408.78 0.0414 6.25 403.27 0.0166 6.21 401.34 0.0732 0.00 406.54 0.2001 10.54 403.40 0.6375 0.00 448.60 0.2488 40.84 436.40 0.9640 14.82 501.78 0.0108 73.64 484.38 0.9641 43.72 549.63 0.0326 103.72 543.58 0.9515 20.35 560.88 0.7477 62.13 553.78 0.9743 49.52 629.86 0.8693 95.26 610.41 0.9959 94.00 702.09 0.9464 116.47 676.67 0.9972
94 0.00 350.73 120.02 715.76 0.9121 36.37 397.02 0.0249 28.84 390.24 0.0036 35.59 389.35 0.0668 2.11 391.04 0.0766 32.76 391.41 0.9107 1.23 430.39 0.5499 41.96 434.85 0.9764 18.58 440.40 0.0559 41.17 483.19 0.7733 15.87 428.96 0.1033 7.44 503.93 0.5214 15.60 533.88 0.8136 47.24 532.73 0.9756 33.93 603.62 0.8643 76.13 601.40 0.9920 65.04 666.24 0.8729 88.93 665.96 0.9862
95 0.00 312.70 127.79 686.87 0.9276 30.73 389.28 0.2646 28.67 382.11 0.0400 28.13 381.77 0.2269 12.65 377.14 0.0211 18.06 376.65 0.3465 8.82 401.11 0.3745 17.04 399.58 0.8241 54.95 372.62 0.5731 56.54 375.48 0.8563 39.06 338.39 0.8157 37.98 339.19 0.8371 25.75 507.86 0.7118 36.69 508.21 0.9038 57.81 577.20 0.7128 74.35 575.72 0.9659 73.09 650.17 0.5266 84.93 655.65 0.9013
96 0.00 330.57 189.50 654.65 0.9274 55.04 374.15 0.8946 54.00 366.84 0.0879 49.58 367.04 0.9463 40.37 364.54 0.0012 27.30 365.58 0.9391 41.21 390.85 0.9654 9.05 399.99 0.7342 92.98 378.05 0.9701 0.05 430.69 0.1598 134.42 357.28 0.9827 2.58 433.99 0.2980 51.79 498.57 0.9814 47.12 501.53 0.9643 69.66 562.26 0.9970 111.29 552.71 0.9961 70.85 633.69 0.9874 136.22 622.37 0.9874
97 65.92 329.52 244.95 642.36 0.9195 129.23 359.24 0.9252 126.36 352.06 0.1100 122.96 354.20 0.9416 111.60 355.42 0.0046 104.14 361.49 0.9514 113.13 389.61 0.9812 96.02 397.67 0.9925 145.71 439.32 0.9738 91.05 454.79 0.9951 184.14 467.46 0.9882 91.10 507.47 0.9948 132.83 484.89 0.9904 129.62 488.79 0.9941 136.79 553.29 0.9971 177.13 546.88 0.9987 95.15 611.37 0.9919 196.66 612.98 0.9949
98 129.52 318.54 331.97 631.46 0.9265 201.31 345.21 0.8931 197.53 339.48 0.0904 196.47 340.11 0.9073 175.15 345.16 0.0144 179.57 348.45 0.9735 158.70 381.57 0.9899 188.75 384.39 0.9967 144.10 429.44 0.9707 240.70 416.21 0.9979 137.25 465.10 0.9602 295.42 411.22 0.9951 202.03 475.87 0.9965 207.79 479.80 0.9979 246.79 517.37 0.9950 214.16 542.39 0.9984 289.59 568.48 0.9900 202.12 607.38 0.9924
99 225.14 306.32 363.26 587.17 0.8926 278.07 331.09 0.8487 275.10 324.73 0.0789 272.25 326.41 0.8946 256.84 329.41 0.0102 256.40 335.08 0.9566 254.46 361.43 0.8709 256.89 371.30 0.9958 286.79 404.56 0.1323 291.36 419.24 0.9935 320.75 435.60 0.2027 333.67 449.63 0.9821 285.61 448.92 0.9374 288.53 455.31 0.9879 315.00 500.77 0.9462 333.18 504.93 0.9912 310.16 563.06 0.9189 317.35 562.35 0.9701
100 272.20 294.51 466.09 582.57 0.9342 364.42 324.05 0.8475 361.67 318.79 0.0782 360.09 319.34 0.8404 348.18 322.42 0.0125 346.84 325.23 0.9348 355.85 348.85 0.9921 336.64 361.24 0.9969 389.81 348.67 0.9875 314.17 398.62 0.9970 404.80 318.34 0.9942 290.28 443.71 0.9969 371.93 441.89 0.9951 371.71 445.45 0.9968 375.76 502.06 0.9982 412.96 497.11 0.9991 333.58 552.06 0.9924 426.56 557.69 0.9943
101 387.05 257.90 530.19 573.74 0.8714 435.98 316.74 0.7188 433.85 310.24 0.0421 433.22 311.56 0.8428 415.74 310.86 0.0135 418.93 315.78 0.9816 406.65 332.18 0.9805 411.45 352.00 0.9970 412.46 305.59 0.9137 443.74 394.78 0.9948 415.03 281.50 0.9359 483.15 423.35 0.9893 437.32 425.36 0.9872 427.91 433.56 0.9941 468.20 469.80 0.9860 437.06 489.86 0.9946 491.18 520.26 0.9920 429.98 552.74 0.9936
102 451.97 266.91 576.61 548.69 0.8757 501.37 315.51 0.6589 500.23 309.66 0.0478 498.20 309.90 0.6996 479.08 308.18 0.0164 485.80 309.71 0.9102 465.60 326.91 0.9097 486.71 332.96 0.9920 478.89 303.38 0.3917 522.31 320.75 0.9898 499.70 277.06 0.5421 556.37 295.46 0.9821 486.13 413.05 0.9889 502.71 415.04 0.9971 512.31 465.78 0.9821 537.37 466.41 0.9967 511.42 519.01 0.9736 521.02 517.96 0.9906
103 516.67 231.38 647.68 536.65 0.8721 572.33 302.58 0.5373 570.77 297.21 0.0379 568.04 297.65 0.4946 560.33 299.24 0.0112 555.98 300.27 0.7365 559.41 325.06 0.9709 546.09 320.32 0.9848 594.01 325.49 0.9888 543.61 285.54 0.9866 625.90 317.93 0.9925 538.52 255.13 0.9806 561.82 398.65 0.9898 564.33 400.14 0.9928 564.29 458.69 0.9977 596.19 454.03 0.9984 532.90 510.72 0.9928 604.62 510.82 0.9947
104 573.74 216.25 674.78 528.46 0.8234 615.14 290.10 0.1249 611.89 285.92 0.0148 613.76 285.94 0.1156 594.05 289.67 0.0679 607.12 290.62 0.6815 589.13 315.06 0.8777 603.80 312.24 0.9913 604.82 300.49 0.2910 629.91 272.45 0.9813 619.05 273.85 0.3686 624.39 238.23 0.9452 609.64 385.67 0.9701 614.55 388.80 0.9910 630.74 431.34 0.9721 618.53 444.06 0.9929 647.72 475.91 0.9862 608.36 500.68 0.9923
105 619.57 259.64 729.47 503.35 0.8597 663.57 281.50 0.4600 660.96 276.80 0.0430 660.60 276.54 0.5307 640.44 280.74 0.0747 651.94 281.53 0.9391 630.89 308.71 0.9698 657.82 309.61 0.9947 637.52 333.06 0.3285 686.46 331.68 0.9859 663.00 335.86 0.2010 717.53 341.17 0.9614 645.05 377.54 0.9855 665.01 377.79 0.9942 663.40 427.43 0.9858 691.98 426.12 0.9959 661.58 480.24 0.9858 679.68 478.65 0.9923
106 668.05 257.75 772.44 493.20 0.8129 728.56 284.56 0.8677 727.44 278.67 0.1353 724.62 279.85 0.8942 716.33 277.90 0.0109 710.20 281.35 0.9341 711.13 300.69 0.8908 703.52 307.90 0.9874 715.52 333.85 0.1419 698.69 352.09 0.9787 725.24 349.27 0.1583 698.42 392.74 0.9708 724.63 372.10 0.9647 723.21 375.05 0.9870 717.80 422.06 0.9843 744.36 421.72 0.9964 683.63 462.94 0.9829 743.29 473.49 0.9919
107 703.48 260.06 846.82 492.22 0.8837 776.86 286.11 0.9749 779.25 280.55 0.6595 771.46 280.95 0.9835 777.47 281.42 0.0324 757.00 282.08 0.9645 771.77 304.48 0.9690 744.05 305.04 0.9936 771.73 335.90 0.5592 723.17 332.75 0.9838 782.39 358.39 0.5194 715.86 363.60 0.9754 779.39 373.56 0.9877 758.18 376.53 0.9937 795.17 414.47 0.9889 759.80 422.63 0.9951 813.96 458.41 0.9872 745.83 471.30 0.9892
108 775.64 257.47 873.82 494.04 0.8421 819.44 284.39 0.9688 822.56 278.59 0.8581 814.21 279.62 0.9659 826.15 277.32 0.2498 804.08 279.44 0.8812 834.06 300.23 0.9918 792.93 304.46 0.9925 844.47 334.25 0.9823 783.79 338.95 0.9838 857.72 364.04 0.9800 785.87 370.14 0.9840 836.46 370.89 0.9945 812.29 373.36 0.9951 841.91 421.81 0.9947 833.44 421.41 0.9959 834.20 468.16 0.9863 804.70 460.68 0.9893
109 804.49 266.87 940.82 513.56 0.9133 862.29 293.58 0.9867 865.28 287.70 0.8940 857.20 288.68 0.9861 868.30 286.72 0.1846 846.07 288.71 0.9416 877.39 309.47 0.9951 834.16 314.22 0.9956 898.65 335.67 0.9825 817.70 341.64 0.9905 922.95 352.47 0.9833 812.18 370.22 0.9905 879.32 382.02 0.9952 854.50 384.51 0.9961 869.98 427.65 0.9946 873.58 432.81 0.9975 842.70 464.05 0.9917 885.87 487.42 0.9942
110 866.05 269.80 969.70 520.04 0.8788 906.35 297.56 0.9659 909.79 291.44 0.8382 900.73 292.29 0.9766 912.70 290.12 0.1504 888.21 291.90 0.9201 918.49 313.39 0.9715 876.42 314.84 0.9894 922.60 345.71 0.5843 886.69 326.23 0.9506 924.46 377.24 0.5168 907.73 322.79 0.9109 921.31 392.71 0.9908 891.19 395.04 0.9926 931.44 446.74 0.9899 890.03 445.73 0.9902 943.83 497.29 0.9873 886.56 493.54 0.9845
111 911.22 262.99 985.10 534.69 0.8543 956.93 306.60 0.9535 960.06 299.63 0.7578 951.16 301.19 0.9446 963.11 299.34 0.1368 939.83 302.25 0.8370 969.17 324.71 0.9598 932.23 323.25 0.9908 968.62 334.94 0.2152 921.31 301.51 0.9595 959.48 336.90 0.1294 931.58 280.23 0.9356 971.24 398.15 0.9889 946.08 399.03 0.9930 971.36 458.39 0.9912 959.51 461.55 0.9948 958.94 506.77 0.9825 928.70 500.88 0.9826
112 950.87 288.45 1026.49 572.36 0.8768 999.99 324.09 0.9847 1002.47 317.80 0.8957 994.64 319.00 0.9856 1005.13 317.19 0.1627 984.09 319.58 0.9262 1011.83 339.93 0.9600 973.96 339.32 0.9897 1003.77 337.72 0.3675 959.54 325.70 0.9361 982.19 326.53 0.3779 964.39 307.90 0.9168 1014.79 421.63 0.9886 988.92 423.16 0.9948 1007.76 474.22 0.9893 1004.88 483.60 0.9976 972.37 505.79 0.9900 1008.24 541.36 0.9953
113 995.15 248.37 1106.76 576.02 0.9022 1047.10 332.93 0.9629 1050.27 327.20 0.6471 1043.00 326.86 0.9674 1050.73 326.92 0.0414 1029.02 324.87 0.9301 1047.11 351.48 0.9535 1014.53 346.05 0.9948 1048.89 354.96 0.2424 1018.03 312.73 0.9887 1050.09 341.98 0.1692 1039.39 274.93 0.9794 1051.68 436.87 0.9917 1022.28 437.90 0.9955 1063.38 495.40 0.9934 1018.62 494.02 0.9958 1074.56 546.20 0.9937 1008.50 541.45 0.9933
114 1034.52 306.02 1168.13 589.31 0.9184 1087.04 342.65 0.9844 1092.05 336.26 0.9242 1081.85 336.19 0.9832 1097.37 331.80 0.3171 1069.96 330.93 0.9284 1105.62 357.96 0.9963 1051.82 359.12 0.9937 1128.48 388.95 0.9876 1046.08 406.06 0.9815 1151.31 414.39 0.9862 1055.84 447.47 0.9840 1096.92 445.79 0.9965 1064.59 446.37 0.9949 1095.02 505.44 0.9967 1075.39 503.62 0.9960 1083.15 560.23 0.9903 1056.04 558.79 0.9881
115 1007.65 309.91 1187.42 621.76 0.9277 1080.93 362.97 0.9790 1085.75 356.11 0.9724 1075.71 357.27 0.8925 1097.03 347.85 0.8431 1071.07 351.29 0.2547 1116.01 361.29 0.9924 1064.22 369.86 0.9961 1146.15 351.20 0.9845 1047.99 390.06 0.9922 1167.76 329.39 0.9846 1026.59 403.97 0.9900 1110.25 461.23 0.9961 1078.08 463.46 0.9981 1099.32 522.35 0.9739 1081.78 530.31 0.9959 1087.65 556.07 0.9111 1088.40 591.72 0.9783
116 993.27 331.66 1242.29 632.19 0.9279 1072.40 373.52 0.9833 1077.38 365.79 0.9836 1066.59 367.38 0.9106 1090.12 357.27 0.9114 1062.58 362.22 0.2444 1115.06 373.43 0.9976 1057.76 383.30 0.9953 1161.47 369.92 0.9949 1043.24 409.31 0.9916 1211.20 356.73 0.9890 1016.16 427.46 0.9883 1110.34 480.13 0.9986 1073.33 482.99 0.9986 1125.28 546.09 0.9966 1080.16 548.48 0.9973 1136.04 598.34 0.9880 1087.44 602.54 0.9901
117 998.42 357.89 1263.00 686.98 0.9320 1073.40 402.55 0.9866 1078.50 394.78 0.9936 1068.37 396.17 0.8195 1095.85 385.33 0.9803 1067.85 389.87 0.0373 1127.03 407.99 0.9981 1065.05 408.18 0.9930 1175.00 416.27 0.9955 1045.21 421.07 0.9858 1229.19 418.03 0.9897 1018.14 427.42 0.9845 1113.63 508.41 0.9978 1074.61 505.90 0.9963 1110.47 579.02 0.9959 1076.74 563.66 0.9921 1120.26 645.30 0.9873 1086.18 601.62 0.9865
118 946.98 369.83 1206.60 689.55 0.9302 1027.53 414.37 0.9521 1031.32 406.07 0.9790 1023.55 408.22 0.4743 1051.30 396.59 0.9867 1030.31 402.68 0.0160 1085.33 420.44 0.9983 1042.77 424.33 0.9525 1134.20 428.81 0.9955 1062.73 437.66 0.2165 1179.71 435.25 0.9864 1066.92 453.07 0.1437 1082.48 531.66 0.9982 1044.16 529.74 0.9939 1097.96 596.39 0.9959 1018.84 590.25 0.9902 1117.99 653.14 0.9903 991.13 652.22 0.9873
119 919.53 362.26 1048.53 699.54 0.9118 935.67 406.25 0.9419 939.77 397.84 0.9754 932.53 399.41 0.2709 960.82 391.59 0.9779 939.69 395.95 0.0073 990.84 428.79 0.9938 951.08 428.53 0.9744 1014.57 482.89 0.9824 956.70 480.14 0.9051 1022.79 535.56 0.9824 941.52 517.10 0.9444 983.82 539.00 0.9969 954.19 536.79 0.9949 972.88 607.31 0.9950 951.47 602.27 0.9961 1027.13 652.81 0.9745 967.61 664.67 0.9834
120 823.76 372.03 978.42 735.76 0.9188 861.25 403.17 0.9690 869.88 397.75 0.9841 860.08 395.89 0.5240 891.53 405.84 0.9852 866.52 401.00 0.0235 909.13 453.11 0.9959 867.97 440.35 0.9891 920.20 516.03 0.9941 861.45 485.16 0.9456 914.67 574.89 0.9912 846.99 522.14 0.9417 894.79 556.21 0.9974 876.78 549.60 0.9950 867.29 624.32 0.9975 906.68 613.25 0.9937 858.29 702.06 0.9902 956.79 660.64 0.9871
121 723.82 376.66 870.51 739.07 0.9041 785.62 404.90 0.9410 796.10 399.52 0.9688 782.80 397.09 0.6775 816.45 411.44 0.9457 783.62 405.92 0.0524 832.98 457.19 0.9929 786.86 449.20 0.9295 849.78 520.69 0.9841 795.61 506.18 0.1525 825.53 575.23 0.9766 790.47 561.02 0.1031 827.66 573.11 0.9960 789.65 567.57 0.9871 838.26 644.53 0.9940 774.95 639.59 0.9869 852.85 703.52 0.9896 771.97 702.74 0.9864
122 634.21 384.21 869.27 764.70 0.9277 728.64 416.75 0.8697 733.66 408.75 0.7619 720.34 410.82 0.8307 743.81 413.34 0.5529 709.56 419.14 0.7236 772.88 459.41 0.9974 694.13 466.92 0.9967 805.08 508.69 0.9952 674.93 521.27 0.9950 839.74 558.46 0.9895 654.78 577.21 0.9902 771.70 582.14 0.9981 720.20 587.54 0.9979 784.30 653.20 0.9967 725.45 665.14 0.9974 805.20 704.77 0.9889 735.84 728.00 0.9887
123 536.58 370.03 866.97 759.55 0.9239 720.75 406.70 0.9078 723.09 397.93 0.6886 709.19 404.77 0.9319 730.77 404.98 0.2848 697.72 422.35 0.8831 764.80 438.60 0.9961 683.98 457.91 0.9983 808.06 418.42 0.9920 624.24 449.51 0.9968 846.82 387.36 0.9758 575.08 434.45 0.9869 767.72 575.19 0.9964 719.40 583.26 0.9971 772.61 654.52 0.9959 730.07 659.82 0.9958 768.60 718.45 0.9867 737.09 725.43 0.9840
124 648.00 298.69 815.95 784.00 0.9193 741.34 415.33 0.9789 741.91 407.38 0.7222 731.77 411.55 0.9884 742.82 412.75 0.0332 712.86 423.38 0.9674 763.77 435.81 0.9958 701.08 455.58 0.9973 796.37 383.23 0.9950 664.73 422.77 0.9964 800.19 321.10 0.9901 669.03 353.68 0.9928 777.68 573.95 0.9971 736.14 582.59 0.9977 778.03 658.61 0.9964 750.00 670.26 0.9970 770.55 720.80 0.9878 741.50 742.48 0.9857
125 672.47 383.79 818.97 800.68 0.9260 759.37 460.74 0.9879 763.09 451.68 0.8585 750.85 454.07 0.9930 765.60 443.74 0.0582 729.14 449.11 0.9823 769.89 457.74 0.9917 708.00 472.01 0.9950 799.18 402.97 0.9554 685.87 428.82 0.9643 763.40 391.98 0.9631 722.38 413.89 0.9517 783.81 597.49 0.9963 737.38 607.73 0.9969 801.11 674.35 0.9936 757.75 693.90 0.9948 779.47 720.30 0.9820 757.65 758.77 0.9752
126 705.11 357.42 905.12 823.92 0.9203 790.17 486.39 0.9876 795.02 476.90 0.9140 782.02 479.20 0.9923 799.45 469.34 0.0792 760.61 474.53 0.9518 807.23 482.87 0.9941 741.52 496.20 0.9908 845.96 437.31 0.9918 717.28 457.66 0.9812 876.04 386.49 0.9868 729.38 399.17 0.9827 808.03 628.40 0.9975 759.75 635.37 0.9965 833.16 710.12 0.9964 756.45 710.20 0.9933 850.27 788.55 0.9908 758.78 771.11 0.9859
127 690.10 450.04 993.26 876.60 0.9333 874.42 504.52 0.9929 879.46 493.87 0.8798 863.91 496.25 0.9958 881.48 486.78 0.0350 838.52 492.18 0.9876 890.10 519.98 0.9970 808.09 535.40 0.9979 919.57 563.58 0.9813 760.94 592.94 0.9919 955.80 600.12 0.9795 719.26 653.37 0.9900 881.95 661.98 0.9979 832.34 668.66 0.9978 879.60 750.54 0.9980 852.58 753.97 0.9983 860.66 817.43 0.9903 837.81 830.32 0.9885
128 843.02 492.80 993.27 954.99 0.9327 940.64 542.11 0.9844 942.38 530.91 0.8636 927.38 535.46 0.9909 941.38 529.01 0.0687 899.46 540.57 0.9789 959.54 569.16 0.9947 872.75 596.38 0.9924 975.18 625.55 0.9622 858.06 669.12 0.9823 978.70 693.39 0.9446 864.63 735.90 0.9854 956.00 710.64 0.9936 907.49 725.44 0.9951 942.79 784.51 0.9875 939.38 812.63 0.9979 893.71 814.22 0.9846 943.55 903.55 0.9930
129 912.70 521.14 1152.12 992.31 0.9117 1041.82 576.58 0.9818 1043.27 564.31 0.6188 1027.85 568.20 0.9952 1038.28 561.68 0.0052 992.37 571.95 0.9934 1042.59 606.24 0.9806 960.66 631.17 0.9974 1041.26 676.72 0.8371 942.37 716.83 0.9935 1054.25 728.51 0.8696 962.48 791.67 0.9904 1044.96 762.14 0.9950 986.14 772.90 0.9969 1065.53 856.21 0.9960 964.89 852.88 0.9941 1085.91 951.45 0.9909 949.46 910.35 0.9866
130 1042.15 547.35 1266.22 1069.37 0.9348 1176.53 607.99 0.9822 1178.35 595.03 0.5970 1162.60 599.55 0.9927 1171.65 592.63 0.0048 1126.33 603.49 0.9895 1179.82 640.50 0.9930 1086.20 664.39 0.9964 1197.86 712.94 0.9771 1060.08 743.93 0.9894 1227.66 780.70 0.9794 1065.10 818.72 0.9901 1169.50 809.79 0.9975 1115.09 822.78 0.9979 1134.44 910.56 0.9963 1150.26 922.80 0.9978 1101.20 978.33 0.9866 1109.26 996.41 0.9905
131 1135.49 602.12 1409.04 1158.39 0.9181 1327.86 672.91 0.9795 1328.52 658.89 0.4239 1312.78 663.11 0.9888 1312.66 653.93 0.0027 1269.63 665.10 0.9827 1313.04 701.30 0.9947 1222.10 730.41 0.9953 1333.67 775.67 0.9836 1190.37 825.18 0.9939 1371.03 842.20 0.9836 1192.22 919.53 0.9948 1286.77 881.45 0.9949 1242.20 898.88 0.9969 1241.68 965.80 0.9908 1274.77 1005.45 0.9986 1175.57 977.22 0.9804 1261.24 1092.80 0.9892
132 1232.16 645.31 1556.71 1181.26 0.9339 1506.15 728.74 0.9649 1509.00 712.86 0.3575 1493.79 718.46 0.9914 1488.09 700.95 0.0063 1446.17 711.96 0.9894 1443.92 740.21 0.8868 1392.69 781.61 0.9949 1409.07 816.96 0.2221 1391.37 899.94 0.9882 1422.80 873.17 0.1235 1483.15 980.05 0.9855 1430.57 927.26 0.9795 1365.56 943.89 0.9930 1455.47 1032.83 0.9786 1317.70 1036.86 0.9823 1470.64 1143.50 0.9646 1259.47 1092.19 0.9559
133 1463.05 696.51 1726.45 1330.46 0.9448 1688.74 799.41 0.9762 1699.44 784.30 0.4567 1678.72 784.74 0.9884 1693.19 764.75 0.0091 1633.63 761.16 0.9677 1646.56 802.96 0.9007 1555.41 811.58 0.9910 1603.32 888.36 0.4365 1493.16 910.79 0.9893 1602.47 953.05 0.4715 1581.20 980.81 0.9940 1576.09 978.21 0.9702 1530.52 991.69 0.9892 1548.59 1071.76 0.9862 1614.09 1122.92 0.9933 1502.76 1160.05 0.9797 1593.00 1253.85 0.9685
134 1477.83 839.18 2044.93 1399.47 0.9467 1884.01 963.77 0.9582 1899.86 947.93 0.4517 1870.52 947.77 0.9734 1906.59 917.75 0.0264 1820.26 913.31 0.9525 1887.27 936.73 0.9853 1759.35 947.26 0.9923 1937.87 1030.66 0.9769 1669.24 1059.56 0.9927 1995.02 1089.91 0.9804 1810.76 1063.19 0.9953 1734.72 1068.31 0.9672 1679.14 1074.39 0.9840 1687.56 1124.23 0.9758 1830.26 1160.31 0.9969 1552.92 1163.26 0.9292 1832.24 1320.72 0.9736
135 1650.68 722.31 2046.97 1405.46 0.9281 2048.00 804.36 0.0052 2048.00 788.00 0.0011 2048.00 788.02 0.0032 2048.00 780.76 0.0043 2048.00 779.50 0.0131 2048.00 831.64 0.0346 2025.12 817.59 0.5789 1868.07 864.41 0.0240 1785.14 825.93 0.9785 1784.76 956.91 0.0444 1699.47 947.60 0.9686 1932.67 1057.48 0.8947 1878.08 1052.59 0.9877 1955.38 1162.91 0.8639 1944.60 1219.93 0.9827 1840.41 1164.32 0.9759 1831.80 1316.62 0.9832
136 1803.52 595.35 2046.79 1408.91 0.9409 2010.11 738.47 0.9022 2035.90 718.82 0.4510 2006.60 711.29 0.5765 2048.00 717.08 0.0078 2002.70 693.44 0.0053 2048.00 842.75 0.0168 2003.69 754.35 0.7620 2048.00 1060.15 0.0261 1958.77 841.17 0.9782 2030.26 1173.09 0.7622 1875.02 895.08 0.9949 2001.97 1108.60 0.6292 1904.69 1057.98 0.9791 1954.27 1265.58 0.8108 1870.51 1214.30 0.9812 1915.76 1346.06 0.7216 1849.68 1321.38 0.9166
137 1671.35 626.67 2046.93 1486.49 0.9221 1875.97 762.07 0.7804 1883.08 739.48 0.9127 1885.43 739.71 0.0237 1947.13 743.19 0.9825 1947.69 739.07 0.0015 2035.62 936.91 0.9587 1967.64 848.06 0.8612 2031.14 1146.12 0.9091 1923.17 1008.97 0.3740 1938.51 1263.14 0.9890 1843.41 1105.37 0.5532 1926.63 1196.31 0.9608 1869.24 1129.45 0.9558 1806.55 1312.92 0.9365 1763.63 1174.09 0.9542 1813.67 1457.90 0.6891 1775.95 1331.39 0.9249
138 1495.44 728.04 2018.62 1490.73 0.9478 1676.22 826.50 0.7210 1680.38 811.38 0.8592 1689.34 808.25 0.0184 1721.38 827.65 0.9943 1777.53 816.87 0.0101 1743.38 959.75 0.9983 1872.76 895.69 0.9973 1674.71 1121.31 0.9953 1993.11 959.99 0.9819 1563.50 996.66 0.9842 1873.65 927.56 0.6101 1724.25 1233.38 0.9895 1786.59 1196.08 0.9897 1591.35 1330.78 0.9716 1612.56 1265.96 0.9543 1765.08 1463.56 0.9231 1584.05 1400.45 0.9462
139 1194.30 749.46 1582.00 1472.95 0.9359 1422.12 808.57 0.2843 1425.37 800.20 0.5570 1435.47 800.00 0.0139 1443.33 829.12 0.9929 1500.23 821.20 0.1081 1429.26 948.20 0.9975 1544.73 902.95 0.9461 1456.60 1095.71 0.9695 1508.65 1026.59 0.5446 1448.89 1209.21 0.9603 1397.19 1033.50 0.9296 1429.40 1147.47 0.9794 1505.06 1141.33 0.9581 1331.27 1157.59 0.9675 1473.94 1252.82 0.9735 1267.21 1252.34 0.9756 1506.42 1419.48 0.9647
140 1044.80 644.63 1379.22 1247.99 0.9337 1257.32 707.98 0.0429 1255.31 696.12 0.0828 1270.84 700.40 0.0131 1255.30 711.93 0.9543 1324.30 715.54 0.5775 1223.65 805.41 0.9912 1345.80 795.79 0.9914 1159.02 906.52 0.9778 1349.80 893.20 0.9727 1082.78 945.33 0.9628 1334.54 950.26 0.9596 1216.97 985.71 0.9901 1286.28 978.02 0.9920 1208.01 1092.67 0.9791 1252.38 1053.14 0.9763 1219.22 1204.21 0.9804 1252.49 1145.02 0.9861
141 978.14 584.67 1278.10 1192.05 0.9376 1172.50 635.86 0.0491 1171.53 625.05 0.0650 1182.24 631.10 0.0145 1162.80 636.96 0.9526 1221.57 644.19 0.5821 1121.53 712.92 0.9953 1235.23 716.62 0.9927 1059.85 787.88 0.9846 1254.40 811.54 0.9722 1007.63 760.69 0.9790 1265.86 883.59 0.9701 1127.90 890.50 0.9935 1193.44 884.28 0.9879 1115.73 1003.90 0.9846 1127.00 954.51 0.9457 1166.93 1119.38 0.9563 1131.54 1041.44 0.9175
142 986.18 522.42 1185.91 1054.58 0.9105 1113.88 575.30 0.0158 1108.33 566.66 0.0096 1121.58 567.70 0.0068 1081.98 573.62 0.9473 1140.16 576.24 0.9023 1053.28 643.34 0.9991 1158.53 640.08 0.9990 1053.34 736.63 0.9637 1168.42 685.27 0.8699 1049.39 805.56 0.7140 1129.94 659.22 0.3188 1069.78 796.39 0.9989 1133.51 805.04 0.9987 1038.54 837.32 0.9961 1120.31 894.66 0.9975 1025.47 911.24 0.9976 1117.97 1006.22 0.9960
143 927.86 474.84 1135.70 932.49 0.9473 1068.48 523.85 0.0150 1063.09 515.52 0.0046 1072.61 516.58 0.0151 1032.77 518.01 0.8291 1080.54 523.98 0.9414 998.53 573.03 0.9985 1094.81 587.85 0.9983 961.50 633.41 0.9836 1110.66 665.79 0.9901 941.11 675.10 0.9591 1123.76 726.78 0.9778 1010.98 724.64 0.9988 1071.31 727.98 0.9981 1013.92 808.48 0.9968 1065.63 791.58 0.9947 1024.72 896.95 0.9856 1065.99 859.83 0.9858
144 951.95 441.38 1122.48 887.43 0.9434 1054.98 482.85 0.0140 1050.84 475.37 0.0075 1059.51 476.34 0.0143 1028.36 478.40 0.9146 1071.46 483.16 0.9530 999.36 530.72 0.9987 1084.80 541.06 0.9982 974.20 595.89 0.9850 1096.43 614.21 0.9857 963.68 639.36 0.9615 1107.77 670.70 0.9746 1013.49 667.32 0.9988 1066.60 669.45 0.9977 1006.03 747.03 0.9974 1057.05 731.31 0.9938 1014.33 833.13 0.9869 1053.01 798.88 0.9817
145 949.27 413.10 1081.29 824.47 0.9175 998.29 451.33 0.0391 995.26 444.93 0.0415 1003.46 444.31 0.0125 987.68 450.63 0.9455 1027.33 447.76 0.8053 979.34 503.53 0.9983 1051.92 491.98 0.9978 980.28 575.54 0.9822 1070.49 536.27 0.8783 977.88 637.23 0.9121 1038.26 557.85 0.5151 1000.60 618.01 0.9975 1046.04 617.76 0.9974 985.89 671.10 0.9929 1044.49 697.70 0.9958 984.83 729.03 0.9913 1053.33 783.08 0.9919
146 874.54 379.69 1031.04 748.46 0.9232 958.49 412.36 0.0247 956.99 406.29 0.0294 963.74 406.50 0.0109 950.49 410.34 0.9463 985.32 410.97 0.8106 934.27 456.62 0.9976 1004.93 457.30 0.9973 911.24 510.37 0.9820 1014.08 519.92 0.9845 888.43 530.83 0.9519 1021.10 573.57 0.9690 951.81 573.77 0.9980 991.89 572.78 0.9973 964.92 645.62 0.9951 983.98 635.43 0.9921 982.63 718.03 0.9840 979.61 703.24 0.9796
147 821.33 356.91 1040.86 701.20 0.9218 898.15 393.47 0.2228 898.98 387.05 0.2953 902.70 386.24 0.0206 907.10 388.69 0.9697 933.30 385.22 0.3380 908.31 433.30 0.9990 964.62 422.75 0.9982 884.32 488.33 0.9965 997.08 457.86 0.9875 851.78 535.06 0.9898 1024.64 481.87 0.9790 926.51 539.88 0.9992 961.77 534.19 0.9986 916.67 600.46 0.9976 948.64 594.03 0.9945 948.66 667.31 0.9862 955.60 661.47 0.9762
148 807.16 279.88 961.96 670.86 0.9171 837.78 392.18 0.9057 839.42 382.40 0.9049 834.94 384.01 0.0606 857.14 375.21 0.9394 859.41 377.70 0.0030 876.66 408.86 0.9944 887.70 397.67 0.9834 875.41 395.76 0.9770 867.75 350.47 0.8458 862.21 370.77 0.9783 854.84 313.32 0.9183 871.36 513.24 0.9966 896.69 508.90 0.9961 855.08 573.08 0.9971 912.85 575.39 0.9980 851.64 639.96 0.9885 943.61 636.92 0.9939
149 742.61 343.73 869.88 664.78 0.9131 757.35 390.94 0.8686 759.16 382.80 0.9369 755.05 383.82 0.1012 778.39 376.49 0.9799 768.74 379.01 0.0043 811.66 411.38 0.9983 788.85 401.58 0.9430 841.72 453.01 0.9925 804.43 427.87 0.1262 853.97 486.85 0.9806 804.51 450.30 0.0944 813.58 509.51 0.9969 788.58 502.24 0.9874 823.12 575.66 0.9961 782.38 558.93 0.9897 849.55 633.72 0.9889 789.80 616.54 0.9878
150 654.48 345.89 809.54 662.72 0.9132 672.26 392.39 0.8771 675.39 384.08 0.9139 667.74 385.39 0.2431 694.35 375.89 0.9549 676.85 379.67 0.0166 728.82 406.72 0.9977 697.72 404.17 0.9502 768.34 453.75 0.9930 714.39 450.49 0.2577 790.67 500.41 0.9779 714.91 494.36 0.1720 729.73 504.61 0.9968 710.00 502.27 0.9905 718.28 576.12 0.9964 712.66 572.37 0.9944 782.22 614.38 0.9881 733.96 630.55 0.9887
151 533.03 288.03 742.95 679.02 0.9196 580.98 402.31 0.9410 582.95 392.74 0.9626 576.18 395.20 0.1803 602.15 382.95 0.9792 588.59 388.57 0.0046 631.87 412.52 0.9979 609.57 401.04 0.9878 661.74 441.18 0.9972 583.47 348.28 0.9253 689.53 462.26 0.9961 558.52 311.42 0.9490 638.49 516.20 0.9979 635.84 514.33 0.9963 613.12 580.97 0.9988 662.78 576.20 0.9972 614.86 655.17 0.9965 715.39 623.37 0.9961
152 465.94 354.83 631.52 675.98 0.9164 478.63 396.43 0.3884 477.41 388.95 0.4177 478.86 388.65 0.0147 491.44 382.46 0.9093 508.01 381.43 0.0230 515.58 406.59 0.9948 546.12 403.80 0.9872 500.35 422.80 0.9874 582.93 435.52 0.9521 483.62 413.67 0.9584 599.08 457.31 0.9238 550.81 514.47 0.9967 558.67 509.19 0.9953 565.98 582.21 0.9945 530.69 564.20 0.9929 611.01 646.76 0.9901 528.05 628.00 0.9921
153 387.52 339.87 534.20 674.88 0.9195 399.46 375.52 0.5875 399.83 368.10 0.7579 400.75 367.43 0.0491 413.34 365.83 0.9802 430.27 362.95 0.0782 426.99 405.23 0.9967 468.06 397.26 0.9962 435.13 458.82 0.9785 500.49 447.09 0.9711 431.28 507.78 0.9581 516.85 497.73 0.9611 454.79 506.54 0.9955 484.84 502.91 0.9955 432.35 569.19 0.9905 476.10 567.87 0.9914 475.10 628.59 0.9715 493.54 637.67 0.9773
154 308.92 338.78 491.92 654.84 0.9194 332.36 371.40 0.0750 331.70 365.35 0.0942 336.54 364.65 0.0132 337.51 369.77 0.9309 364.55 366.27 0.4118 342.05 415.04 0.9960 392.35 400.74 0.9934 343.98 471.53 0.9768 407.51 438.96 0.5485 330.19 516.43 0.9387 383.39 463.62 0.2072 366.20 508.47 0.9974 401.54 502.45 0.9966 362.80 562.10 0.9963 419.65 564.61 0.9944 383.44 624.09 0.9900 465.52 611.38 0.9888
155 240.66 329.17 400.71 649.57 0.9327 265.55 361.89 0.0532 265.02 355.92 0.0779 270.05 354.68 0.0095 271.13 361.08 0.9177 300.24 356.84 0.3461 280.35 401.51 0.9975 321.90 390.90 0.9885 274.43 456.38 0.9865 324.85 437.11 0.3790 256.24 490.95 0.9461 300.11 469.60 0.1831 306.83 494.65 0.9940 331.42 487.30 0.9876 335.59 560.74 0.9908 322.66 542.96 0.9801 378.52 620.29 0.9877 316.99 587.34 0.9864
156 154.72 316.09 356.77 635.53 0.9232 207.70 346.44 0.6308 209.29 340.74 0.6668 209.98 340.06 0.0351 223.57 345.53 0.9669 232.38 343.33 0.0317 253.52 382.45 0.9981 245.65 378.05 0.9949 278.38 435.76 0.9949 220.33 397.15 0.9616 278.94 489.75 0.9906 183.10 394.66 0.9675 282.88 481.31 0.9926 274.53 480.21 0.9881 286.78 547.57 0.9951 279.91 544.67 0.9911 330.61 602.75 0.9854 306.76 597.64 0.9816
157 151.57 311.85 324.26 628.55 0.9284 190.95 345.00 0.3033 191.06 339.04 0.3898 193.57 337.26 0.0149 200.26 343.37 0.9689 223.37 337.65 0.1184 224.29 383.49 0.9991 245.03 370.81 0.9938 232.03 437.80 0.9971 221.75 405.82 0.9392 184.68 440.57 0.9915 182.63 403.01 0.9485 260.38 474.79 0.9965 280.39 469.41 0.9930 257.57 540.98 0.9969 289.52 536.20 0.9952 286.22 601.94 0.9859 308.41 594.06 0.9839
158 114.02 317.32 322.69 620.58 0.9228 148.42 348.35 0.1388 147.22 343.42 0.1490 151.25 341.07 0.0143 154.56 348.22 0.8712 182.02 341.46 0.2000 181.80 382.89 0.9970 203.18 373.36 0.9813 199.42 437.01 0.9931 197.99 416.03 0.5192 153.55 419.00 0.9826 150.60 419.01 0.4591 216.32 473.78 0.9956 240.83 469.53 0.9933 212.15 533.82 0.9951 268.02 534.02 0.9952 220.98 597.50 0.9824 301.89 594.06 0.9878
159 77.13 311.59 241.64 620.49 0.8938 89.97 349.22 0.0938 88.27 342.99 0.0903 91.11 341.57 0.0093 93.99 344.17 0.8370 113.24 340.51 0.1124 133.86 377.57 0.9967 130.72 372.69 0.8658 161.79 428.47 0.9922 147.29 419.24 0.1106 128.05 423.28 0.9793 121.26 422.95 0.1487 168.34 470.24 0.9781 163.35 467.92 0.8688 180.07 533.54 0.9544 179.51 531.53 0.6866 215.35 597.92 0.8442 213.11 591.71 0.5047
160 2.10 319.26 196.65 597.76 0.8236 32.93 360.95 0.8898 31.99 351.46 0.9174 27.12 357.15 0.2875 47.41 339.23 0.9495 36.15 354.24 0.0273 92.72 363.10 0.9913 64.25 380.97 0.9581 124.70 404.07 0.8798 85.08 428.89 0.6679 124.30 414.52 0.7779 84.65 461.52 0.6790 137.97 451.13 0.9469 115.59 459.76 0.9307 155.95 509.88 0.8466 140.77 519.22 0.8575 177.84 569.10 0.5861 164.06 573.43 0.6355
161 0.14 315.41 170.94 603.95 0.9082 7.92 351.05 0.6621 6.07 342.60 0.5968 2.94 347.57 0.1951 16.04 334.27 0.7302 8.90 347.88 0.0483 60.04 355.65 0.9927 30.60 376.96 0.9174 99.59 389.09 0.9818 58.08 416.02 0.4712 94.93 401.10 0.9627 75.77 422.03 0.4409 103.17 444.65 0.9934 80.25 453.76 0.9846 118.23 512.90 0.9884 103.49 523.09 0.9764 153.29 576.16 0.9524 135.99 580.10 0.9288
162 0.00 313.33 155.31 610.17 0.8909 0.00 336.82 0.0703 0.00 330.78 0.0368 0.00 331.52 0.0315 0.00 331.54 0.0527 0.00 334.29 0.0394 16.78 358.43 0.8823 0.00 369.10 0.2858 52.94 382.09 0.9603 28.03 405.93 0.0863 85.59 397.16 0.9553 55.68 423.67 0.1503 54.22 449.86 0.9880 33.06 457.77 0.9636 76.29 518.13 0.9937 54.29 528.09 0.9910 132.88 562.77 0.9908 81.09 597.69 0.9889
163 0.00 333.73 98.16 621.25 0.5671 0.00 365.94 0.0272 0.00 358.39 0.0238 0.00 358.83 0.0111 0.00 362.06 0.0254 0.00 362.78 0.0096 3.74 392.93 0.3479 0.00 395.55 0.0148 23.20 437.04 0.6500 8.93 444.23 0.0275 19.98 461.81 0.5923 7.95 463.75 0.1151 13.90 472.12 0.7253 6.02 475.01 0.2220 39.30 534.76 0.8273 18.03 542.47 0.3457 80.51 588.91 0.8851 30.27 599.29 0.5146
