55 717.62 1108.14 1040.52 1500.00 0.7050 943.42 1429.76 0.0503 947.40 1428.89 0.1563 953.10 1438.76 0.0129 922.01 1461.04 0.7258 969.37 1474.65 0.0266 857.05 1463.45 0.7765 908.38 1500.00 0.1461 834.88 1318.97 0.8967 838.49 1346.69 0.1524 858.68 1179.16 0.8383 844.54 1184.01 0.2702 789.75 1500.00 0.0496 834.18 1500.00 0.0089 841.57 1416.90 0.0173 893.71 1457.13 0.0042 831.92 1385.90 0.0087 880.71 1452.48 0.0037
56 643.47 1193.68 1297.21 1497.28 0.9224 1046.89 1261.61 0.0119 1039.69 1246.16 0.0136 1052.22 1260.61 0.0105 1003.68 1251.93 0.9566 1076.85 1281.54 0.9388 922.64 1305.09 0.9982 1069.94 1393.14 0.9941 797.88 1347.23 0.9636 1158.51 1478.01 0.8606 715.94 1339.96 0.8931 1250.38 1497.76 0.5757 842.85 1419.15 0.9471 915.98 1474.79 0.8513 793.04 1340.09 0.8798 973.68 1421.29 0.6067 696.57 1344.08 0.8326 907.92 1450.78 0.4916
57 831.38 943.13 1244.25 1497.42 0.8905 963.28 1095.39 0.0174 957.15 1089.00 0.0292 968.61 1087.18 0.0081 926.62 1109.15 0.9633 1000.34 1100.36 0.8422 917.67 1200.06 0.9971 1033.77 1155.51 0.9961 921.63 1313.32 0.9887 1144.94 1082.18 0.9848 948.91 1382.11 0.9811 1206.91 991.16 0.9699 935.68 1322.12 0.9886 993.08 1292.70 0.9897 886.04 1373.42 0.9121 911.71 1263.33 0.9011 876.72 1455.91 0.7615 860.96 1312.60 0.8829
58 749.66 899.33 1256.56 1339.16 0.9378 986.68 955.53 0.0202 982.91 945.85 0.0240 992.15 946.67 0.0084 963.49 956.71 0.9701 1029.78 955.08 0.8842 940.20 1039.95 0.9972 1060.45 1029.26 0.9977 868.51 1099.66 0.9786 1155.01 1056.86 0.9858 787.18 1121.14 0.9670 1220.88 1055.78 0.9780 927.61 1171.53 0.9902 994.71 1169.53 0.9919 892.11 1223.54 0.9802 960.38 1225.96 0.9779 885.31 1297.23 0.9726 932.85 1300.33 0.9699
59 852.39 673.01 1111.25 1279.58 0.9258 1055.09 854.51 0.0412 1050.39 847.20 0.0432 1061.64 853.12 0.0146 1032.80 860.75 0.8301 1087.55 872.46 0.6168 1000.43 890.82 0.9952 1086.83 950.67 0.9843 970.47 798.30 0.9878 1065.52 1029.12 0.9318 972.69 718.34 0.9791 1046.49 1067.44 0.9137 951.69 1035.29 0.9934 1016.29 1046.32 0.9572 906.83 1119.86 0.9823 979.73 1076.89 0.6261 881.59 1251.12 0.9508 972.71 1137.76 0.6474
60 899.30 685.73 1154.06 1112.62 0.8949 1088.88 757.30 0.0066 1080.73 748.57 0.0029 1092.35 754.57 0.0041 1054.81 749.67 0.6836 1098.52 768.78 0.6796 1033.17 780.66 0.9971 1102.35 842.24 0.9956 1040.74 724.87 0.9510 1102.24 893.58 0.8621 1088.91 706.73 0.6581 1102.56 867.15 0.3918 976.42 912.39 0.9961 1017.55 938.34 0.9959 947.23 939.70 0.9680 976.09 1016.42 0.9775 922.02 971.84 0.9272 928.07 1070.86 0.8803
61 914.81 594.75 1137.78 971.88 0.9338 1103.33 657.36 0.0133 1099.48 648.93 0.0060 1110.81 655.29 0.0086 1080.24 653.23 0.8762 1122.93 671.62 0.8383 1052.06 687.08 0.9984 1108.61 739.21 0.9959 1042.07 644.81 0.9616 1096.92 805.08 0.9672 1070.71 607.35 0.8419 1085.20 850.80 0.9342 998.75 806.63 0.9991 1042.81 826.49 0.9977 966.28 857.22 0.9993 1026.66 884.48 0.9967 934.56 937.04 0.9943 990.42 942.35 0.9773
62 930.90 456.04 1172.97 908.31 0.9377 1128.59 597.23 0.0155 1124.46 592.07 0.0099 1136.77 596.42 0.0039 1118.97 600.54 0.8507 1155.22 613.69 0.6061 1095.19 628.79 0.9994 1152.39 682.01 0.9939 1065.32 556.10 0.9985 1140.28 747.92 0.9691 1074.06 495.24 0.9811 1126.31 796.30 0.9113 1048.26 747.49 0.9993 1088.93 764.38 0.9960 1001.95 796.26 0.9996 1058.24 815.36 0.9942 969.04 877.36 0.9953 1024.39 864.70 0.9675
63 945.83 515.09 1181.50 867.97 0.9354 1108.92 556.43 0.0674 1106.97 549.83 0.0807 1116.28 550.53 0.0091 1112.35 552.62 0.9554 1146.06 554.33 0.6416 1098.32 597.16 0.9995 1166.31 607.77 0.9988 1037.95 608.48 0.9973 1164.00 665.66 0.9882 974.00 594.89 0.9896 1155.59 709.03 0.9760 1064.92 702.29 0.9985 1104.94 706.73 0.9978 1033.89 739.40 0.9978 1065.79 770.78 0.9973 1014.48 799.47 0.9941 1039.38 835.90 0.9914
64 970.45 489.11 1150.00 812.55 0.9166 1077.96 531.81 0.9142 1083.58 526.61 0.9499 1079.64 523.84 0.1938 1105.75 530.29 0.9664 1095.14 522.09 0.0084 1127.59 574.88 0.9956 1091.66 547.48 0.9553 1126.10 639.74 0.9871 1074.41 601.23 0.3470 1108.30 686.73 0.9759 1040.74 659.82 0.2817 1080.43 661.80 0.9960 1060.19 642.18 0.9732 1023.53 719.43 0.9971 1018.50 690.24 0.9375 1016.97 790.25 0.9877 1024.87 738.42 0.9087
65 944.24 479.02 1147.21 795.54 0.9304 1076.30 523.09 0.9740 1085.30 519.68 0.9780 1076.42 513.55 0.6200 1108.79 519.79 0.9443 1080.55 504.39 0.0200 1125.61 557.33 0.9942 1068.49 522.56 0.9955 1127.93 612.43 0.9910 1039.11 556.97 0.9918 1108.04 650.06 0.9909 1002.09 597.27 0.9895 1069.12 642.41 0.9971 1039.58 623.25 0.9959 1014.15 700.86 0.9966 1021.16 686.53 0.9904 988.80 763.74 0.9814 1031.52 730.46 0.9576
66 859.71 475.81 1089.27 798.88 0.9233 1012.00 528.09 0.9307 1021.36 525.35 0.9289 1013.15 518.02 0.3577 1042.51 528.12 0.9094 1019.72 509.15 0.0180 1059.73 562.54 0.9906 1004.81 516.98 0.9943 1075.45 613.84 0.9888 952.23 500.58 0.9920 1064.41 643.44 0.9861 895.18 489.99 0.9886 1010.48 648.20 0.9951 989.81 627.97 0.9946 949.24 701.48 0.9956 991.03 681.28 0.9912 911.81 765.91 0.9825 1011.80 726.35 0.9743
67 755.74 463.16 1047.88 798.73 0.9326 923.19 506.28 0.9821 931.84 502.07 0.9892 924.90 496.91 0.3618 958.89 507.71 0.9856 935.42 494.44 0.0037 982.62 547.11 0.9987 931.13 517.19 0.9947 1007.33 596.22 0.9973 906.95 550.50 0.9873 1029.72 642.70 0.9937 859.16 571.02 0.9883 934.02 647.83 0.9989 893.82 626.32 0.9979 919.72 717.68 0.9970 848.13 679.29 0.9962 915.64 767.07 0.9822 811.38 736.05 0.9859
68 712.38 372.99 900.59 799.88 0.9328 825.40 485.30 0.8756 834.62 482.15 0.9123 828.00 475.94 0.1264 856.67 489.49 0.8464 836.71 473.46 0.0031 860.19 521.89 0.9854 833.54 502.84 0.7815 878.64 484.76 0.9852 827.90 481.86 0.1355 876.91 421.76 0.9786 821.14 460.53 0.1723 813.28 630.09 0.9982 791.13 616.04 0.9924 773.15 706.68 0.9973 769.85 689.51 0.9942 815.25 750.77 0.9873 767.33 746.75 0.9862
69 565.49 454.54 797.62 814.64 0.9102 700.79 494.06 0.9272 710.49 492.30 0.9624 707.71 485.79 0.0675 732.55 507.21 0.9791 731.02 489.64 0.0024 739.82 541.52 0.9925 720.22 518.63 0.9364 774.42 544.69 0.9417 739.11 497.48 0.2113 777.98 511.77 0.9339 756.59 482.03 0.2984 697.59 643.65 0.9981 691.62 632.10 0.9942 640.60 710.35 0.9977 708.51 692.15 0.9937 613.00 781.23 0.9866 745.52 733.26 0.9860
70 414.95 346.47 679.23 813.68 0.9135 557.62 480.95 0.7731 562.14 476.77 0.6858 559.22 470.69 0.0501 584.78 481.97 0.8356 576.92 466.94 0.0044 619.04 514.63 0.9960 596.10 489.43 0.9740 649.35 525.53 0.9862 634.61 444.83 0.6540 657.73 531.40 0.9815 638.25 394.03 0.6229 601.58 638.32 0.9990 565.10 620.55 0.9973 601.03 714.94 0.9971 519.26 681.20 0.9956 616.80 772.85 0.9772 483.52 741.23 0.9821
71 368.19 381.17 520.17 815.87 0.8104 411.16 456.95 0.6607 416.00 449.65 0.6794 409.97 447.08 0.0415 439.78 448.91 0.7785 426.12 442.84 0.0050 468.67 486.89 0.9902 440.05 481.81 0.7741 482.60 474.93 0.9878 439.71 534.90 0.2039 457.42 424.88 0.9621 413.37 557.33 0.3080 449.78 618.63 0.9964 433.96 609.85 0.9841 388.28 699.39 0.9945 420.26 694.21 0.9798 466.72 756.86 0.9784 433.27 759.83 0.9575
72 114.09 274.45 449.07 830.47 0.9350 237.72 465.24 0.8232 247.50 461.98 0.8559 240.68 452.91 0.0802 280.82 466.73 0.9595 265.47 442.57 0.0126 327.52 519.00 0.9938 277.42 438.12 0.9822 372.51 605.74 0.9867 220.56 363.48 0.9830 399.36 687.27 0.9832 160.73 309.14 0.9852 295.89 643.70 0.9839 289.10 613.61 0.9771 236.75 698.12 0.9803 340.03 683.92 0.9597 234.93 791.88 0.9686 406.54 740.06 0.9538
73 0.01 280.58 275.71 830.53 0.9186 42.73 456.57 0.2770 44.29 455.79 0.2767 45.20 447.72 0.0362 71.46 471.73 0.8534 79.12 452.21 0.1089 150.46 528.19 0.9865 121.91 449.50 0.9773 226.27 590.52 0.9676 200.55 389.13 0.9770 247.29 649.96 0.9824 181.17 319.20 0.9625 170.11 637.66 0.9864 118.52 608.95 0.9890 188.69 724.48 0.9729 95.78 688.26 0.9627 234.25 788.91 0.9546 79.88 756.85 0.9549
74 0.00 335.95 87.02 749.48 0.6930 5.95 420.17 0.0109 1.69 412.12 0.0061 4.94 410.77 0.0073 0.00 416.28 0.0039 0.00 413.76 0.0044 3.03 448.61 0.0132 0.00 445.03 0.0037 17.64 476.82 0.3703 18.33 481.19 0.0572 59.92 506.62 0.6359 59.73 506.61 0.1817 1.33 525.32 0.0557 0.00 525.69 0.0264 7.04 583.18 0.4037 7.76 590.81 0.2117 34.33 683.37 0.7868 29.12 687.42 0.6342
117 1451.10 1216.13 1570.87 1500.00 0.4133 1495.57 1334.87 0.0141 1492.63 1325.05 0.0081 1496.92 1325.91 0.0043 1502.32 1340.07 0.0135 1507.94 1341.54 0.0063 1518.80 1396.23 0.0530 1514.12 1400.93 0.1166 1502.14 1371.06 0.4660 1499.91 1375.27 0.4243 1486.06 1261.25 0.6875 1478.64 1262.78 0.5810 1518.47 1466.73 0.0082 1518.51 1465.36 0.0130 1510.32 1417.07 0.0098 1509.72 1420.27 0.0119 1513.84 1437.58 0.0037 1513.77 1433.74 0.0046
118 1250.32 1191.30 1434.98 1500.00 0.4248 1308.02 1298.09 0.0129 1304.81 1284.16 0.0072 1307.34 1285.36 0.0037 1320.39 1296.77 0.0121 1324.62 1298.46 0.0083 1355.54 1358.10 0.0985 1351.74 1364.32 0.1717 1348.29 1383.43 0.3722 1349.59 1391.69 0.4744 1295.36 1247.80 0.4266 1294.79 1248.96 0.5692 1375.89 1451.06 0.0117 1376.28 1445.59 0.0215 1347.93 1392.59 0.0129 1352.48 1389.63 0.0170 1351.07 1422.77 0.0047 1356.60 1401.60 0.0065
127 446.98 1397.51 577.76 1500.00 0.3503 521.80 1498.14 0.1221 541.85 1481.88 0.4020 500.48 1482.13 0.4857 567.13 1479.96 0.1559 470.88 1480.82 0.2685 587.08 1497.91 0.0265 457.75 1500.00 0.0134 597.75 1496.72 0.0082 444.71 1500.00 0.0028 591.01 1493.86 0.0340 477.80 1493.76 0.0171 560.36 1494.84 0.0157 482.90 1492.60 0.0106 559.27 1499.26 0.0137 469.73 1485.10 0.0085 543.28 1475.75 0.0235 487.91 1474.91 0.0185
128 289.16 1159.20 605.37 1498.78 0.8877 404.74 1241.00 0.0063 391.68 1237.43 0.0044 420.11 1230.01 0.0013 363.69 1262.17 0.9541 475.00 1239.92 0.8554 336.23 1364.19 0.9956 533.28 1289.65 0.9985 315.94 1480.29 0.7173 573.62 1321.99 0.8928 348.88 1496.12 0.1125 505.50 1320.75 0.2845 402.58 1489.13 0.1521 524.20 1455.39 0.2794 367.70 1490.54 0.0059 491.20 1441.08 0.0252 384.38 1500.00 0.0033 480.63 1486.62 0.0134
129 164.62 951.28 565.51 1474.68 0.9363 388.74 1022.58 0.0125 381.71 1014.61 0.0162 399.42 1013.84 0.0120 352.28 1030.26 0.9270 440.77 1024.89 0.9280 324.99 1114.59 0.9968 485.14 1094.84 0.9919 240.48 1160.29 0.9898 518.73 1184.15 0.9630 196.05 1092.84 0.9821 541.11 1222.13 0.9515 360.60 1268.51 0.9855 455.13 1246.95 0.9676 368.71 1343.80 0.9416 430.29 1278.57 0.7318 380.16 1444.44 0.9206 430.98 1332.80 0.8070
130 309.22 760.17 551.13 1210.09 0.9303 403.18 829.65 0.0025 390.93 822.71 0.0018 414.91 819.91 0.0010 365.93 837.47 0.9414 455.25 829.13 0.9371 353.02 925.07 0.9993 491.94 893.49 0.9994 345.92 1027.71 0.9826 532.24 931.51 0.9126 355.46 1080.83 0.8337 495.28 920.31 0.5090 389.77 1065.23 0.9930 470.37 1052.94 0.9932 375.84 1098.42 0.9670 439.93 1106.51 0.9723 363.88 1151.92 0.9694 417.62 1177.32 0.9629
131 289.16 623.43 524.66 1130.32 0.9467 389.34 682.80 0.0064 380.14 675.22 0.0058 399.67 674.31 0.0019 360.48 687.34 0.9585 436.26 683.79 0.9070 345.33 766.32 0.9996 470.25 751.26 0.9996 325.33 855.09 0.9862 507.44 782.26 0.9490 315.77 892.98 0.8442 466.24 752.56 0.5397 371.06 905.40 0.9981 445.61 903.08 0.9984 371.50 942.00 0.9903 441.68 979.00 0.9984 374.84 994.97 0.9934 424.88 1082.38 0.9974
132 281.29 522.64 522.86 1011.93 0.9354 429.54 576.60 0.0070 421.03 568.18 0.0061 437.93 569.10 0.0053 397.33 575.70 0.9642 464.33 580.79 0.9445 364.18 642.89 0.9994 481.98 657.53 0.9985 300.56 673.17 0.9889 489.59 750.24 0.9916 298.57 625.28 0.9203 500.48 824.25 0.9717 371.21 797.70 0.9971 446.91 797.61 0.9922 369.04 872.26 0.9928 456.06 824.25 0.9601 377.13 971.99 0.9556 466.44 867.56 0.9349
133 318.61 430.39 548.25 850.98 0.9468 425.29 483.28 0.0218 422.30 474.74 0.0425 435.41 475.08 0.0052 423.36 481.46 0.9796 475.85 480.61 0.8231 401.11 548.75 0.9996 510.65 551.32 0.9990 367.63 628.01 0.9848 524.11 624.85 0.9867 368.08 636.12 0.5752 513.32 667.51 0.8825 396.18 678.73 0.9961 465.44 690.74 0.9949 342.23 634.35 0.9697 457.35 730.16 0.9728 346.36 713.92 0.9817 453.23 824.96 0.9435
134 243.47 364.61 467.07 833.98 0.9265 340.97 415.45 0.1426 340.10 407.31 0.3697 347.79 406.60 0.0207 353.04 414.54 0.9822 397.56 409.02 0.5459 340.07 470.18 0.9999 441.01 448.58 0.9898 272.28 503.89 0.9994 405.01 443.41 0.7929 280.87 428.41 0.9728 349.32 402.88 0.6630 374.39 596.26 0.9986 447.04 609.21 0.9971 309.94 536.29 0.9861 441.30 683.14 0.9941 316.48 580.43 0.9961 447.40 777.85 0.9893
135 193.53 157.66 415.66 592.18 0.9346 230.83 227.85 0.8362 234.37 218.79 0.9381 233.77 215.74 0.0465 263.68 217.51 0.9894 288.63 205.27 0.0397 280.61 273.55 0.9986 339.44 239.99 0.9939 294.09 362.17 0.9969 318.94 310.50 0.9346 233.29 413.04 0.9896 255.14 334.66 0.9436 334.44 422.74 0.9961 384.84 406.36 0.9924 299.98 470.81 0.9955 352.77 459.33 0.9888 332.32 560.10 0.9899 393.22 542.03 0.9843
136 150.47 102.71 397.38 577.62 0.9393 197.45 184.42 0.9782 208.67 176.24 0.9810 193.63 171.12 0.4762 249.87 169.12 0.9810 204.09 157.14 0.0051 303.45 228.50 0.9985 215.32 192.53 0.9934 360.15 311.61 0.9961 211.79 259.72 0.9918 382.02 400.96 0.9872 190.23 331.65 0.9913 293.58 376.14 0.9980 236.26 354.97 0.9982 292.59 469.68 0.9962 217.76 433.08 0.9982 335.29 552.97 0.9520 217.02 512.01 0.9841
137 67.92 128.48 310.86 608.34 0.9441 182.48 223.74 0.9873 193.46 211.51 0.9640 169.11 211.63 0.9865 212.21 185.07 0.4800 142.69 184.72 0.8246 250.64 223.03 0.9969 113.28 206.29 0.9870 284.14 299.31 0.9911 105.30 267.28 0.9720 297.98 375.25 0.9926 116.70 348.32 0.9924 234.83 381.58 0.9977 156.87 376.08 0.9963 228.69 487.55 0.9962 165.30 473.96 0.9948 257.36 555.95 0.9817 194.18 539.71 0.9791
138 0.75 257.56 381.61 742.00 0.9390 209.10 345.52 0.9599 218.45 333.71 0.8306 195.15 335.69 0.9707 228.11 308.04 0.2975 164.47 309.92 0.9387 259.20 328.33 0.9875 117.53 325.41 0.9868 321.89 350.60 0.9862 19.13 351.09 0.9786 358.71 393.49 0.9891 62.05 399.44 0.9899 226.01 485.40 0.9941 143.21 480.96 0.9900 229.19 593.61 0.9864 137.03 579.89 0.9342 228.73 676.59 0.9389 165.72 543.18 0.8645
139 116.37 449.55 324.56 950.12 0.9338 250.85 529.45 0.9900 259.85 515.20 0.9568 235.81 516.93 0.9957 269.28 499.01 0.1301 202.91 501.83 0.9744 288.72 537.52 0.9975 155.04 536.01 0.9941 305.33 606.28 0.9891 132.82 595.18 0.9279 264.51 671.49 0.9826 152.58 661.33 0.9164 253.55 671.22 0.9963 177.56 679.59 0.9965 247.91 735.42 0.9834 197.97 785.01 0.9970 233.03 769.29 0.9751 194.92 890.98 0.9846
140 94.08 549.92 368.60 1012.60 0.9462 277.08 635.16 0.9921 285.43 619.10 0.9318 260.12 621.69 0.9972 289.92 606.65 0.0251 220.77 612.32 0.9903 305.11 647.66 0.9960 164.96 668.98 0.9972 330.70 714.94 0.9804 124.90 763.95 0.9852 350.91 783.15 0.9874 118.48 860.83 0.9845 287.31 810.08 0.9969 203.62 822.79 0.9963 301.72 899.97 0.9951 220.13 914.76 0.9927 295.22 944.34 0.9732 229.28 954.27 0.9525
141 189.47 698.41 440.44 1182.81 0.9271 395.14 782.86 0.9907 400.51 766.51 0.8174 378.70 769.34 0.9977 398.69 753.55 0.0048 336.24 760.41 0.9956 404.00 787.00 0.9885 274.82 822.65 0.9985 410.89 836.08 0.9161 210.32 921.69 0.9917 421.40 878.40 0.9576 233.16 1018.18 0.9862 385.39 954.34 0.9967 298.92 969.99 0.9954 384.32 1041.08 0.9913 264.41 1057.12 0.8812 361.35 1126.06 0.9463 268.81 1058.93 0.6187
142 282.14 841.89 595.79 1396.41 0.9160 525.58 921.75 0.9361 522.68 908.17 0.1875 512.03 915.14 0.9686 500.42 904.65 0.0064 463.06 920.36 0.9847 502.88 929.59 0.9826 382.63 959.21 0.9828 541.74 995.21 0.9908 322.72 997.04 0.9690 568.29 1089.70 0.9801 304.68 1035.03 0.9810 435.36 1095.23 0.9653 384.02 1119.55 0.9788 406.44 1135.40 0.7997 421.50 1227.68 0.9729 367.49 1132.90 0.9081 443.09 1320.82 0.9732
143 435.22 1008.34 682.38 1449.89 0.9317 659.90 1091.04 0.5728 649.81 1075.30 0.0055 653.01 1084.11 0.6545 597.00 1063.71 0.0054 611.50 1090.41 0.9850 593.68 1085.76 0.9824 508.95 1159.53 0.9992 594.63 1158.05 0.3009 474.16 1280.71 0.9972 593.14 1242.33 0.2264 509.38 1394.66 0.9844 578.89 1240.62 0.9468 520.78 1283.58 0.9633 615.40 1267.71 0.9490 517.34 1328.33 0.8565 587.91 1324.21 0.9476 499.94 1366.09 0.7125
144 481.30 1156.19 900.82 1500.00 0.6016 857.41 1268.65 0.2790 850.33 1250.28 0.0330 854.74 1270.96 0.2384 819.31 1227.22 0.1084 818.11 1268.94 0.8712 791.38 1192.33 0.9611 707.11 1302.84 0.9976 815.60 1218.30 0.6489 658.18 1393.95 0.9848 825.85 1260.87 0.4544 699.17 1489.38 0.9493 757.22 1333.90 0.9500 682.19 1380.52 0.9753 771.92 1401.52 0.7463 649.40 1438.12 0.8468 724.04 1424.41 0.7849 534.05 1379.61 0.8964
