36 242.82 1234.78 701.82 1499.13 0.7120 469.78 1337.06 0.8597 453.10 1319.59 0.1449 454.00 1326.11 0.8887 365.36 1341.98 0.1077 403.02 1364.01 0.7881 315.24 1432.15 0.7488 426.19 1442.51 0.9113 418.81 1462.70 0.0408 553.70 1460.21 0.5659 562.96 1458.33 0.0360 630.60 1480.70 0.2849 331.15 1500.00 0.0024 413.20 1500.00 0.0032 507.72 1481.48 0.0014 556.83 1492.12 0.0051 511.98 1477.01 0.0019 582.26 1500.00 0.0046
37 385.57 1134.48 680.48 1498.16 0.7133 535.75 1256.74 0.6904 545.19 1236.41 0.8071 516.17 1245.33 0.6103 559.06 1204.84 0.3609 478.63 1225.23 0.3949 579.40 1224.12 0.9953 443.84 1242.25 0.8071 634.68 1317.76 0.9972 390.46 1300.81 0.3760 652.97 1427.27 0.9822 440.18 1303.06 0.6689 583.32 1428.59 0.7921 492.96 1444.77 0.4698 638.56 1494.94 0.0217 530.62 1500.00 0.0126 634.99 1500.00 0.0034 552.76 1500.00 0.0032
38 284.89 1069.26 672.81 1498.83 0.9415 517.50 1251.39 0.9863 540.29 1227.05 0.9753 491.88 1231.74 0.9881 566.21 1163.47 0.6769 446.01 1172.69 0.9051 610.49 1175.49 0.9931 371.05 1231.11 0.9918 638.18 1342.50 0.9916 317.72 1378.95 0.9822 524.06 1466.39 0.9633 342.74 1448.46 0.9692 582.37 1446.55 0.6818 444.39 1474.30 0.6351 615.74 1500.00 0.0270 442.81 1500.00 0.0243 569.07 1500.00 0.0061 469.27 1500.00 0.0080
39 218.79 1156.18 669.08 1499.04 0.9326 420.05 1357.88 0.9349 443.85 1336.22 0.9651 398.73 1338.70 0.8374 497.76 1269.27 0.8770 370.48 1276.92 0.1478 568.56 1207.95 0.9780 321.65 1292.21 0.9917 628.77 1325.27 0.9788 293.21 1450.69 0.9545 589.75 1481.65 0.6530 226.18 1500.00 0.0361 551.40 1454.57 0.3458 402.80 1486.18 0.3142 568.00 1473.81 0.0125 388.75 1500.00 0.0080 535.18 1500.00 0.0061 421.27 1500.00 0.0073
40 193.35 1205.68 680.77 1500.00 0.9271 383.02 1450.94 0.8710 407.34 1424.98 0.9359 356.22 1435.72 0.6778 458.01 1353.87 0.9380 318.92 1377.39 0.3243 518.32 1268.93 0.9946 265.34 1383.25 0.9742 608.22 1317.06 0.9880 228.99 1500.00 0.4011 653.44 1428.44 0.9743 282.38 1500.00 0.0233 540.45 1453.56 0.2626 372.70 1500.00 0.0952 574.88 1494.12 0.0309 402.43 1500.00 0.0087 564.54 1500.00 0.0076 444.51 1500.00 0.0059
41 170.27 1223.94 647.41 1500.00 0.9282 403.00 1479.94 0.8120 420.25 1449.83 0.8415 372.21 1473.91 0.5274 447.18 1370.15 0.8250 321.17 1422.09 0.3685 496.47 1278.42 0.9966 245.34 1429.82 0.9312 584.02 1349.84 0.9830 210.76 1500.00 0.1114 625.26 1483.22 0.8688 300.66 1500.00 0.0088 506.37 1429.91 0.2285 340.52 1500.00 0.0456 568.35 1480.26 0.0324 397.74 1500.00 0.0066 535.22 1500.00 0.0062 418.97 1500.00 0.0043
42 240.25 1252.74 696.46 1500.00 0.8353 532.26 1464.33 0.8574 543.72 1431.56 0.8480 493.43 1459.00 0.8153 544.72 1358.84 0.5299 411.20 1419.65 0.7431 546.96 1301.02 0.9897 344.04 1434.25 0.8088 590.63 1329.51 0.9723 274.02 1500.00 0.0446 646.49 1422.44 0.9535 341.79 1500.00 0.0125 551.30 1434.46 0.2010 417.07 1500.00 0.0404 613.28 1460.41 0.0318 460.90 1500.00 0.0084 567.31 1492.30 0.0060 464.14 1500.00 0.0057
43 518.87 911.28 890.81 1496.19 0.9187 789.61 1341.40 0.9698 775.03 1312.13 0.6053 755.19 1355.56 0.9817 731.06 1291.60 0.0244 675.14 1393.62 0.9530 697.00 1275.40 0.9924 610.37 1494.13 0.5538 760.39 1125.87 0.9852 598.71 1500.00 0.0030 828.06 992.23 0.9628 654.64 1485.53 0.0076 710.03 1410.42 0.1993 653.55 1500.00 0.0069 798.45 1420.30 0.0395 726.03 1478.71 0.0023 745.56 1451.41 0.0048 693.52 1500.00 0.0013
44 571.94 864.81 1379.83 1499.94 0.9080 1028.54 1277.61 0.0786 993.81 1268.45 0.0191 1024.30 1283.27 0.1481 878.34 1293.36 0.3814 992.00 1337.48 0.9588 828.20 1308.53 0.9954 1007.04 1454.37 0.8719 737.85 1135.16 0.9942 1170.56 1491.69 0.4784 650.44 969.98 0.9845 1323.79 1456.30 0.9365 879.19 1462.91 0.0538 985.49 1500.00 0.0045 1027.23 1377.67 0.0228 1164.31 1443.47 0.0032 1021.69 1429.81 0.0065 1129.96 1469.91 0.0017
45 550.83 974.18 1710.86 1497.36 0.9295 1219.10 1213.91 0.0114 1203.85 1202.57 0.0090 1224.66 1210.78 0.0075 1127.46 1229.69 0.9456 1262.47 1248.67 0.9523 1056.38 1315.75 0.9961 1300.96 1356.55 0.9953 864.51 1204.01 0.9915 1483.87 1247.06 0.9879 688.49 1097.98 0.9660 1624.93 1119.88 0.9863 1077.80 1500.00 0.0154 1230.57 1500.00 0.0145 1110.10 1382.69 0.0071 1280.39 1420.20 0.0050 1101.11 1436.27 0.0038 1262.73 1452.87 0.0025
46 716.04 953.52 1815.00 1496.85 0.9444 1271.03 1049.75 0.0300 1268.08 1034.37 0.0277 1284.50 1045.38 0.0041 1247.18 1050.00 0.9782 1348.07 1068.72 0.7539 1178.15 1136.69 0.9981 1371.10 1178.38 0.9988 1001.70 1113.50 0.9943 1562.95 1196.60 0.9930 841.11 1059.30 0.9862 1717.15 1146.61 0.9887 1175.44 1367.56 0.9665 1289.10 1391.51 0.9537 1187.23 1463.87 0.7236 1291.33 1473.55 0.6501 1196.82 1496.44 0.0328 1273.58 1500.00 0.0299
47 1169.00 825.59 1457.87 1491.91 0.9239 1334.23 895.54 0.0245 1331.76 878.58 0.0764 1350.42 887.36 0.0063 1325.86 894.34 0.9792 1406.05 907.36 0.5604 1263.51 993.33 0.9927 1425.27 1030.37 0.9905 1224.42 1129.55 0.9835 1394.30 1177.35 0.9646 1199.93 1218.95 0.9665 1349.69 1273.65 0.9579 1245.05 1230.21 0.9756 1346.21 1233.52 0.9757 1226.38 1362.55 0.9329 1325.61 1271.59 0.9337 1217.22 1488.89 0.8012 1311.83 1346.28 0.9366
48 1203.17 704.70 1486.49 1361.74 0.9351 1349.12 776.27 0.0388 1345.72 763.43 0.0546 1361.77 767.01 0.0064 1345.72 772.72 0.9681 1419.29 776.83 0.4549 1312.36 863.18 0.9956 1458.11 881.22 0.9947 1284.94 984.25 0.9850 1453.04 1010.53 0.9796 1237.53 1063.68 0.9682 1412.80 1102.47 0.9484 1295.59 1067.53 0.9855 1384.32 1081.20 0.9874 1261.06 1127.98 0.9776 1350.71 1196.73 0.9789 1252.89 1222.09 0.9684 1323.71 1313.26 0.9529
49 976.06 625.24 1694.86 1213.49 0.9355 1325.20 690.28 0.0309 1322.59 677.78 0.0471 1329.31 680.01 0.0156 1304.82 685.43 0.9779 1372.68 687.58 0.8990 1275.85 759.93 0.9978 1404.37 765.10 0.9978 1162.44 769.51 0.9857 1521.70 763.02 0.9808 1055.27 760.78 0.9675 1626.28 744.06 0.9686 1269.10 942.62 0.9937 1341.54 945.27 0.9940 1261.03 1028.90 0.9893 1334.14 1038.38 0.9911 1270.19 1118.27 0.9875 1326.51 1144.61 0.9884
50 1170.40 438.70 1536.32 1135.93 0.9388 1302.54 617.45 0.0731 1301.59 610.66 0.0663 1308.55 610.87 0.0184 1284.32 623.02 0.9231 1345.55 619.82 0.6998 1269.51 680.40 0.9948 1364.36 682.78 0.9958 1218.36 587.42 0.9810 1438.75 608.57 0.9771 1198.02 495.40 0.9862 1485.53 522.96 0.9782 1261.05 860.84 0.9929 1326.59 858.76 0.9930 1250.41 972.65 0.9896 1291.05 926.59 0.9748 1269.45 1093.61 0.9738 1275.22 1006.14 0.9673
51 1176.32 470.32 1406.96 1010.12 0.9172 1295.83 571.96 0.0318 1293.75 565.18 0.0213 1303.02 565.48 0.0059 1280.05 570.99 0.7932 1328.78 571.69 0.3997 1261.43 603.03 0.9916 1344.67 611.72 0.9955 1263.34 541.07 0.9643 1357.42 550.77 0.9875 1296.52 493.85 0.9536 1344.15 506.51 0.9856 1250.04 766.00 0.9990 1312.45 772.20 0.9993 1225.77 848.05 0.9977 1290.42 877.23 0.9984 1212.39 915.26 0.9915 1270.80 961.58 0.9893
52 1178.59 451.26 1327.59 905.96 0.9045 1253.26 521.16 0.0249 1252.82 513.39 0.0231 1260.23 514.17 0.0041 1247.02 517.09 0.7562 1287.24 518.01 0.2314 1231.32 553.11 0.9801 1303.20 554.18 0.9908 1218.64 521.76 0.9289 1304.69 515.16 0.9500 1242.97 484.67 0.9035 1288.51 480.45 0.9184 1216.93 695.81 0.9975 1271.14 695.23 0.9982 1213.11 785.28 0.9977 1262.72 780.85 0.9984 1216.63 865.11 0.9941 1264.90 858.18 0.9964
53 1124.05 449.45 1365.74 878.09 0.9507 1240.01 484.03 0.0333 1238.34 476.91 0.0329 1245.27 477.96 0.0076 1236.24 481.98 0.8806 1273.72 484.07 0.4871 1213.32 527.60 0.9981 1298.02 523.22 0.9975 1145.46 530.14 0.9962 1339.05 489.25 0.9875 1184.60 495.43 0.9695 1298.52 469.97 0.9439 1212.91 655.28 0.9980 1264.98 652.43 0.9972 1204.24 746.20 0.9969 1242.25 720.33 0.9917 1210.72 841.74 0.9865 1229.37 793.17 0.9834
54 1110.42 317.34 1297.44 809.86 0.9208 1204.16 454.83 0.0903 1202.92 448.87 0.0752 1210.78 447.60 0.0094 1202.47 454.32 0.9614 1241.51 448.90 0.5097 1202.66 506.88 0.9991 1266.58 478.79 0.9993 1181.81 574.90 0.9966 1282.76 410.58 0.9898 1158.05 629.32 0.9918 1270.79 354.45 0.9763 1212.36 616.69 0.9982 1259.12 614.04 0.9983 1176.10 666.37 0.9964 1243.35 701.43 0.9962 1147.27 723.77 0.9833 1229.95 778.64 0.9678
55 1089.27 338.51 1277.77 780.80 0.9161 1151.42 439.75 0.0564 1148.01 434.42 0.0488 1154.16 431.70 0.0142 1143.44 437.25 0.9119 1176.42 429.48 0.6489 1145.34 485.36 0.9986 1204.28 455.09 0.9991 1131.75 545.82 0.9879 1237.24 413.34 0.9896 1111.30 597.98 0.9634 1261.74 371.59 0.9787 1166.86 584.01 0.9980 1210.16 576.26 0.9987 1155.97 638.57 0.9962 1223.16 658.09 0.9979 1142.61 696.95 0.9900 1230.27 730.78 0.9891
56 996.73 370.19 1285.93 714.47 0.9358 1161.59 402.91 0.0254 1159.23 397.47 0.0179 1165.39 396.85 0.0159 1144.91 398.53 0.9245 1178.24 398.47 0.9134 1122.79 434.54 0.9989 1195.65 434.20 0.9983 1066.34 449.05 0.9901 1226.78 483.43 0.9927 1017.68 439.77 0.9667 1261.78 531.58 0.9845 1141.49 544.99 0.9986 1186.14 540.73 0.9983 1141.37 616.77 0.9965 1206.38 591.47 0.9958 1143.32 684.10 0.9805 1223.32 636.77 0.9854
57 1112.92 290.02 1235.48 706.27 0.9150 1211.54 404.54 0.0862 1213.11 396.48 0.0223 1216.29 402.34 0.0459 1200.38 393.28 0.6633 1221.15 408.48 0.7197 1168.52 404.40 0.9988 1205.29 439.39 0.9952 1147.24 368.14 0.9966 1184.49 483.33 0.9746 1137.13 323.00 0.9873 1155.94 524.19 0.9553 1138.06 506.73 0.9966 1170.79 516.47 0.9883 1138.81 592.67 0.9984 1171.71 573.64 0.9884 1145.36 673.42 0.9894 1165.08 630.48 0.9662
58 1066.40 343.10 1293.48 652.43 0.9279 1221.87 372.77 0.0256 1220.53 365.48 0.0073 1225.70 368.68 0.0192 1201.29 362.54 0.7481 1230.32 372.73 0.9105 1170.74 387.96 0.9989 1223.80 413.32 0.9981 1123.42 402.46 0.9888 1246.07 465.97 0.9915 1083.00 405.48 0.9645 1272.94 499.34 0.9816 1155.30 490.80 0.9984 1187.33 501.55 0.9973 1146.43 552.19 0.9973 1174.65 567.86 0.9964 1137.78 610.22 0.9906 1162.78 626.81 0.9864
59 1135.52 266.72 1283.91 641.11 0.8729 1207.69 349.32 0.0380 1204.31 344.38 0.0103 1209.69 345.07 0.0186 1185.90 347.08 0.5917 1212.81 349.09 0.7410 1167.38 384.12 0.9958 1219.95 377.09 0.9982 1156.77 431.66 0.9883 1254.80 342.72 0.9947 1150.17 470.62 0.9697 1268.90 300.41 0.9761 1169.60 470.60 0.9976 1202.53 471.35 0.9978 1170.66 527.49 0.9948 1193.73 532.67 0.9952 1175.00 583.02 0.9832 1180.93 589.46 0.9822
60 1142.18 301.82 1247.13 602.93 0.9019 1205.27 341.01 0.0243 1203.64 335.53 0.0114 1209.64 336.95 0.0121 1195.87 337.11 0.5632 1220.30 340.08 0.5392 1174.33 369.37 0.9921 1228.80 361.52 0.9937 1159.51 404.17 0.9833 1230.10 323.18 0.9720 1151.24 432.14 0.9472 1206.59 311.36 0.9067 1180.18 446.94 0.9964 1217.91 445.69 0.9947 1177.20 512.79 0.9977 1212.10 501.36 0.9926 1180.37 575.30 0.9920 1207.16 545.86 0.9816
61 1150.48 256.25 1255.70 564.58 0.8867 1210.76 318.72 0.0359 1208.33 314.04 0.0185 1214.44 314.60 0.0168 1198.88 316.78 0.7693 1223.74 317.86 0.7144 1185.74 349.14 0.9963 1233.84 339.53 0.9981 1173.83 391.85 0.9891 1243.26 300.92 0.9871 1163.57 426.69 0.9715 1226.14 274.71 0.9416 1190.30 427.28 0.9982 1222.08 427.60 0.9983 1178.22 474.39 0.9979 1210.68 486.16 0.9979 1174.28 523.68 0.9933 1205.00 543.22 0.9914
62 1137.59 241.07 1279.64 538.13 0.9092 1210.17 309.25 0.0613 1205.95 304.73 0.0151 1211.04 304.98 0.0462 1188.51 305.02 0.4765 1210.57 306.78 0.8397 1172.60 334.31 0.9961 1217.62 328.19 0.9978 1159.77 373.07 0.9877 1243.24 302.53 0.9918 1149.90 411.90 0.9710 1266.98 273.09 0.9814 1175.44 406.11 0.9975 1205.41 406.14 0.9975 1172.19 458.84 0.9979 1204.42 459.89 0.9969 1169.26 510.73 0.9918 1200.22 507.03 0.9868
63 1141.33 282.08 1300.58 520.59 0.9150 1228.62 309.57 0.3653 1226.50 303.86 0.0375 1228.86 304.74 0.4058 1203.84 299.80 0.1826 1221.16 303.07 0.9483 1178.54 321.28 0.9948 1218.30 325.02 0.9968 1163.24 355.12 0.9892 1247.42 344.55 0.9948 1151.54 390.64 0.9851 1280.68 350.88 0.9880 1177.89 398.01 0.9986 1203.52 399.36 0.9986 1179.52 445.65 0.9979 1204.66 447.12 0.9978 1169.95 495.22 0.9930 1191.50 495.96 0.9917
64 1167.32 280.56 1257.43 516.39 0.7760 1244.82 311.79 0.9069 1246.61 306.01 0.2169 1242.38 305.47 0.9327 1239.45 302.35 0.0119 1228.44 300.45 0.9600 1229.72 321.78 0.9141 1201.47 323.25 0.9941 1219.17 352.90 0.1852 1184.51 358.98 0.9866 1215.30 384.33 0.1654 1177.40 397.38 0.9750 1220.32 393.40 0.9677 1201.65 393.91 0.9914 1218.74 442.54 0.9671 1207.48 445.09 0.9940 1199.79 484.82 0.9536 1189.00 491.68 0.9814
65 1179.33 278.65 1277.99 517.07 0.4997 1246.84 307.56 0.9657 1249.71 302.44 0.6782 1243.11 302.11 0.9750 1248.82 300.64 0.0557 1229.57 298.84 0.9519 1246.90 320.94 0.9859 1209.33 319.21 0.9918 1254.01 354.93 0.9713 1191.14 352.73 0.9861 1265.05 389.11 0.9706 1187.54 387.49 0.9829 1232.37 386.41 0.9921 1211.24 385.90 0.9951 1223.40 433.77 0.9894 1222.98 439.30 0.9959 1200.68 472.38 0.9832 1221.23 492.56 0.9898
66 1198.53 287.93 1377.89 530.67 0.9336 1284.30 319.57 0.9689 1287.30 313.91 0.6375 1280.02 314.09 0.9689 1286.51 309.80 0.0450 1266.44 309.67 0.9378 1287.46 324.38 0.9922 1244.86 332.24 0.9919 1318.97 330.68 0.9888 1220.50 362.85 0.9839 1355.27 333.42 0.9912 1210.18 394.03 0.9854 1267.55 397.85 0.9920 1245.78 401.36 0.9923 1249.58 447.54 0.9905 1262.04 452.35 0.9959 1217.70 472.13 0.9723 1258.82 504.95 0.9839
67 1244.03 287.51 1366.77 535.92 0.9182 1337.96 316.02 0.9808 1340.78 310.95 0.6228 1334.36 309.82 0.9910 1337.36 311.72 0.0162 1318.20 307.72 0.9854 1328.15 339.06 0.9899 1294.61 329.26 0.9958 1327.36 373.27 0.9780 1269.56 329.41 0.9841 1343.70 402.45 0.9826 1266.49 327.15 0.9785 1316.15 412.98 0.9968 1288.72 410.70 0.9976 1324.00 462.47 0.9966 1276.82 461.62 0.9971 1333.79 511.78 0.9933 1258.58 507.45 0.9930
68 1312.47 250.30 1408.98 549.64 0.8448 1395.14 320.78 0.9358 1398.06 314.88 0.4853 1390.89 314.67 0.9459 1396.04 314.74 0.0293 1377.45 312.99 0.9012 1385.64 338.27 0.8816 1363.00 331.35 0.9924 1388.04 341.61 0.1311 1366.64 300.63 0.9755 1393.76 333.56 0.1623 1383.47 271.77 0.9489 1375.89 413.22 0.9860 1357.07 411.58 0.9953 1372.97 470.74 0.9927 1364.12 470.67 0.9971 1351.56 519.20 0.9913 1328.18 512.01 0.9936
69 1345.78 300.78 1462.82 581.77 0.8939 1453.39 342.23 0.9552 1456.93 335.71 0.6209 1448.64 336.37 0.9426 1456.17 333.58 0.0503 1435.08 333.90 0.8152 1448.14 359.16 0.9055 1421.71 351.21 0.9894 1443.48 395.16 0.4498 1412.45 339.45 0.9659 1441.10 430.03 0.6828 1414.23 322.65 0.9628 1429.71 431.87 0.9893 1414.39 431.09 0.9954 1411.88 485.71 0.9948 1428.24 497.14 0.9984 1368.03 517.19 0.9916 1422.27 554.40 0.9938
70 1412.61 251.39 1555.26 590.85 0.9063 1528.08 353.40 0.9427 1531.70 347.28 0.2802 1526.05 346.34 0.9436 1526.90 344.61 0.0079 1510.95 340.49 0.9305 1509.18 363.24 0.8967 1491.27 358.30 0.9945 1506.23 347.73 0.1869 1494.11 329.53 0.9918 1515.77 314.03 0.2096 1515.61 286.63 0.9886 1497.54 450.59 0.9918 1472.85 448.44 0.9966 1506.00 508.04 0.9930 1454.91 505.96 0.9967 1516.90 564.35 0.9924 1426.37 555.20 0.9929
71 1497.26 265.30 1618.25 605.93 0.9018 1604.30 359.27 0.9282 1607.83 353.35 0.2896 1600.79 351.28 0.9380 1604.37 353.48 0.0096 1582.86 346.69 0.9039 1588.72 387.38 0.9578 1561.32 367.75 0.9948 1589.65 427.63 0.9528 1560.20 334.83 0.9933 1604.06 453.13 0.9765 1576.11 295.05 0.9925 1570.37 462.15 0.9854 1549.40 457.43 0.9937 1564.82 521.07 0.9911 1561.69 520.49 0.9958 1529.96 567.33 0.9701 1525.38 568.04 0.9778
72 1531.11 309.93 1781.87 642.32 0.9313 1685.46 374.61 0.9765 1687.71 367.75 0.4476 1680.28 368.42 0.9856 1680.56 365.26 0.0088 1661.05 366.62 0.9818 1678.36 380.78 0.9917 1629.51 394.50 0.9964 1716.51 354.12 0.9881 1594.41 425.87 0.9949 1753.60 329.29 0.9891 1558.18 457.86 0.9935 1646.24 480.70 0.9960 1624.78 483.21 0.9976 1616.73 539.17 0.9924 1641.77 545.68 0.9982 1560.14 565.68 0.9781 1628.22 612.70 0.9896
73 1609.95 348.78 1782.79 648.10 0.9247 1770.34 390.76 0.9018 1770.62 383.92 0.0892 1766.46 383.80 0.9367 1758.46 382.43 0.0028 1745.37 381.52 0.9786 1747.37 409.51 0.9422 1707.06 407.93 0.9975 1730.12 451.20 0.2517 1661.25 444.63 0.9952 1722.51 491.15 0.1766 1639.71 486.62 0.9904 1723.01 502.84 0.9910 1690.46 501.39 0.9965 1722.91 560.23 0.9942 1663.93 560.98 0.9971 1726.91 621.89 0.9911 1627.02 614.69 0.9904
74 1701.48 359.58 1885.32 669.77 0.9306 1870.23 399.32 0.8416 1870.72 391.65 0.0645 1865.89 391.45 0.8985 1855.01 389.56 0.0037 1843.36 388.89 0.9697 1836.36 423.39 0.9470 1802.13 420.98 0.9978 1817.17 475.65 0.3022 1758.87 467.82 0.9929 1810.26 521.65 0.2650 1737.72 520.79 0.9817 1807.79 518.19 0.9867 1786.36 516.80 0.9961 1791.20 584.89 0.9899 1794.95 584.74 0.9957 1754.67 637.79 0.9739 1728.96 616.30 0.9799
75 1753.58 375.71 1965.64 721.48 0.9274 1951.80 414.75 0.8187 1951.89 406.47 0.1167 1946.93 406.90 0.8248 1932.64 403.67 0.0177 1923.63 405.93 0.8938 1924.68 430.50 0.9646 1896.18 446.40 0.9901 1946.26 483.14 0.8750 1908.65 509.14 0.9838 1950.32 530.80 0.9189 1921.95 556.39 0.9756 1882.74 539.52 0.9950 1874.35 546.51 0.9971 1856.56 602.27 0.9969 1880.57 624.39 0.9990 1783.46 629.70 0.9918 1870.58 691.43 0.9927
76 1855.40 383.16 2047.41 722.20 0.9298 2040.99 430.88 0.5218 2041.28 422.14 0.0435 2037.22 421.43 0.6271 2027.26 418.35 0.0077 2014.81 416.83 0.8837 2015.78 448.69 0.8730 1980.86 451.53 0.9921 2029.64 495.66 0.5481 1974.88 514.98 0.9868 2037.30 534.89 0.6793 1974.31 573.26 0.9744 1967.55 556.81 0.9845 1935.03 555.46 0.9944 1969.03 621.03 0.9859 1911.08 625.55 0.9956 1963.98 689.28 0.9833 1875.08 686.00 0.9902
77 1861.86 416.49 2048.00 744.95 0.9054 2048.00 443.64 0.0124 2048.00 436.10 0.0034 2048.00 437.99 0.0106 2048.00 433.73 0.0093 2047.07 437.56 0.0726 2048.00 464.64 0.0336 2027.09 459.87 0.7913 1989.98 494.81 0.0118 1958.49 472.98 0.9667 1934.11 520.40 0.0268 1896.85 500.01 0.9368 2029.43 571.87 0.8482 2000.20 565.78 0.9738 2014.61 648.18 0.9667 1973.00 644.16 0.9940 1970.02 706.35 0.9788 1915.77 698.86 0.9904
78 1918.35 417.65 2048.00 751.16 0.8926 2048.00 447.63 0.0234 2048.00 440.28 0.0069 2048.00 441.01 0.0208 2048.00 442.33 0.0205 2045.50 443.28 0.1203 2048.00 483.20 0.0625 2023.06 475.42 0.8727 2014.03 536.68 0.0268 1987.48 519.31 0.9646 1983.47 580.64 0.1234 1956.47 565.63 0.9528 2026.17 585.80 0.8363 1995.17 580.12 0.9733 2008.00 655.30 0.9281 1965.59 652.42 0.9910 1975.11 706.28 0.9386 1937.25 715.75 0.9811
79 1884.01 415.02 2047.86 774.22 0.9257 2046.52 446.27 0.6099 2048.00 440.23 0.2011 2042.48 438.22 0.6727 2048.00 448.74 0.0433 2029.21 443.19 0.7415 2048.00 503.85 0.2936 1991.00 486.62 0.9929 2044.95 568.09 0.0238 1948.16 534.32 0.9904 2035.70 624.03 0.1276 1908.35 577.44 0.9847 2013.67 609.61 0.9385 1965.27 598.90 0.9938 1989.51 682.13 0.9477 1941.92 671.34 0.9929 1980.95 746.86 0.9269 1928.81 735.84 0.9753
80 1852.97 430.68 2047.78 832.55 0.9317 2033.29 470.78 0.9541 2043.17 463.60 0.8191 2026.36 460.24 0.9829 2048.00 473.45 0.0614 2007.95 464.47 0.8829 2048.00 528.62 0.3351 1967.96 513.85 0.9961 2048.00 595.72 0.0197 1924.68 565.58 0.9885 2038.67 647.33 0.0845 1880.77 602.31 0.9569 2003.94 636.12 0.9322 1949.01 627.97 0.9924 1964.55 690.86 0.9097 1921.56 703.44 0.9646 1901.59 777.95 0.9416 1918.46 764.89 0.9437
81 1795.94 453.79 2047.96 853.41 0.9250 2000.88 493.09 0.9910 2014.88 487.34 0.9942 1995.69 482.52 0.9754 2035.55 499.46 0.8921 1985.59 486.78 0.2227 2040.06 553.24 0.9394 1954.00 528.58 0.9870 2042.20 623.07 0.6311 1924.30 575.83 0.4411 2028.30 590.03 0.8487 1923.64 606.51 0.2149 1974.68 658.53 0.9859 1915.10 647.02 0.9918 1947.28 718.77 0.9826 1873.00 732.88 0.9910 1901.35 786.28 0.9784 1839.40 812.78 0.9823
82 1779.06 474.30 2039.74 905.44 0.9421 1968.03 528.73 0.9824 1983.71 522.01 0.9781 1963.87 513.80 0.9507 2003.54 525.63 0.7672 1950.60 504.72 0.4574 2009.57 583.41 0.9944 1902.45 554.69 0.9979 2008.92 659.12 0.9900 1851.21 615.49 0.9896 1995.08 721.77 0.9888 1805.39 665.42 0.9832 1923.70 710.48 0.9981 1858.23 693.63 0.9982 1895.76 794.03 0.9960 1836.05 786.36 0.9960 1876.47 853.00 0.9832 1825.00 848.81 0.9788
83 1781.46 514.44 2031.91 978.77 0.9284 1938.65 572.85 0.9958 1953.89 565.83 0.9971 1933.53 559.75 0.9879 1977.55 566.41 0.9347 1920.96 550.93 0.4581 1990.24 610.46 0.9943 1884.68 587.91 0.9984 2008.06 644.69 0.9295 1817.10 620.80 0.9875 1975.58 672.82 0.9486 1845.18 571.87 0.9844 1910.11 754.70 0.9982 1848.47 736.35 0.9980 1854.23 854.31 0.9889 1819.28 814.53 0.9789 1806.90 907.72 0.9558 1812.90 849.99 0.9500
84 1685.97 540.88 2005.83 990.70 0.9405 1911.74 604.92 0.9894 1926.56 597.20 0.9909 1905.22 591.15 0.9633 1953.13 595.23 0.9174 1892.77 579.78 0.2779 1970.12 647.14 0.9949 1863.23 613.80 0.9971 1974.54 714.69 0.9820 1831.60 658.09 0.9899 1946.09 674.52 0.9832 1812.67 708.72 0.9877 1891.29 789.66 0.9982 1821.44 768.73 0.9988 1843.93 881.01 0.9932 1776.59 864.68 0.9979 1804.35 928.34 0.9727 1732.25 948.78 0.9860
85 1668.41 569.71 1944.22 1035.78 0.9440 1851.74 637.60 0.9942 1868.66 627.99 0.9959 1845.60 621.77 0.9704 1897.56 624.63 0.9454 1833.77 608.45 0.2206 1912.45 688.34 0.9942 1793.37 654.38 0.9984 1913.76 776.92 0.9782 1738.83 721.62 0.9938 1881.32 821.19 0.9825 1697.26 784.87 0.9921 1824.78 835.20 0.9978 1752.50 814.60 0.9984 1793.69 940.47 0.9951 1726.84 916.70 0.9976 1782.96 985.03 0.9631 1722.14 983.24 0.9760
86 1648.11 619.17 1917.32 1167.04 0.8800 1813.54 695.85 0.9773 1828.88 684.81 0.9902 1803.94 680.68 0.9556 1857.56 676.06 0.9518 1793.22 663.97 0.4097 1882.99 738.04 0.9790 1764.96 703.65 0.9897 1886.27 776.39 0.6680 1696.00 740.91 0.9829 1834.01 720.59 0.3553 1739.04 688.88 0.9832 1788.25 902.59 0.9929 1718.54 875.02 0.9933 1729.07 1016.12 0.9851 1709.75 953.40 0.9721 1684.51 1100.18 0.9666 1699.13 999.67 0.9582
87 1493.66 657.73 1891.13 1178.09 0.9423 1763.80 740.26 0.9864 1781.71 728.39 0.9943 1754.98 723.15 0.9293 1817.80 720.33 0.9685 1746.63 705.18 0.2266 1847.78 790.29 0.9889 1711.47 747.81 0.9881 1864.60 885.62 0.9874 1637.81 819.41 0.9890 1863.89 965.31 0.9843 1564.91 884.77 0.9848 1755.26 949.15 0.9896 1672.12 924.38 0.9934 1710.61 1059.00 0.9798 1616.23 1034.96 0.9934 1678.22 1108.31 0.9555 1558.66 1138.30 0.9857
88 1474.42 523.02 1865.55 1249.13 0.9368 1684.64 778.66 0.9849 1704.12 769.21 0.9920 1676.38 760.33 0.9622 1738.55 764.67 0.9387 1663.46 740.64 0.3322 1759.04 814.97 0.9875 1631.85 756.09 0.9890 1816.53 753.46 0.9874 1562.02 679.40 0.9926 1834.93 634.35 0.9832 1524.88 587.25 0.9863 1658.86 1013.35 0.9918 1572.33 986.91 0.9947 1624.45 1128.68 0.9805 1542.98 1097.92 0.9903 1625.03 1182.23 0.9701 1536.99 1177.56 0.9851
89 1445.87 629.78 1788.07 1435.13 0.9466 1621.15 862.77 0.9879 1641.97 850.20 0.9916 1611.70 843.88 0.9613 1676.75 844.06 0.9172 1597.99 825.07 0.3918 1703.34 905.62 0.9942 1564.50 867.62 0.9900 1752.26 816.46 0.9925 1562.72 766.96 0.9887 1687.44 717.45 0.9916 1667.65 710.65 0.9885 1598.84 1104.82 0.9947 1511.46 1073.32 0.9938 1531.98 1260.24 0.9823 1492.77 1154.07 0.9699 1488.08 1347.17 0.9500 1494.94 1222.55 0.9657
90 1257.50 665.08 1768.28 1486.04 0.9390 1552.74 934.18 0.9888 1575.75 921.46 0.9956 1541.06 911.70 0.9406 1622.98 910.32 0.9549 1529.55 884.59 0.1312 1647.45 971.35 0.9917 1509.86 904.89 0.9889 1676.83 1012.00 0.9840 1419.28 845.34 0.9922 1706.50 943.58 0.9790 1351.98 754.30 0.9857 1564.21 1194.11 0.9929 1461.05 1171.30 0.9947 1522.70 1303.36 0.9874 1390.42 1311.93 0.9925 1481.65 1356.54 0.9794 1335.08 1439.97 0.9815
91 1162.70 895.95 1581.05 1494.75 0.9470 1432.48 1020.57 0.9922 1460.46 1004.08 0.9976 1423.38 992.25 0.9568 1514.03 997.34 0.9854 1415.23 965.74 0.2202 1537.12 1108.74 0.9852 1364.89 1028.93 0.9902 1497.21 1288.94 0.9858 1276.51 1164.40 0.9893 1436.09 1431.57 0.9797 1221.12 1295.49 0.9867 1431.69 1312.44 0.9863 1327.42 1275.09 0.9934 1402.62 1463.46 0.7599 1311.26 1428.45 0.9414 1394.06 1489.48 0.1575 1310.47 1488.32 0.5223
92 1208.12 1090.09 1595.54 1493.67 0.9164 1298.21 1250.95 0.9722 1326.41 1240.58 0.9894 1287.34 1222.44 0.9215 1397.48 1212.63 0.9638 1278.28 1169.89 0.2145 1446.50 1254.57 0.9740 1276.22 1164.45 0.9547 1509.46 1271.65 0.8728 1267.09 1170.51 0.5265 1543.94 1256.70 0.8583 1295.26 1228.62 0.1642 1358.22 1460.18 0.9198 1250.22 1418.57 0.9466 1350.63 1500.00 0.1006 1237.53 1468.09 0.2381 1342.22 1489.92 0.0063 1244.57 1475.12 0.0264
93 1078.82 1254.82 1443.67 1497.57 0.8702 1115.29 1446.26 0.9058 1139.73 1431.23 0.9108 1110.37 1416.80 0.2549 1231.76 1408.08 0.9952 1142.62 1372.62 0.0038 1360.33 1480.05 0.9670 1162.22 1392.64 0.9662 1425.57 1500.00 0.0146 1144.23 1449.14 0.1467 1310.55 1500.00 0.0081 1163.97 1484.84 0.0225 1338.41 1500.00 0.0122 1199.05 1500.00 0.0571 1299.56 1500.00 0.0004 1127.95 1496.91 0.0021 1273.73 1500.00 0.0004 1190.55 1470.18 0.0015
94 805.15 1333.61 1145.35 1500.00 0.6220 843.22 1453.71 0.0671 839.79 1452.76 0.0500 881.11 1443.04 0.0016 841.24 1482.18 0.8180 1025.04 1446.38 0.4235 842.41 1500.00 0.0569 1080.59 1446.48 0.6150 835.35 1499.24 0.0024 1081.41 1445.92 0.0328 835.06 1484.05 0.0197 1004.06 1479.14 0.0231 920.71 1500.00 0.0034 1089.62 1473.54 0.0138 884.14 1490.53 0.0022 1003.41 1431.61 0.0051 906.22 1500.00 0.0016 1005.77 1464.17 0.0044
95 436.28 1318.14 653.30 1497.77 0.3417 570.15 1407.85 0.0216 571.74 1391.40 0.0127 570.14 1392.54 0.0119 568.64 1396.01 0.0296 567.47 1400.09 0.0241 548.55 1446.01 0.0108 554.10 1446.53 0.0088 497.02 1470.12 0.0194 501.86 1470.70 0.0185 526.07 1426.38 0.5222 527.60 1429.63 0.5019 548.85 1494.02 0.0028 544.29 1496.64 0.0024 529.60 1466.48 0.0074 523.63 1473.89 0.0038 518.91 1466.62 0.0079 510.47 1470.49 0.0042
98 89.07 1131.41 491.93 1500.00 0.8782 199.80 1262.44 0.0069 184.88 1269.81 0.0109 217.65 1236.11 0.0084 124.61 1325.84 0.9201 283.55 1251.17 0.9211 153.93 1489.72 0.5439 385.85 1329.99 0.9839 166.11 1484.88 0.0043 400.82 1278.89 0.9183 187.66 1384.04 0.0040 311.05 1184.59 0.8700 289.21 1500.00 0.0013 445.38 1464.19 0.0249 220.67 1438.19 0.0028 351.25 1366.07 0.0251 297.78 1487.47 0.0009 343.39 1424.43 0.0035
99 0.13 1018.12 417.32 1497.28 0.9145 140.92 1098.86 0.0046 117.93 1096.96 0.0010 144.14 1077.06 0.0317 21.22 1134.83 0.2502 147.75 1097.22 0.9802 12.96 1276.55 0.5769 267.31 1193.06 0.9955 16.51 1416.37 0.0210 350.28 1286.56 0.9178 57.38 1397.57 0.0094 275.14 1279.78 0.1040 128.99 1486.87 0.1868 294.35 1434.10 0.8692 148.50 1358.92 0.0416 354.93 1363.39 0.5916 192.17 1469.72 0.0052 385.67 1493.66 0.0503
100 0.62 880.92 363.04 1494.60 0.9294 105.82 947.37 0.0107 89.98 945.33 0.0018 107.84 930.85 0.0421 12.38 976.12 0.1545 111.10 946.54 0.9645 12.53 1102.64 0.6454 205.82 1031.06 0.9867 25.43 1240.20 0.0644 296.56 1172.83 0.9848 62.69 1309.15 0.0563 338.23 1300.98 0.9656 117.99 1336.06 0.8877 245.00 1291.50 0.9833 208.24 1450.61 0.3043 263.75 1406.34 0.6493 257.53 1500.00 0.0209 277.38 1451.80 0.0397
101 0.64 791.54 338.90 1479.09 0.9184 61.39 856.19 0.0088 48.14 849.00 0.0011 60.52 839.94 0.0483 0.00 868.72 0.0359 60.39 851.65 0.9172 0.00 979.11 0.2212 154.73 932.16 0.9941 21.21 1091.88 0.0100 239.12 1011.82 0.9611 49.62 1092.01 0.0088 189.91 1001.20 0.2823 111.41 1172.03 0.8384 225.13 1143.76 0.9958 134.39 1288.19 0.4496 274.11 1275.37 0.9806 151.19 1404.64 0.3885 305.44 1405.16 0.9290
102 0.44 600.17 312.58 1296.59 0.9309 20.29 771.76 0.0376 14.14 764.17 0.0039 15.91 757.44 0.0753 0.00 783.92 0.0244 17.57 769.24 0.7211 0.00 897.85 0.2191 82.99 836.82 0.9893 13.01 959.27 0.0124 113.33 737.12 0.9931 35.42 930.60 0.0162 96.82 648.17 0.9639 73.20 1068.04 0.8935 152.45 1039.23 0.9964 123.86 1165.83 0.8804 214.20 1101.72 0.9959 198.92 1247.99 0.9222 256.63 1210.25 0.9931
103 0.00 579.58 205.36 1260.81 0.8974 11.33 702.19 0.0491 8.02 697.68 0.0102 6.77 694.53 0.0333 0.00 718.05 0.0243 7.14 711.84 0.1373 0.03 779.88 0.2465 43.06 753.55 0.9149 36.66 654.95 0.1137 51.37 650.94 0.8846 0.00 620.94 0.0095 3.72 625.67 0.2037 51.73 954.20 0.8727 102.88 935.47 0.9837 86.83 1085.99 0.8887 139.19 1046.18 0.9887 143.02 1199.24 0.9043 169.96 1137.77 0.9885
104 0.25 539.59 199.95 1187.69 0.7913 11.97 626.05 0.0098 12.14 614.62 0.0027 10.60 611.51 0.0085 0.00 616.79 0.0045 0.00 609.25 0.0320 0.00 681.17 0.0066 3.46 666.10 0.3992 11.34 802.18 0.0024 24.56 777.07 0.3192 34.14 877.76 0.0069 55.85 854.93 0.1619 8.66 877.14 0.1921 55.10 867.96 0.8680 22.11 1025.95 0.1106 108.49 996.98 0.9474 48.31 1120.49 0.1485 160.09 1115.54 0.9383
106 0.00 538.12 113.83 995.45 0.8277 6.91 633.62 0.0174 5.07 624.05 0.0066 5.34 623.14 0.0142 0.00 624.63 0.0071 0.00 623.46 0.0141 0.00 662.22 0.0135 0.00 662.87 0.0313 11.73 734.57 0.2255 10.04 738.71 0.5015 59.14 814.35 0.5074 55.64 814.98 0.7006 4.83 791.79 0.0440 0.26 795.92 0.0682 42.03 848.68 0.2949 35.62 858.54 0.4718 60.17 952.25 0.6185 53.51 959.05 0.7325
107 0.00 498.49 156.09 985.02 0.8026 27.87 544.19 0.4438 24.67 533.24 0.0730 19.23 534.22 0.5890 9.34 540.29 0.0104 1.82 545.68 0.3693 6.61 611.03 0.0552 15.40 620.68 0.4583 38.59 723.67 0.0302 50.48 729.24 0.3847 66.53 842.42 0.0916 78.63 832.84 0.4012 15.69 757.45 0.0912 26.90 761.88 0.2761 48.09 808.15 0.3899 58.40 813.40 0.7896 80.87 895.70 0.6714 85.75 892.86 0.8940
108 0.00 464.61 215.51 889.97 0.9281 104.86 514.62 0.9381 102.20 504.77 0.1405 94.35 507.02 0.9737 84.57 507.30 0.0016 59.20 514.30 0.9713 77.31 554.93 0.8944 35.36 567.20 0.9822 98.98 617.55 0.7847 12.35 644.62 0.9763 141.89 643.38 0.9602 36.86 718.80 0.9876 113.05 676.39 0.9435 88.62 688.52 0.9806 161.19 744.83 0.9857 171.17 755.89 0.9964 142.27 839.32 0.9400 151.23 849.50 0.9749
109 104.55 448.41 377.25 853.68 0.9226 219.01 491.16 0.9599 215.98 481.35 0.1343 209.95 484.22 0.9785 198.01 484.20 0.0020 180.69 492.55 0.9714 195.03 526.37 0.9818 162.68 540.57 0.9920 233.17 566.05 0.9819 132.62 613.05 0.9897 288.81 560.87 0.9954 122.97 684.36 0.9899 228.38 653.16 0.9915 221.01 660.85 0.9925 211.78 729.98 0.9977 288.77 721.06 0.9969 162.75 815.74 0.9870 315.60 798.62 0.9828
110 239.52 424.57 477.46 819.80 0.9250 326.87 464.52 0.9436 323.60 457.81 0.0842 320.08 459.20 0.9437 296.40 461.50 0.0110 296.63 466.49 0.9793 277.14 503.39 0.9936 295.75 502.87 0.9947 270.12 547.36 0.9078 346.40 508.83 0.9891 289.73 576.58 0.8611 398.83 507.80 0.9756 332.27 619.68 0.9978 329.34 628.31 0.9980 368.02 676.29 0.9985 339.86 707.49 0.9993 421.47 736.57 0.9925 324.92 790.53 0.9915
111 343.30 395.76 520.61 764.61 0.9172 442.60 441.63 0.9013 443.45 434.25 0.1546 437.52 433.46 0.9119 420.84 434.45 0.0233 421.67 433.95 0.9091 395.84 471.09 0.9849 418.09 461.68 0.9908 366.59 487.61 0.7715 396.25 453.36 0.9514 373.55 498.26 0.8200 391.54 456.04 0.9411 427.17 578.60 0.9965 448.21 577.93 0.9980 457.94 651.16 0.9952 501.76 650.49 0.9987 459.69 725.64 0.9827 470.21 726.65 0.9927
112 466.09 394.61 647.28 747.04 0.9095 547.13 428.78 0.7912 547.17 422.20 0.0823 543.36 422.01 0.6930 529.06 421.86 0.0240 528.94 423.13 0.8894 522.69 448.30 0.9535 507.25 461.46 0.9905 516.98 452.22 0.2232 486.06 512.43 0.9892 514.84 458.15 0.3678 506.29 528.33 0.9947 543.51 559.94 0.9939 546.25 563.67 0.9967 549.33 635.80 0.9980 593.18 624.73 0.9990 496.76 704.75 0.9939 601.78 701.16 0.9941
113 548.25 307.02 711.97 726.43 0.9256 610.00 410.78 0.2457 605.26 406.12 0.0239 609.99 406.06 0.1283 584.42 407.93 0.2332 603.68 407.84 0.7865 570.09 448.88 0.9953 603.77 432.16 0.9989 566.18 504.09 0.9866 632.60 382.11 0.9980 566.74 541.79 0.9744 640.18 332.67 0.9909 604.96 541.99 0.9972 618.74 540.17 0.9983 639.72 593.25 0.9984 620.51 613.19 0.9994 668.88 652.99 0.9972 602.52 694.11 0.9977
114 624.73 366.08 786.17 693.13 0.9280 690.14 404.18 0.9203 689.10 397.02 0.0871 686.21 397.67 0.9500 668.66 395.64 0.0074 668.85 398.54 0.9849 658.98 424.05 0.9900 650.36 439.46 0.9976 708.09 445.25 0.9849 669.74 497.52 0.9966 757.02 444.10 0.9911 705.93 539.60 0.9933 666.12 526.37 0.9866 668.32 534.32 0.9945 686.63 586.12 0.9907 713.99 592.87 0.9976 687.04 652.07 0.9725 700.32 659.44 0.9891
115 596.89 322.86 836.27 689.62 0.9330 757.60 417.28 0.9729 759.36 409.31 0.2500 753.65 411.09 0.9740 747.39 399.42 0.0053 733.21 404.51 0.9711 738.37 409.87 0.9883 702.47 438.95 0.9979 770.62 376.16 0.9823 660.27 477.93 0.9969 807.20 345.67 0.9891 618.23 518.42 0.9947 739.13 530.76 0.9965 731.88 539.76 0.9978 715.34 594.33 0.9973 772.23 595.25 0.9975 694.72 656.91 0.9898 796.55 661.18 0.9875
116 681.60 341.48 869.91 691.50 0.9121 828.21 414.78 0.9750 830.60 407.57 0.4087 823.54 408.69 0.9821 823.29 399.43 0.0078 802.76 402.50 0.9814 814.22 409.76 0.9863 774.38 435.15 0.9974 832.77 382.98 0.8474 739.46 478.40 0.9940 851.99 358.68 0.8040 703.93 520.09 0.9879 828.79 524.92 0.9951 798.72 535.44 0.9975 841.02 575.87 0.9943 806.48 597.37 0.9969 833.13 631.15 0.9919 800.52 661.39 0.9898
117 750.51 377.86 978.20 690.00 0.9265 915.19 422.92 0.9794 918.83 415.70 0.5524 909.41 416.31 0.9840 915.92 408.58 0.0132 890.10 409.70 0.9741 907.03 429.11 0.9571 863.78 437.11 0.9980 902.45 468.14 0.1992 822.07 473.37 0.9929 910.56 510.27 0.1201 778.55 503.45 0.9795 917.60 533.98 0.9943 883.67 540.48 0.9979 938.96 587.10 0.9944 880.29 604.30 0.9961 938.59 651.96 0.9884 824.05 647.71 0.9822
118 792.68 383.78 1057.71 734.88 0.9267 962.77 438.59 0.9854 968.19 430.84 0.8649 956.42 431.85 0.9858 971.69 419.37 0.0731 939.20 421.70 0.9518 975.80 428.37 0.9885 914.35 447.17 0.9981 1001.16 412.32 0.9501 871.34 480.73 0.9965 1036.81 398.89 0.9379 824.30 507.00 0.9927 971.18 542.66 0.9957 932.91 549.81 0.9986 967.68 606.70 0.9841 944.60 621.05 0.9982 945.08 643.49 0.9524 957.10 696.70 0.9870
119 908.96 396.59 1071.06 762.41 0.9330 993.41 446.51 0.9892 998.57 437.52 0.8712 985.71 438.42 0.9923 1000.99 428.22 0.0608 964.87 430.04 0.9761 1006.31 455.58 0.9940 937.98 470.88 0.9947 1014.41 503.76 0.9809 923.89 531.19 0.9859 1044.76 542.82 0.9803 923.73 588.60 0.9864 1004.94 578.61 0.9968 961.20 587.90 0.9967 1015.80 646.94 0.9959 969.89 663.93 0.9976 994.32 684.74 0.9869 973.90 727.21 0.9868
120 958.62 412.84 1099.76 809.64 0.9066 1049.67 450.39 0.9809 1052.52 441.39 0.7549 1039.18 443.48 0.9908 1052.98 445.87 0.0316 1014.92 450.48 0.9835 1058.95 491.76 0.9926 989.99 499.11 0.9962 1068.53 549.39 0.9848 983.08 567.49 0.9928 1083.19 600.92 0.9823 1034.67 602.22 0.9906 1056.66 615.02 0.9964 1008.98 618.48 0.9954 1057.40 696.65 0.9962 996.93 688.00 0.9876 1053.19 773.84 0.9836 974.68 728.23 0.9630
121 982.14 431.55 1163.04 861.61 0.9330 1111.05 457.89 0.9355 1109.25 450.49 0.3629 1099.33 454.83 0.9607 1102.26 461.05 0.0191 1075.70 472.86 0.9634 1117.21 507.08 0.9900 1054.27 522.06 0.9968 1121.05 567.37 0.9764 1018.81 582.38 0.9936 1143.21 619.43 0.9766 998.85 647.51 0.9895 1107.33 635.95 0.9972 1070.00 644.84 0.9982 1081.09 711.58 0.9972 1089.20 730.44 0.9990 1052.75 776.44 0.9949 1089.23 821.49 0.9969
122 1053.46 448.65 1225.78 877.97 0.9077 1149.48 478.58 0.5885 1144.67 473.27 0.0477 1143.89 475.79 0.6123 1120.38 484.06 0.0804 1134.95 494.15 0.9286 1113.26 521.51 0.9892 1141.55 551.52 0.9967 1134.86 520.04 0.9270 1154.11 631.60 0.9956 1153.71 487.18 0.9430 1190.65 698.17 0.9910 1112.74 653.32 0.9928 1134.75 665.50 0.9944 1121.28 727.45 0.9923 1150.41 753.92 0.9956 1080.87 799.04 0.9886 1125.16 839.27 0.9869
123 971.59 426.61 1334.74 876.76 0.9470 1162.16 489.52 0.1472 1155.62 483.04 0.0264 1160.47 485.76 0.0924 1121.29 489.15 0.3841 1161.71 494.65 0.8523 1101.13 518.28 0.9916 1175.77 539.87 0.9948 1054.03 486.10 0.9751 1244.35 532.88 0.9845 1006.80 451.44 0.9470 1299.50 509.04 0.9806 1102.77 660.30 0.9897 1146.43 665.94 0.9925 1103.36 740.35 0.9838 1144.32 756.43 0.9854 1102.16 821.74 0.9840 1125.24 837.22 0.9821
124 1068.35 351.36 1255.40 860.97 0.9243 1180.69 482.25 0.0583 1175.23 476.00 0.0098 1183.82 477.87 0.0453 1141.42 480.50 0.5725 1186.10 487.64 0.8831 1113.74 514.57 0.9910 1186.71 527.24 0.9966 1091.67 453.27 0.9728 1238.07 471.39 0.9921 1085.59 399.16 0.9628 1231.04 409.17 0.9757 1109.74 657.86 0.9970 1160.57 663.44 0.9977 1107.93 736.89 0.9975 1186.33 739.89 0.9980 1103.74 819.85 0.9909 1168.06 825.43 0.9914
125 1102.88 424.64 1298.97 852.47 0.9307 1240.57 495.67 0.1346 1234.62 487.79 0.0117 1239.28 489.78 0.1121 1198.46 486.12 0.1419 1229.25 493.17 0.8184 1171.15 513.85 0.9903 1235.65 526.60 0.9956 1167.70 468.28 0.9782 1275.04 480.71 0.9869 1178.13 439.57 0.9654 1246.40 451.50 0.9583 1167.58 651.58 0.9982 1214.41 658.49 0.9983 1162.59 724.64 0.9983 1209.15 745.60 0.9976 1131.89 796.25 0.9969 1185.06 822.53 0.9933
126 1161.40 343.25 1400.78 850.51 0.9268 1291.05 470.49 0.0651 1287.35 465.23 0.0114 1294.17 467.13 0.0556 1257.34 469.86 0.5929 1296.03 476.59 0.8903 1226.32 497.60 0.9949 1295.87 512.86 0.9958 1213.66 438.76 0.9879 1350.32 461.79 0.9904 1210.34 387.00 0.9828 1364.92 401.13 0.9792 1214.94 631.71 0.9972 1251.14 642.85 0.9967 1247.96 692.08 0.9967 1230.99 735.88 0.9967 1252.94 749.58 0.9943 1186.56 817.93 0.9865
127 1201.27 409.87 1426.29 793.48 0.9320 1349.89 451.70 0.0575 1347.22 443.50 0.0089 1354.06 445.60 0.0798 1314.90 441.54 0.6734 1351.84 449.57 0.9608 1278.21 483.05 0.9974 1343.86 502.43 0.9975 1245.33 528.95 0.9851 1360.65 568.24 0.9928 1218.82 560.64 0.9675 1395.20 622.06 0.9841 1273.68 616.10 0.9988 1316.27 622.89 0.9986 1273.59 678.43 0.9978 1330.70 679.75 0.9977 1264.75 760.81 0.9942 1308.02 757.74 0.9939
128 1269.63 402.27 1442.66 763.17 0.9263 1422.96 440.54 0.0435 1420.53 431.81 0.0078 1427.74 435.75 0.0397 1394.04 429.70 0.7233 1429.27 441.46 0.9152 1359.09 464.40 0.9979 1416.12 490.82 0.9980 1336.55 513.07 0.8675 1407.55 558.16 0.9851 1357.92 540.17 0.3866 1407.32 609.27 0.9093 1344.47 584.14 0.9983 1384.07 595.94 0.9976 1334.57 648.90 0.9978 1392.01 656.49 0.9971 1297.96 714.37 0.9941 1373.91 722.63 0.9901
129 1344.74 385.23 1555.76 742.27 0.9353 1473.12 421.22 0.0516 1469.97 413.95 0.0105 1475.61 415.67 0.0479 1441.57 414.13 0.7515 1476.02 421.17 0.9447 1410.45 453.59 0.9984 1474.58 468.60 0.9985 1382.78 503.38 0.9911 1499.50 523.54 0.9927 1361.38 551.98 0.9836 1533.85 541.83 0.9824 1399.10 563.32 0.9982 1434.37 570.92 0.9978 1416.98 619.85 0.9953 1407.50 644.34 0.9968 1420.25 664.79 0.9892 1381.95 714.35 0.9874
130 1407.25 362.64 1526.23 692.79 0.9280 1508.13 395.99 0.0371 1505.75 388.34 0.0069 1512.26 391.76 0.0349 1482.28 386.39 0.7027 1514.08 397.21 0.9182 1451.46 418.97 0.9976 1502.48 441.83 0.9980 1429.44 469.08 0.9449 1487.09 499.05 0.9832 1439.98 507.05 0.7662 1472.86 548.09 0.9302 1437.54 528.93 0.9976 1472.64 538.21 0.9972 1433.61 593.27 0.9968 1485.46 591.58 0.9965 1428.15 666.32 0.9880 1465.00 658.05 0.9874
131 1422.93 350.56 1568.46 663.81 0.9168 1549.10 382.14 0.0295 1546.64 374.93 0.0083 1553.27 377.85 0.0279 1523.37 373.97 0.7716 1554.94 383.46 0.9059 1493.46 407.17 0.9973 1548.07 428.94 0.9970 1473.34 453.42 0.9268 1544.36 486.42 0.9828 1482.66 486.75 0.7155 1548.63 529.25 0.9453 1482.29 512.86 0.9983 1516.97 522.22 0.9977 1468.20 567.00 0.9969 1511.58 579.25 0.9967 1450.08 619.46 0.9929 1497.09 635.57 0.9903
132 1452.17 339.99 1626.73 653.09 0.9251 1563.53 369.52 0.0244 1559.84 363.95 0.0088 1565.25 364.75 0.0221 1538.62 364.81 0.7948 1567.88 369.05 0.9212 1512.70 399.46 0.9983 1574.81 406.52 0.9987 1490.26 448.11 0.9877 1594.64 448.48 0.9840 1470.09 490.48 0.9637 1612.44 452.39 0.9430 1509.04 498.76 0.9980 1544.20 502.72 0.9978 1506.00 546.79 0.9911 1521.27 565.10 0.9906 1500.37 603.05 0.9710 1500.92 625.57 0.9603
133 1492.21 326.60 1627.51 609.90 0.9143 1595.51 358.26 0.1808 1591.98 351.81 0.0145 1596.74 353.02 0.2437 1563.94 348.10 0.2600 1588.61 353.49 0.9681 1531.79 375.91 0.9973 1583.13 386.37 0.9976 1510.60 424.85 0.9815 1586.60 441.53 0.9777 1509.48 464.22 0.9276 1594.56 449.48 0.8577 1526.59 472.23 0.9983 1563.22 470.47 0.9975 1522.78 526.43 0.9938 1604.37 486.04 0.9910 1507.11 586.12 0.9798 1591.39 543.48 0.9827
134 1497.55 329.57 1699.40 607.51 0.8950 1659.23 361.06 0.5646 1658.12 353.91 0.0948 1658.07 355.25 0.6308 1630.86 348.77 0.2041 1647.78 354.18 0.9458 1603.21 364.23 0.9482 1641.80 381.40 0.9964 1626.50 389.73 0.4659 1676.76 414.90 0.9897 1664.77 385.78 0.4936 1689.44 384.42 0.9538 1564.21 466.60 0.9954 1599.95 463.22 0.9964 1551.26 509.35 0.9811 1646.76 436.88 0.9764 1519.08 577.68 0.9709 1630.76 500.29 0.9802
135 1586.30 241.73 1758.99 505.57 0.9368 1744.56 282.28 0.8514 1746.43 275.91 0.1019 1742.70 274.81 0.9147 1729.35 271.54 0.0109 1725.81 268.88 0.9616 1704.05 293.81 0.9719 1699.85 290.87 0.9966 1701.76 336.75 0.9517 1674.98 325.68 0.9958 1723.85 367.89 0.9763 1688.89 369.96 0.9930 1648.99 370.87 0.9902 1651.92 370.51 0.9962 1647.02 421.53 0.9936 1672.41 431.91 0.9981 1607.70 464.36 0.9819 1637.34 484.07 0.9891
136 1618.80 216.75 1776.14 508.77 0.9302 1752.78 256.81 0.9895 1758.15 250.48 0.9178 1747.72 249.41 0.9905 1761.26 247.33 0.1713 1732.90 243.55 0.9589 1759.83 278.01 0.9940 1701.90 271.28 0.9976 1753.11 322.46 0.9856 1665.02 310.73 0.9933 1748.77 366.71 0.9865 1637.48 352.81 0.9921 1722.32 368.39 0.9973 1687.98 363.40 0.9975 1717.41 432.83 0.9965 1676.10 429.40 0.9962 1713.16 490.83 0.9833 1637.37 479.11 0.9787
137 1659.50 232.22 1811.26 531.15 0.9324 1748.96 275.50 0.9830 1756.15 269.04 0.9892 1745.20 268.08 0.8829 1774.52 262.20 0.9537 1741.56 259.52 0.1262 1791.99 293.65 0.9946 1727.19 281.47 0.9951 1790.70 346.01 0.9866 1705.20 323.26 0.9866 1775.98 390.13 0.9868 1687.36 366.03 0.9858 1748.55 384.77 0.9960 1710.01 375.40 0.9956 1734.36 446.89 0.9952 1695.51 436.83 0.9962 1715.70 500.87 0.9865 1676.68 500.26 0.9884
138 1624.87 288.10 1812.45 603.84 0.9446 1709.70 329.33 0.9904 1716.34 323.26 0.9950 1706.87 322.33 0.8501 1735.57 318.74 0.9852 1706.03 317.19 0.0450 1756.95 343.88 0.9972 1700.40 335.23 0.9958 1801.43 371.57 0.9929 1671.77 341.59 0.9835 1765.76 364.03 0.9927 1643.72 348.14 0.9846 1731.10 443.97 0.9974 1689.71 439.91 0.9975 1720.65 501.81 0.9832 1669.71 505.81 0.9952 1715.75 515.66 0.9397 1655.79 570.02 0.9734
139 1579.03 346.17 1711.44 657.57 0.9089 1646.94 377.95 0.9931 1655.17 372.80 0.9966 1644.30 370.93 0.8922 1673.57 375.19 0.9865 1643.30 371.17 0.0524 1691.68 411.88 0.9966 1631.11 403.67 0.9944 1701.08 457.79 0.9894 1614.94 443.80 0.9726 1692.92 497.84 0.9915 1622.57 478.84 0.9823 1663.08 496.76 0.9958 1628.81 491.90 0.9922 1629.48 556.70 0.9946 1629.75 551.58 0.9847 1608.59 622.39 0.9850 1644.40 599.45 0.9727
140 1494.03 348.20 1663.45 676.65 0.9233 1597.90 377.21 0.9839 1606.53 372.02 0.9912 1596.28 370.18 0.8167 1626.62 378.64 0.9700 1597.67 373.93 0.0633 1640.55 422.75 0.9928 1588.38 412.72 0.9926 1642.39 479.56 0.9842 1571.80 460.27 0.9813 1623.04 522.77 0.9859 1550.21 501.77 0.9825 1606.81 520.69 0.9958 1570.75 510.86 0.9945 1593.17 587.73 0.9958 1542.79 569.30 0.9955 1582.45 646.53 0.9912 1539.95 634.26 0.9919
141 1424.24 362.61 1577.33 690.69 0.9264 1509.44 390.07 0.9733 1518.29 384.81 0.9881 1509.21 383.09 0.5264 1539.14 391.80 0.9815 1512.82 387.86 0.0113 1553.99 436.31 0.9942 1507.09 428.92 0.9690 1563.86 490.76 0.9916 1498.27 478.01 0.4974 1526.76 516.07 0.9920 1487.37 516.50 0.4766 1522.81 537.64 0.9974 1487.96 530.39 0.9939 1520.54 610.88 0.9942 1468.84 592.34 0.9960 1562.34 633.66 0.9775 1467.94 664.60 0.9886
142 1343.23 369.26 1513.77 716.54 0.9315 1423.49 399.18 0.9492 1429.43 393.16 0.9706 1425.13 392.29 0.2208 1450.19 398.68 0.9779 1437.58 395.97 0.0094 1473.73 444.94 0.9966 1430.05 438.49 0.9944 1496.49 498.30 0.9912 1408.36 478.20 0.9822 1500.60 545.13 0.9889 1372.11 496.09 0.9843 1448.97 544.89 0.9971 1427.32 538.81 0.9957 1412.92 609.76 0.9978 1439.16 603.49 0.9966 1380.55 684.28 0.9927 1465.39 663.22 0.9909
143 1261.42 373.99 1405.59 723.76 0.8892 1334.87 408.53 0.8273 1338.67 401.84 0.8770 1337.11 401.29 0.0641 1357.39 405.34 0.9688 1353.99 403.79 0.0064 1384.89 449.37 0.9953 1354.79 444.42 0.9569 1373.51 512.61 0.9895 1347.26 503.77 0.3991 1328.58 555.40 0.9828 1324.00 552.29 0.4590 1367.78 554.17 0.9929 1340.44 545.76 0.9736 1360.54 625.77 0.9948 1305.16 603.31 0.9862 1362.89 689.06 0.9832 1309.43 669.55 0.9791
144 1174.50 381.55 1335.72 710.39 0.9129 1223.80 425.48 0.9529 1227.88 417.26 0.9756 1222.01 417.62 0.2416 1250.62 411.95 0.9807 1234.88 413.12 0.0058 1278.04 453.21 0.9963 1250.03 448.50 0.9461 1276.23 516.18 0.9931 1245.52 509.82 0.2992 1243.89 566.70 0.9895 1228.51 556.73 0.3286 1261.04 563.29 0.9971 1236.48 556.37 0.9882 1250.68 634.80 0.9967 1214.58 620.36 0.9934 1312.58 670.43 0.9869 1218.98 680.10 0.9858
145 1041.57 395.20 1257.02 735.58 0.9391 1128.39 439.40 0.9838 1133.88 431.12 0.9899 1125.92 431.89 0.4287 1158.12 425.40 0.9877 1134.11 427.26 0.0075 1187.52 466.09 0.9977 1141.14 461.05 0.9965 1221.07 514.38 0.9967 1114.00 493.94 0.9924 1241.54 564.04 0.9956 1071.88 522.22 0.9913 1166.86 571.99 0.9981 1149.75 566.98 0.9974 1127.19 633.92 0.9981 1172.22 623.88 0.9968 1103.77 706.22 0.9904 1212.72 675.60 0.9900
146 962.86 397.10 1112.39 746.34 0.9047 1027.00 440.86 0.9605 1031.46 431.99 0.9815 1024.43 432.93 0.2852 1055.60 426.11 0.9857 1035.36 428.99 0.0038 1087.49 470.34 0.9960 1052.41 466.10 0.9548 1092.47 535.78 0.9921 1054.32 525.56 0.3471 1043.27 571.85 0.9885 1034.04 570.37 0.3241 1075.75 583.79 0.9963 1042.39 575.63 0.9869 1081.10 660.44 0.9956 1014.27 642.13 0.9906 1090.87 714.78 0.9771 1003.35 703.85 0.9754
147 857.37 407.80 1095.27 764.73 0.9336 939.44 458.71 0.9920 945.73 450.40 0.9902 932.44 451.37 0.9261 963.72 441.34 0.9626 928.10 443.86 0.2022 989.18 480.17 0.9981 931.00 469.40 0.9958 1031.85 532.67 0.9941 913.07 496.46 0.9740 1067.19 584.58 0.9884 880.23 515.87 0.9672 972.10 596.87 0.9983 933.58 591.83 0.9980 967.23 675.41 0.9970 926.83 663.98 0.9983 1018.53 715.76 0.9860 945.01 730.18 0.9932
148 818.35 349.67 1102.78 832.79 0.8628 917.68 477.21 0.9784 922.93 466.11 0.9454 906.88 470.68 0.9775 929.68 453.39 0.6407 890.18 461.47 0.8138 959.34 485.66 0.9813 871.38 475.86 0.9783 1020.54 481.18 0.9698 835.15 434.19 0.9784 1075.53 466.57 0.9527 854.54 376.67 0.9871 929.84 615.85 0.9866 883.91 610.42 0.9868 918.21 703.39 0.9773 902.40 683.70 0.9662 904.29 782.91 0.9554 933.69 716.97 0.9514
149 825.82 438.78 951.50 882.52 0.9080 905.09 515.81 0.9775 908.13 504.41 0.8946 894.59 509.15 0.9839 914.76 490.96 0.2156 875.55 501.00 0.9393 937.11 519.48 0.9897 857.70 510.22 0.9943 931.46 545.96 0.2770 839.72 469.59 0.8055 906.44 564.29 0.0759 849.66 454.73 0.5386 919.68 656.95 0.9962 862.04 657.59 0.9967 913.48 744.96 0.9921 862.43 752.71 0.9962 901.52 797.29 0.9887 860.90 834.79 0.9894
150 795.91 481.82 951.97 924.72 0.9274 893.42 558.86 0.9838 896.41 547.02 0.8577 882.26 552.52 0.9927 901.15 531.84 0.0490 856.46 543.26 0.9722 913.45 556.62 0.9931 834.08 555.92 0.9860 922.77 594.31 0.9868 809.00 521.64 0.8625 932.45 632.49 0.9844 820.85 494.03 0.8203 906.98 704.85 0.9978 848.69 712.65 0.9970 921.67 791.18 0.9957 858.79 808.42 0.9967 910.76 823.86 0.9907 871.21 872.76 0.9906
151 715.03 501.00 1067.23 1029.48 0.9306 901.57 616.98 0.9801 906.56 604.73 0.8872 888.91 609.51 0.9875 911.03 587.23 0.1808 861.98 595.92 0.9118 931.91 607.58 0.9742 832.03 608.36 0.9783 986.26 603.93 0.9728 774.85 579.25 0.9675 1035.79 593.09 0.9640 739.50 532.44 0.9764 922.30 768.17 0.9934 857.47 767.26 0.9923 933.28 878.47 0.9873 865.36 861.11 0.9712 934.00 968.94 0.9673 868.59 884.22 0.9551
152 683.38 598.07 1161.78 1144.28 0.9373 871.01 689.33 0.9839 879.43 674.35 0.9852 855.92 680.52 0.9613 898.80 647.25 0.9001 838.16 661.19 0.5224 945.65 666.72 0.9883 821.70 689.06 0.9852 1038.98 655.61 0.9859 771.89 733.80 0.9891 1122.11 633.86 0.9800 720.99 779.19 0.9870 938.96 841.13 0.9866 867.43 851.40 0.9909 938.29 938.57 0.9842 866.46 974.09 0.9945 932.33 988.18 0.9626 866.55 1083.60 0.9807
153 726.71 657.53 1060.74 1196.29 0.9307 784.08 752.69 0.9905 793.09 733.70 0.9929 765.42 742.34 0.9714 817.81 709.42 0.9408 748.66 729.06 0.4226 873.98 758.67 0.9895 753.59 763.82 0.9752 944.07 822.32 0.9847 757.40 825.27 0.9816 1010.65 880.24 0.9873 758.59 888.23 0.9879 872.02 946.13 0.9914 801.70 948.44 0.9914 877.29 1074.49 0.9801 833.05 1059.02 0.9805 924.53 1133.46 0.9177 877.10 1119.00 0.9423
154 551.14 742.01 874.52 1442.47 0.9473 693.14 841.70 0.9924 711.48 825.53 0.9964 681.73 823.25 0.9362 754.86 817.10 0.9804 674.03 811.28 0.1099 806.66 887.95 0.9923 669.34 876.12 0.9885 837.40 1004.35 0.9887 639.37 975.86 0.9883 850.84 1117.59 0.9897 588.76 1081.84 0.9824 792.01 1097.82 0.9932 710.94 1085.50 0.9863 770.24 1246.10 0.9850 739.35 1178.65 0.9242 772.22 1355.97 0.8918 773.85 1229.51 0.8273
155 367.81 857.45 795.10 1493.71 0.9520 542.48 977.86 0.9935 564.25 957.74 0.9975 530.92 956.19 0.8679 621.03 944.35 0.9874 527.63 941.10 0.0330 697.46 1011.74 0.9948 521.48 1024.99 0.9874 758.22 1142.78 0.9944 475.61 1157.46 0.9902 748.83 1281.57 0.9907 425.64 1300.62 0.9767 706.99 1245.57 0.9884 598.79 1263.24 0.9820 760.74 1339.63 0.9441 585.12 1420.49 0.9021 764.74 1351.96 0.5800 576.97 1477.78 0.3642
156 72.18 969.98 717.40 1500.00 0.9573 363.14 1119.36 0.9907 386.62 1090.95 0.9987 342.96 1095.23 0.9072 451.32 1064.16 0.9901 330.66 1077.42 0.0312 549.19 1099.54 0.9949 313.96 1183.12 0.9959 616.61 1185.11 0.9964 214.80 1356.87 0.9850 668.37 1281.74 0.9818 113.89 1488.96 0.1131 601.59 1360.38 0.9902 459.66 1402.82 0.9759 636.84 1484.01 0.6921 515.83 1500.00 0.2373 663.22 1487.65 0.1157 552.93 1492.63 0.0435
157 187.99 1031.25 602.83 1500.00 0.9333 264.57 1197.48 0.9823 289.23 1169.57 0.9974 250.04 1170.25 0.7287 370.73 1139.36 0.9914 249.65 1143.30 0.0089 481.65 1176.86 0.9898 250.03 1225.38 0.9882 571.17 1291.08 0.9915 224.55 1379.75 0.9572 536.29 1426.09 0.9750 223.55 1479.22 0.2099 512.15 1426.82 0.8894 373.38 1450.76 0.8934 548.99 1500.00 0.0340 393.67 1500.00 0.0399 528.25 1500.00 0.0093 423.47 1500.00 0.0215
158 47.65 1210.87 312.02 1497.29 0.3532 97.75 1441.42 0.9234 136.20 1402.42 0.9726 86.71 1403.81 0.7625 253.12 1379.07 0.8293 95.25 1379.06 0.0073 317.42 1487.18 0.0266 118.92 1470.45 0.0190 290.31 1500.00 0.0026 86.06 1500.00 0.0005 188.42 1479.21 0.0350 95.24 1477.76 0.0023 285.04 1500.00 0.0002 144.74 1500.00 0.0004 238.71 1469.70 0.0015 62.97 1460.43 0.0008 204.25 1455.65 0.0002 118.20 1436.22 0.0001
