48 1722.57 364.68 2047.05 1152.77 0.9426 1989.71 457.06 0.8370 2004.92 442.61 0.8059 1992.61 438.06 0.1202 2043.55 454.11 0.3440 2010.62 440.51 0.0020 2041.17 540.50 0.3814 2039.14 536.80 0.2493 2047.72 686.97 0.2539 1996.82 668.30 0.0925 2033.04 804.33 0.8494 1950.74 776.99 0.2551 1982.12 778.75 0.7015 2002.87 777.51 0.6004 1849.55 889.19 0.9898 1989.72 936.15 0.9716 1820.00 1056.55 0.9794 1992.23 1106.83 0.9421
49 1585.28 366.50 1936.27 1021.40 0.9268 1750.75 450.08 0.9235 1757.84 432.89 0.9567 1756.23 433.95 0.0566 1798.37 430.37 0.9906 1810.04 430.29 0.0052 1824.83 503.22 0.9966 1861.72 492.82 0.9717 1788.94 550.61 0.9468 1886.92 493.32 0.7244 1774.25 531.68 0.8760 1910.23 452.92 0.8187 1760.07 724.34 0.9939 1775.40 716.78 0.9871 1685.25 836.82 0.9946 1723.31 826.09 0.9897 1678.64 979.07 0.9853 1825.93 955.83 0.9864
50 1412.56 179.20 1713.74 1003.52 0.9251 1579.40 403.45 0.5923 1588.74 395.41 0.5881 1582.36 391.15 0.0244 1621.66 412.93 0.7853 1612.13 400.49 0.0069 1650.48 478.07 0.9904 1633.75 456.63 0.9373 1603.30 379.24 0.9837 1644.44 374.16 0.7872 1593.21 267.10 0.9851 1639.80 281.47 0.7763 1601.06 690.13 0.9969 1567.82 672.80 0.9927 1593.97 828.33 0.9949 1515.37 780.77 0.9843 1668.47 957.30 0.9875 1471.38 886.01 0.9860
51 1270.34 260.09 1555.45 918.55 0.9309 1431.57 414.63 0.7945 1431.41 403.55 0.7622 1432.45 402.18 0.0717 1447.88 399.31 0.7652 1464.58 396.48 0.0133 1476.81 443.45 0.9772 1507.79 442.32 0.9423 1521.66 351.46 0.9253 1513.86 341.39 0.8506 1452.12 319.99 0.9606 1445.72 301.75 0.9131 1447.97 635.78 0.9911 1490.94 637.04 0.9898 1370.25 729.89 0.9958 1465.22 753.87 0.9920 1348.08 855.16 0.9906 1465.23 877.72 0.9850
52 1211.23 317.98 1400.19 853.53 0.8996 1313.76 380.58 0.1427 1317.22 372.09 0.1001 1320.39 373.37 0.0047 1332.30 378.71 0.5227 1355.92 379.27 0.0204 1343.89 424.92 0.9850 1358.27 425.38 0.9794 1333.94 403.15 0.9846 1343.48 390.73 0.7691 1315.73 364.62 0.9644 1317.14 346.20 0.6369 1300.07 596.77 0.9968 1321.42 592.89 0.9950 1264.68 705.85 0.9982 1284.68 693.35 0.9964 1275.30 818.49 0.9951 1343.88 779.37 0.9956
53 1105.14 337.53 1292.49 846.41 0.9076 1176.11 388.04 0.4904 1178.89 377.50 0.5936 1179.45 378.80 0.0156 1197.78 378.34 0.9474 1219.02 378.99 0.0354 1201.59 422.91 0.9966 1255.84 417.17 0.9937 1164.04 440.41 0.9752 1267.33 399.28 0.8995 1171.96 420.50 0.8795 1263.56 363.73 0.8085 1191.72 583.61 0.9982 1218.83 577.16 0.9969 1189.71 694.77 0.9974 1168.82 669.32 0.9953 1258.00 798.37 0.9948 1155.22 757.74 0.9959
54 955.38 222.55 1180.66 788.31 0.9136 1065.65 391.68 0.8645 1066.70 382.34 0.9107 1067.65 382.78 0.0903 1089.62 373.18 0.9826 1104.66 371.34 0.0197 1109.34 427.03 0.9961 1148.43 385.46 0.9913 1127.15 510.66 0.9843 1143.84 316.89 0.9738 1118.55 579.29 0.9827 1107.83 257.81 0.9799 1105.54 565.15 0.9917 1153.68 558.82 0.9901 1051.88 639.97 0.9896 1151.86 661.94 0.9881 1016.56 731.44 0.9747 1155.19 757.87 0.9760
55 896.73 277.05 1138.27 767.48 0.9064 937.47 401.15 0.6239 936.84 394.01 0.6078 938.05 390.01 0.0222 948.36 391.92 0.9854 974.18 378.91 0.0902 974.39 444.01 0.9992 1012.10 396.60 0.9994 993.10 513.38 0.9971 1021.42 345.11 0.9907 983.84 585.96 0.9964 1011.32 297.64 0.9906 999.57 560.31 0.9986 1040.11 545.29 0.9992 953.19 630.10 0.9969 1051.10 637.66 0.9983 939.75 716.84 0.9834 1109.67 709.00 0.9908
56 725.86 322.35 1064.04 740.85 0.9412 886.95 362.21 0.0400 885.10 356.39 0.0519 891.48 353.81 0.0093 885.24 358.11 0.9502 924.99 352.05 0.7304 882.19 396.15 0.9992 961.97 388.47 0.9986 819.43 426.14 0.9913 1006.48 439.89 0.9913 766.14 432.77 0.9666 1044.97 488.58 0.9812 916.93 527.90 0.9990 965.47 521.00 0.9986 926.44 619.25 0.9967 965.45 589.32 0.9950 940.11 706.64 0.9842 967.96 648.10 0.9871
57 774.97 252.45 948.53 736.27 0.9285 896.62 371.33 0.0754 896.42 364.39 0.0503 903.87 367.75 0.0276 893.78 364.04 0.8300 922.58 372.93 0.6228 868.94 377.49 0.9981 925.69 408.84 0.9931 823.17 332.62 0.9975 918.07 470.25 0.9902 798.48 281.18 0.9884 906.65 521.44 0.9836 860.93 504.99 0.9956 893.26 513.08 0.9897 885.39 604.39 0.9980 879.43 589.55 0.9917 919.74 689.95 0.9855 864.34 653.24 0.9697
58 687.01 312.08 980.31 691.79 0.9352 860.62 348.55 0.0362 860.37 341.80 0.0241 867.05 343.24 0.0154 851.00 340.31 0.9290 884.56 345.33 0.8709 826.51 370.69 0.9991 899.96 387.82 0.9988 771.54 391.59 0.9940 927.09 443.76 0.9919 713.36 405.82 0.9815 959.70 482.34 0.9768 829.69 494.94 0.9991 875.02 501.54 0.9988 820.83 571.14 0.9980 868.41 581.93 0.9977 827.58 648.32 0.9886 866.21 658.71 0.9872
59 761.00 248.80 878.90 679.29 0.8923 802.59 335.21 0.0506 801.39 328.80 0.0363 808.29 329.70 0.0126 795.04 333.94 0.8959 827.38 334.43 0.5615 787.40 380.69 0.9963 840.26 364.02 0.9983 784.77 441.89 0.9879 858.06 321.67 0.9864 778.16 493.92 0.9767 858.25 282.04 0.9523 801.12 484.04 0.9981 837.08 481.10 0.9985 795.34 554.36 0.9964 840.84 557.09 0.9973 806.01 620.53 0.9802 856.28 624.11 0.9840
60 703.04 293.22 827.10 644.54 0.9133 761.33 337.55 0.0352 761.92 331.42 0.0325 766.95 332.36 0.0079 763.59 335.14 0.8305 789.18 335.15 0.3618 749.52 375.48 0.9948 805.32 358.48 0.9950 734.74 424.93 0.9881 801.71 326.11 0.9607 717.91 456.36 0.9667 781.16 299.83 0.8506 771.84 470.32 0.9979 805.76 465.75 0.9966 781.73 545.51 0.9985 792.18 535.49 0.9957 805.10 612.94 0.9949 781.87 588.74 0.9902
61 697.71 258.40 791.03 613.18 0.7088 723.00 326.11 0.0654 722.55 321.03 0.0594 728.79 320.64 0.0112 724.46 324.86 0.8855 752.06 321.77 0.3920 724.36 361.71 0.9949 768.29 342.66 0.9958 721.59 414.31 0.9892 768.44 306.91 0.9617 714.26 454.07 0.9842 745.52 279.60 0.8927 743.57 453.04 0.9982 775.09 450.86 0.9980 717.82 510.34 0.9978 769.02 521.74 0.9972 731.77 575.13 0.9908 775.31 588.16 0.9888
62 650.01 252.45 768.20 594.06 0.9017 687.31 328.96 0.0318 685.21 323.56 0.0243 691.31 323.44 0.0111 679.20 325.32 0.8552 705.90 324.48 0.6103 672.85 359.17 0.9953 721.00 345.38 0.9983 669.06 407.40 0.9831 737.43 313.56 0.9883 661.20 451.75 0.9660 745.72 272.90 0.9628 688.18 447.24 0.9978 721.72 443.74 0.9984 684.08 510.05 0.9976 722.21 503.15 0.9973 692.57 572.01 0.9893 742.95 551.46 0.9898
63 620.38 300.31 814.27 587.02 0.9269 701.29 329.41 0.1089 697.33 324.12 0.0126 701.33 324.13 0.1282 671.80 321.90 0.3503 695.22 323.80 0.9532 650.00 350.13 0.9971 701.26 348.35 0.9983 638.24 395.60 0.9865 745.91 361.57 0.9944 630.77 437.48 0.9707 793.87 361.89 0.9845 665.69 438.90 0.9988 697.63 438.72 0.9988 672.22 500.12 0.9981 699.87 498.96 0.9976 683.38 555.00 0.9906 693.95 551.87 0.9867
64 641.49 302.20 723.43 574.89 0.8722 710.74 337.77 0.7761 711.28 331.04 0.0529 709.19 330.97 0.8248 697.14 325.73 0.0072 694.66 325.81 0.9501 683.25 351.21 0.8683 668.73 353.32 0.9928 675.97 400.22 0.1194 654.86 398.82 0.9855 681.01 443.93 0.1314 652.15 445.03 0.9752 687.23 438.20 0.9549 677.08 440.58 0.9879 693.32 493.40 0.9745 703.69 493.37 0.9951 676.48 545.41 0.9550 687.72 546.73 0.9813
65 641.22 299.28 753.09 569.46 0.9263 713.21 331.81 0.9743 715.16 326.04 0.3742 709.62 325.68 0.9852 709.34 323.80 0.0068 692.19 322.01 0.9834 702.74 351.13 0.9891 667.74 350.60 0.9953 713.85 391.34 0.9796 651.34 392.61 0.9932 733.48 427.03 0.9858 650.83 435.25 0.9926 699.09 429.77 0.9950 681.08 430.53 0.9964 691.05 486.15 0.9973 709.94 485.61 0.9984 676.94 541.54 0.9922 717.94 547.41 0.9935
66 672.62 304.16 859.55 571.33 0.9366 765.37 336.75 0.9554 767.28 330.83 0.3204 761.48 331.08 0.9662 761.58 327.76 0.0126 745.72 327.94 0.9725 762.21 347.01 0.9930 721.65 355.95 0.9968 796.35 351.94 0.9895 699.07 392.36 0.9965 832.88 345.67 0.9922 687.86 431.48 0.9956 749.90 433.30 0.9968 733.55 435.47 0.9978 734.92 487.67 0.9977 764.05 486.37 0.9990 692.24 532.95 0.9929 772.62 550.90 0.9952
67 759.22 294.53 890.23 571.96 0.9153 831.38 325.13 0.9520 832.31 319.06 0.2289 827.37 318.65 0.9694 823.59 320.77 0.0059 809.95 319.41 0.9710 812.27 352.14 0.9769 792.48 344.96 0.9945 814.41 395.32 0.9351 780.97 341.56 0.9788 832.37 420.05 0.9692 793.80 330.59 0.9744 815.48 433.61 0.9932 792.87 435.47 0.9965 834.30 481.90 0.9940 789.30 492.69 0.9968 854.42 536.52 0.9887 770.52 548.87 0.9901
68 840.53 244.37 913.19 567.39 0.8135 897.31 319.38 0.7313 898.70 313.58 0.0991 893.66 313.50 0.7349 891.00 314.84 0.0121 881.06 314.16 0.8179 878.51 339.44 0.7337 867.91 335.58 0.9862 879.01 329.33 0.0685 866.61 307.91 0.9729 883.88 306.45 0.1024 880.51 276.31 0.9523 883.41 419.52 0.9663 875.17 420.13 0.9926 891.69 480.54 0.9756 897.89 480.64 0.9952 874.40 532.97 0.9494 866.91 529.04 0.9800
69 875.81 293.13 1012.17 575.66 0.9177 972.31 331.99 0.8688 973.34 325.85 0.1296 968.56 325.52 0.8714 962.04 325.62 0.0107 955.28 324.58 0.9151 951.97 348.14 0.8852 940.88 344.40 0.9889 946.57 333.41 0.1021 929.61 329.90 0.9346 943.97 319.76 0.1757 937.53 314.91 0.8975 951.57 428.30 0.9892 950.46 427.66 0.9962 942.88 487.88 0.9948 973.96 490.69 0.9986 898.00 533.06 0.9892 976.48 552.58 0.9929
70 955.84 272.63 1101.57 574.05 0.8896 1049.99 331.10 0.8671 1051.52 324.82 0.1437 1047.51 324.57 0.8735 1038.49 322.74 0.0239 1033.35 322.11 0.9180 1015.60 344.50 0.9793 1022.60 339.03 0.9916 988.45 373.04 0.9120 1011.46 338.89 0.9704 967.71 393.24 0.9203 998.33 345.49 0.9459 1024.06 427.87 0.9942 1017.27 428.96 0.9951 1044.30 481.89 0.9954 1005.70 490.34 0.9961 1065.44 538.92 0.9891 979.48 550.02 0.9861
71 1060.99 241.85 1132.60 570.37 0.8197 1119.24 326.15 0.6999 1120.39 319.66 0.0456 1117.05 319.91 0.7635 1105.77 318.48 0.0067 1104.74 318.77 0.8905 1086.64 339.52 0.7502 1086.19 337.27 0.9906 1090.62 330.63 0.0948 1099.25 299.96 0.9849 1103.09 307.87 0.1807 1113.11 263.86 0.9676 1089.96 424.63 0.9691 1091.55 426.60 0.9929 1098.08 482.01 0.9812 1118.35 482.78 0.9955 1081.82 536.92 0.9709 1086.25 533.18 0.9859
72 1086.53 284.79 1232.89 577.41 0.9120 1197.48 328.66 0.8478 1197.34 322.00 0.0810 1193.76 322.94 0.8788 1183.39 320.17 0.0090 1179.39 322.79 0.9529 1174.66 340.49 0.9755 1163.10 351.42 0.9952 1197.37 323.34 0.8754 1146.57 385.62 0.9881 1217.20 295.58 0.9274 1136.87 415.78 0.9818 1166.73 432.51 0.9938 1171.02 434.23 0.9969 1154.74 489.08 0.9957 1192.70 491.17 0.9984 1106.30 532.92 0.9899 1192.68 553.80 0.9922
73 1175.65 299.97 1299.96 579.40 0.9086 1275.04 329.47 0.8260 1274.12 322.89 0.0696 1273.43 323.60 0.8621 1255.94 320.46 0.0197 1259.68 323.86 0.9774 1238.78 340.74 0.9854 1239.21 353.89 0.9956 1210.18 358.58 0.6301 1209.72 395.09 0.9810 1194.73 378.16 0.5119 1190.51 435.22 0.9725 1236.69 432.63 0.9907 1227.07 437.83 0.9929 1250.96 486.23 0.9912 1216.66 496.99 0.9945 1266.52 540.06 0.9895 1193.45 553.67 0.9879
74 1254.94 296.94 1350.31 569.32 0.5010 1344.79 325.59 0.6456 1343.69 318.59 0.0306 1342.25 318.83 0.6868 1324.65 318.04 0.0167 1329.52 320.05 0.9528 1308.90 347.31 0.9560 1309.12 352.53 0.9951 1282.20 388.73 0.3944 1291.10 398.14 0.9797 1269.47 425.11 0.3617 1283.97 443.12 0.9590 1308.29 433.96 0.9607 1305.38 437.02 0.9875 1324.66 487.10 0.9661 1326.10 492.12 0.9920 1292.55 535.91 0.9423 1283.49 531.51 0.9749
75 1290.65 302.97 1431.80 584.45 0.8921 1404.75 330.46 0.6521 1403.08 324.27 0.0659 1402.20 324.30 0.6973 1380.17 325.28 0.0568 1389.27 326.77 0.9345 1365.05 353.97 0.9432 1384.91 360.74 0.9924 1374.63 396.39 0.2764 1402.66 406.11 0.9755 1399.14 431.37 0.2841 1416.40 442.12 0.9448 1361.73 440.42 0.9911 1380.68 442.77 0.9961 1361.05 498.00 0.9933 1395.80 502.40 0.9974 1311.88 541.79 0.9915 1396.18 561.50 0.9928
76 1381.38 300.83 1484.53 580.46 0.8882 1470.60 333.29 0.8928 1470.53 326.61 0.1075 1468.28 326.11 0.9411 1452.48 323.95 0.0103 1452.75 323.66 0.9753 1434.52 348.15 0.9251 1441.36 351.00 0.9958 1434.44 397.83 0.2540 1455.24 399.00 0.9859 1449.45 437.30 0.2701 1467.87 440.76 0.9661 1427.58 434.14 0.9760 1426.57 435.59 0.9922 1442.81 491.15 0.9817 1421.11 497.45 0.9948 1446.41 547.09 0.9852 1398.96 555.66 0.9905
77 1369.06 305.98 1533.33 586.94 0.9090 1518.45 341.09 0.9572 1522.69 334.54 0.4985 1514.31 333.77 0.9687 1519.43 330.97 0.0206 1498.37 328.30 0.9614 1507.96 350.95 0.9183 1472.29 351.99 0.9959 1489.78 374.96 0.1687 1431.04 377.79 0.9932 1479.60 400.28 0.1253 1392.66 407.07 0.9867 1483.50 434.41 0.9864 1458.54 433.47 0.9957 1483.40 495.97 0.9900 1469.45 498.36 0.9974 1462.36 554.23 0.9860 1434.83 555.23 0.9911
78 1429.27 307.10 1548.24 601.22 0.9266 1518.95 339.81 0.9934 1524.17 334.09 0.9541 1513.62 332.89 0.9942 1527.58 334.44 0.2508 1500.30 330.97 0.9633 1531.94 366.83 0.9932 1477.77 362.36 0.9965 1533.54 410.46 0.9718 1454.07 406.05 0.9847 1532.38 452.44 0.9770 1440.51 447.64 0.9862 1507.88 450.39 0.9927 1476.01 447.91 0.9938 1488.80 512.51 0.9871 1475.85 512.29 0.9914 1465.01 555.48 0.9643 1474.18 565.88 0.9699
79 1449.46 302.29 1553.49 585.07 0.8925 1524.39 330.43 0.9943 1529.50 323.66 0.9752 1517.01 323.87 0.9954 1534.21 327.50 0.3905 1503.59 327.98 0.9709 1542.25 362.23 0.9762 1480.94 367.26 0.9957 1538.86 396.59 0.2015 1463.36 413.33 0.9645 1527.19 431.25 0.1149 1460.39 453.41 0.9386 1524.95 459.44 0.9879 1482.75 461.89 0.9929 1521.96 527.33 0.9281 1476.29 535.62 0.9688 1503.31 567.06 0.6064 1473.96 581.21 0.6571
80 1469.37 310.78 1587.26 645.32 0.9055 1553.22 335.81 0.9889 1558.45 329.03 0.9623 1545.73 329.55 0.9931 1563.32 334.95 0.4286 1532.45 336.10 0.9566 1573.84 376.57 0.9871 1512.37 378.19 0.9947 1574.02 417.98 0.4588 1496.94 421.15 0.8844 1565.80 455.30 0.2783 1500.06 452.03 0.7440 1555.78 474.56 0.9937 1515.27 471.82 0.9912 1540.84 548.25 0.9910 1498.97 536.59 0.9597 1519.55 614.24 0.9840 1478.19 563.68 0.9386
81 1495.15 315.91 1662.01 667.36 0.8832 1584.16 345.37 0.9936 1590.32 338.79 0.9767 1576.79 338.70 0.9928 1596.79 344.62 0.5505 1563.15 343.81 0.9486 1610.62 389.00 0.9963 1542.14 384.32 0.9984 1635.78 422.41 0.8808 1512.08 416.42 0.9935 1656.90 409.82 0.8440 1507.08 454.26 0.9929 1584.16 484.72 0.9958 1540.26 481.33 0.9973 1560.21 554.54 0.9934 1539.18 556.32 0.9980 1516.23 604.92 0.9892 1537.79 635.07 0.9937
82 1522.88 318.32 1690.02 686.07 0.9219 1631.60 355.92 0.8032 1635.80 349.00 0.3545 1625.50 347.36 0.8388 1633.94 352.50 0.0507 1603.98 347.88 0.8713 1637.25 397.86 0.9907 1568.66 391.34 0.9874 1649.95 453.27 0.9860 1541.64 446.07 0.9753 1671.20 498.15 0.9814 1537.50 496.46 0.9754 1611.26 510.41 0.9970 1562.63 509.08 0.9955 1615.86 583.12 0.9964 1559.56 587.87 0.9966 1581.90 631.76 0.9884 1549.57 651.45 0.9847
83 1533.80 330.41 1711.43 739.56 0.9308 1683.60 374.09 0.9695 1690.57 365.83 0.8403 1675.05 364.58 0.9879 1693.55 368.05 0.0791 1653.72 364.16 0.9590 1694.07 406.87 0.9064 1627.43 401.32 0.9953 1693.42 431.10 0.2421 1622.78 430.81 0.9828 1671.07 396.18 0.2632 1653.73 388.01 0.9601 1669.98 540.26 0.9913 1619.63 532.99 0.9967 1654.13 624.44 0.9919 1592.37 603.13 0.9940 1628.17 700.57 0.9844 1556.41 649.68 0.9870
84 1593.11 334.34 1837.54 761.57 0.9441 1735.82 381.54 0.9944 1742.95 373.37 0.9558 1727.13 372.17 0.9966 1747.19 373.03 0.1794 1705.83 369.15 0.9839 1757.53 418.52 0.9973 1666.99 412.41 0.9983 1806.47 447.69 0.9769 1616.73 461.07 0.9868 1822.76 415.82 0.9773 1600.86 517.49 0.9881 1710.86 552.50 0.9970 1658.67 547.55 0.9978 1670.51 639.19 0.9924 1658.84 636.05 0.9976 1626.26 697.46 0.9762 1647.76 720.09 0.9887
85 1636.04 339.25 1904.96 793.80 0.9419 1782.12 393.45 0.9944 1789.96 383.93 0.9382 1772.35 382.79 0.9969 1794.14 383.48 0.0905 1746.87 379.22 0.9886 1798.35 437.87 0.9977 1703.41 432.27 0.9967 1830.17 501.41 0.9869 1655.38 500.06 0.9879 1871.67 517.26 0.9825 1657.56 568.33 0.9880 1751.79 575.64 0.9958 1691.11 573.31 0.9942 1751.87 665.86 0.9932 1682.90 667.25 0.9958 1697.30 726.38 0.9708 1665.84 751.92 0.9718
86 1643.46 355.42 1925.97 876.78 0.9154 1864.63 416.77 0.9722 1874.25 407.09 0.8666 1855.10 403.54 0.9872 1876.19 413.29 0.0849 1824.37 402.58 0.9644 1866.60 467.03 0.9532 1778.01 453.54 0.9981 1862.99 474.48 0.3242 1801.18 468.22 0.9956 1860.88 411.49 0.2928 1868.53 410.85 0.9922 1829.78 624.63 0.9969 1759.78 614.09 0.9988 1817.36 722.52 0.9955 1717.12 695.08 0.9958 1787.78 827.23 0.9812 1668.33 753.79 0.9823
87 1740.35 355.83 2046.77 922.69 0.9565 1961.69 425.94 0.9816 1971.61 414.60 0.8962 1948.98 412.95 0.9951 1975.08 412.82 0.1309 1912.60 406.28 0.9870 1979.34 474.56 0.9757 1857.41 470.24 0.9905 2043.75 523.14 0.5493 1798.85 556.53 0.9784 2048.00 562.24 0.0874 1766.31 637.80 0.9820 1906.25 644.77 0.9839 1837.83 638.42 0.9919 1853.64 747.69 0.9590 1840.68 750.02 0.9862 1793.64 825.68 0.9738 1818.52 867.29 0.9837
88 1815.31 226.43 2046.81 980.71 0.9238 2046.75 418.26 0.1185 2048.00 407.99 0.0201 2042.52 402.71 0.3055 2039.87 417.48 0.0202 2018.33 400.72 0.8385 2048.00 509.25 0.6458 1951.35 459.76 0.9795 2032.26 580.51 0.0650 1897.20 386.23 0.9767 2028.24 575.19 0.0471 1896.29 291.81 0.9573 1994.49 688.57 0.9647 1911.93 671.38 0.9953 1998.59 810.63 0.9667 1885.13 799.10 0.9935 1902.02 867.46 0.9882 1843.52 914.24 0.9934
89 1821.34 450.95 2046.77 1083.80 0.7845 2041.42 566.22 0.0062 2042.00 550.45 0.0048 2041.99 553.27 0.0028 2048.00 550.64 0.0084 2041.03 555.50 0.0061 2048.00 609.11 0.0107 2048.00 619.37 0.0571 2021.52 699.52 0.0243 2023.51 707.89 0.1404 2000.37 764.52 0.0161 2001.78 767.13 0.0643 2034.19 756.69 0.1153 2024.36 755.30 0.4519 2000.41 875.77 0.1417 1973.38 854.74 0.6695 1934.04 950.95 0.2548 1861.86 911.90 0.8348
103 0.72 13.27 637.45 1471.34 0.8901 184.54 925.82 0.0107 156.81 903.93 0.0003 174.60 904.83 0.0218 104.84 960.67 0.0016 120.33 976.47 0.5864 129.80 1225.30 0.0477 108.25 1364.05 0.4887 335.77 741.32 0.2582 503.01 1290.42 0.8140 61.75 163.73 0.0702 305.87 675.45 0.9835 234.23 1297.35 0.0004 232.30 1355.89 0.0006 458.38 1240.43 0.0015 410.93 1269.06 0.0081 349.63 1162.30 0.0001 313.26 1184.41 0.0009
112 0.04 347.34 297.94 1106.34 0.9088 48.78 415.29 0.0396 47.57 406.84 0.0044 47.32 402.77 0.0237 26.27 419.66 0.0227 41.28 409.55 0.2289 19.54 482.44 0.5874 52.94 465.10 0.9236 59.00 384.05 0.4761 56.52 376.37 0.8549 16.43 394.79 0.0471 10.78 398.03 0.2125 61.20 719.97 0.9243 124.84 707.65 0.9812 85.89 877.77 0.9634 196.44 827.44 0.9945 21.44 1024.60 0.9652 224.46 971.64 0.9948
113 15.09 222.02 326.04 1014.79 0.9415 166.85 418.76 0.0758 153.42 409.39 0.0074 166.38 409.95 0.0609 91.41 413.91 0.2034 157.76 413.04 0.9001 55.78 503.91 0.9952 173.02 464.04 0.9970 51.87 621.58 0.9825 230.76 367.86 0.9921 64.03 713.78 0.9600 215.78 265.54 0.9855 142.19 674.16 0.9955 224.92 683.13 0.9976 234.96 764.87 0.9724 238.70 817.99 0.9914 275.09 861.69 0.9898 219.16 966.91 0.9937
114 137.13 345.77 404.15 913.44 0.9331 263.53 420.09 0.7922 258.82 406.43 0.0632 262.38 406.33 0.8489 209.64 403.48 0.0475 236.90 400.50 0.9834 169.06 461.45 0.9721 234.80 474.52 0.9954 271.43 494.40 0.9241 289.37 572.01 0.9750 339.03 500.21 0.9632 352.87 637.11 0.9793 210.64 645.73 0.9822 272.40 648.49 0.9921 271.27 748.61 0.9829 355.70 726.47 0.9932 310.11 873.51 0.9628 333.55 854.92 0.9827
115 179.12 289.64 544.76 906.20 0.9493 400.04 426.88 0.9440 397.98 413.72 0.1400 394.78 416.25 0.9523 363.89 406.79 0.0098 360.27 410.85 0.9762 334.09 429.37 0.9835 318.62 467.61 0.9962 363.79 376.37 0.9747 256.71 538.91 0.9871 400.81 325.27 0.9841 210.61 609.59 0.9923 337.28 629.28 0.9919 362.37 637.54 0.9945 324.62 737.62 0.9946 439.74 710.69 0.9958 301.43 862.92 0.9856 479.30 817.99 0.9899
116 359.93 335.66 555.15 846.56 0.9209 526.09 410.15 0.9675 526.96 399.52 0.2339 521.48 400.16 0.9814 497.54 387.91 0.0202 490.62 392.09 0.9923 464.90 408.49 0.9887 446.96 440.70 0.9990 453.57 388.35 0.7926 413.97 516.05 0.9957 439.97 370.53 0.7957 385.56 589.67 0.9912 488.78 585.63 0.9721 473.73 599.46 0.9917 507.01 697.08 0.9733 497.76 707.88 0.9906 490.44 799.04 0.9303 488.97 813.23 0.9520
117 468.14 346.76 715.55 839.69 0.9289 644.96 412.36 0.9705 646.24 402.22 0.1442 639.28 402.46 0.9840 624.73 392.63 0.0018 606.63 394.18 0.9908 597.83 422.77 0.9760 570.29 434.52 0.9984 589.74 487.37 0.1609 529.30 494.72 0.9934 601.97 538.30 0.0838 493.49 544.07 0.9829 627.18 587.16 0.9963 597.49 599.89 0.9986 658.10 662.64 0.9972 600.14 695.96 0.9982 654.77 749.21 0.9946 518.32 786.33 0.9878
118 507.89 347.98 836.95 809.45 0.9395 743.58 413.19 0.9841 746.90 403.12 0.3127 737.40 402.12 0.9912 730.55 393.75 0.0023 706.28 392.02 0.9889 714.32 425.60 0.9628 658.25 433.00 0.9989 696.46 479.33 0.1077 602.09 495.82 0.9960 691.79 518.67 0.0656 539.48 548.22 0.9860 716.02 576.48 0.9934 687.28 584.14 0.9983 692.63 661.51 0.9960 733.78 674.43 0.9987 658.82 745.84 0.9931 779.74 776.48 0.9929
119 730.62 330.53 883.24 839.30 0.9292 852.25 396.24 0.9786 854.27 385.65 0.2924 844.59 385.38 0.9897 841.06 381.28 0.0022 811.48 380.48 0.9915 828.85 428.99 0.9766 769.77 440.74 0.9970 829.03 506.96 0.8567 758.10 532.11 0.9936 853.95 544.66 0.9402 781.76 614.14 0.9927 846.58 588.48 0.9908 804.29 600.06 0.9969 862.80 679.47 0.9970 826.23 702.26 0.9994 794.22 738.51 0.9872 820.11 791.71 0.9925
120 806.61 332.52 1059.69 848.30 0.9375 973.92 372.59 0.9128 971.43 362.11 0.1388 963.02 365.20 0.9695 953.69 371.93 0.0042 929.38 380.52 0.9868 948.37 438.62 0.8610 905.05 449.08 0.9973 947.58 526.96 0.1340 916.35 543.03 0.9971 977.93 572.41 0.2074 982.50 577.74 0.9932 966.25 605.27 0.9909 921.52 611.02 0.9978 987.23 708.84 0.9961 896.69 711.22 0.9975 998.35 813.00 0.9888 828.81 784.01 0.9860
121 976.14 325.50 1184.04 869.38 0.9155 1089.76 360.67 0.7795 1085.65 352.02 0.0848 1080.60 355.06 0.8358 1063.24 364.75 0.0344 1059.86 375.41 0.9533 1070.21 428.97 0.9552 1040.83 445.31 0.9961 1067.20 522.06 0.6684 1005.43 537.13 0.9935 1088.90 582.99 0.8768 1002.91 627.56 0.9938 1057.30 602.23 0.9907 1052.50 611.12 0.9968 1034.27 705.43 0.9975 1096.57 717.17 0.9991 1001.21 806.47 0.9922 1116.41 831.47 0.9940
122 1005.19 328.04 1319.50 874.97 0.9367 1173.82 384.40 0.0399 1168.09 375.99 0.0105 1178.92 376.09 0.0291 1136.55 379.07 0.8575 1190.79 381.84 0.9553 1106.36 437.70 0.9983 1207.95 448.42 0.9969 1068.52 513.69 0.9899 1245.22 538.39 0.9875 1034.70 562.88 0.9747 1288.71 611.72 0.9765 1112.35 611.28 0.9991 1176.50 617.33 0.9988 1112.02 708.35 0.9991 1184.32 726.40 0.9990 1075.86 814.61 0.9951 1171.36 838.33 0.9932
123 899.50 319.49 1435.60 871.85 0.9535 1180.70 373.60 0.0553 1179.78 363.97 0.0330 1184.39 367.40 0.0198 1158.69 373.90 0.8854 1214.00 377.61 0.7893 1120.41 425.92 0.9956 1233.46 429.31 0.9972 1023.77 402.78 0.9878 1330.60 402.44 0.9860 944.89 374.20 0.9843 1400.73 358.04 0.9827 1123.85 604.79 0.9950 1192.89 608.94 0.9965 1120.31 723.30 0.9934 1182.09 728.15 0.9945 1124.78 832.00 0.9858 1170.59 840.87 0.9877
124 1033.28 215.79 1287.71 865.76 0.9294 1168.07 358.39 0.1046 1168.44 352.19 0.0849 1174.22 355.39 0.0253 1156.09 366.56 0.9126 1209.08 368.61 0.5699 1126.23 419.22 0.9939 1222.64 427.00 0.9942 1061.68 342.45 0.9836 1267.81 355.39 0.9805 1054.49 262.84 0.9719 1251.42 275.74 0.9822 1122.96 595.58 0.9874 1188.18 598.58 0.9916 1117.42 713.61 0.9897 1184.99 703.14 0.9921 1126.13 826.07 0.9841 1188.03 808.56 0.9894
125 1082.10 306.39 1284.85 837.83 0.9374 1176.55 365.03 0.0440 1175.50 357.29 0.0432 1184.18 357.20 0.0076 1173.02 366.65 0.9036 1220.07 366.10 0.4869 1153.52 414.66 0.9963 1247.42 415.48 0.9974 1109.37 360.07 0.9863 1261.97 360.72 0.9711 1142.65 320.61 0.9674 1232.80 328.56 0.9387 1154.73 586.50 0.9984 1219.77 587.10 0.9987 1130.01 691.92 0.9971 1199.47 696.03 0.9962 1131.55 787.49 0.9897 1188.60 793.72 0.9877
126 1045.44 243.35 1277.47 834.10 0.9271 1191.23 371.49 0.0453 1189.39 364.78 0.0384 1195.00 367.30 0.0185 1175.55 372.12 0.8325 1223.23 374.09 0.6334 1153.64 416.48 0.9901 1241.21 418.67 0.9894 1099.41 354.19 0.9785 1263.09 348.13 0.9611 1068.18 293.67 0.9695 1264.13 282.14 0.9554 1155.36 576.04 0.9895 1216.90 582.16 0.9922 1147.21 662.41 0.9873 1200.46 688.92 0.9888 1145.29 734.66 0.9833 1188.49 785.63 0.9818
127 1013.00 321.47 1325.83 759.89 0.9393 1168.78 363.07 0.0415 1166.93 355.55 0.0273 1173.58 355.77 0.0203 1151.42 357.11 0.9365 1192.23 358.87 0.9070 1127.86 406.55 0.9991 1213.11 409.57 0.9974 1083.71 470.23 0.9902 1250.44 473.22 0.9821 1044.80 519.71 0.9654 1292.10 524.49 0.9717 1141.77 546.70 0.9991 1193.26 546.53 0.9982 1143.47 635.81 0.9981 1189.11 629.45 0.9970 1149.07 724.41 0.9890 1186.29 711.96 0.9866
128 1104.16 320.53 1236.69 733.83 0.9253 1184.09 357.18 0.0396 1183.10 349.50 0.0270 1190.92 351.48 0.0232 1167.56 351.20 0.9370 1205.27 356.66 0.8636 1135.24 395.56 0.9981 1213.13 407.30 0.9970 1116.39 461.72 0.9664 1214.65 478.48 0.9769 1130.75 499.33 0.8112 1218.00 534.74 0.9249 1142.82 525.21 0.9986 1189.53 530.43 0.9979 1136.31 602.15 0.9973 1178.65 604.15 0.9963 1141.66 673.74 0.9881 1169.73 676.41 0.9846
129 1083.41 313.90 1248.95 698.72 0.9264 1168.72 349.36 0.0336 1167.62 343.02 0.0337 1175.07 343.40 0.0147 1156.85 346.18 0.9506 1192.55 347.24 0.8145 1133.44 390.99 0.9979 1207.88 393.10 0.9975 1119.07 449.57 0.9869 1232.29 445.28 0.9548 1103.65 500.48 0.9641 1240.17 467.95 0.8381 1138.10 506.69 0.9989 1183.29 510.17 0.9987 1133.39 567.16 0.9969 1175.35 587.69 0.9974 1131.39 623.08 0.9917 1170.10 665.80 0.9908
130 1074.41 303.86 1194.59 647.54 0.9178 1153.83 336.41 0.0191 1151.92 329.90 0.0123 1158.72 331.38 0.0116 1137.99 330.71 0.8896 1170.57 335.83 0.8285 1112.41 370.50 0.9968 1177.43 379.65 0.9957 1096.32 423.20 0.9762 1175.97 439.15 0.9660 1086.39 459.97 0.9487 1170.41 485.57 0.9317 1117.42 479.20 0.9971 1156.23 481.98 0.9955 1124.38 550.32 0.9967 1156.64 543.84 0.9951 1131.82 621.60 0.9866 1155.35 607.67 0.9846
131 1075.91 301.18 1190.17 624.91 0.9150 1144.44 332.26 0.0191 1142.62 326.45 0.0163 1148.54 327.22 0.0128 1129.92 327.33 0.8947 1159.38 330.58 0.8305 1108.82 363.07 0.9970 1169.56 371.49 0.9954 1093.64 410.07 0.9777 1175.91 427.39 0.9736 1085.77 447.86 0.9486 1179.09 471.30 0.9553 1116.22 463.68 0.9983 1153.07 467.37 0.9974 1108.13 523.80 0.9966 1140.97 528.97 0.9956 1121.47 576.09 0.9876 1136.16 587.90 0.9837
132 1066.78 299.96 1174.45 611.94 0.9073 1111.14 328.53 0.0280 1109.53 323.15 0.0311 1116.38 323.31 0.0106 1106.04 326.29 0.9073 1134.40 326.23 0.6677 1096.62 362.57 0.9956 1151.16 361.83 0.9971 1090.12 411.04 0.9767 1166.93 401.53 0.9243 1081.41 454.87 0.9275 1145.29 405.70 0.6097 1104.63 456.09 0.9973 1139.42 457.34 0.9976 1093.07 508.57 0.9930 1134.43 520.71 0.9951 1085.74 558.59 0.9830 1134.40 583.43 0.9865
133 1048.59 295.85 1155.75 581.12 0.9033 1113.34 322.70 0.0225 1109.42 317.62 0.0087 1115.48 317.89 0.0251 1091.65 317.66 0.7340 1117.96 319.92 0.9253 1070.84 349.30 0.9978 1127.26 349.29 0.9965 1059.40 395.96 0.9812 1137.13 394.05 0.9339 1058.64 433.79 0.9261 1131.32 409.69 0.7468 1085.36 434.91 0.9968 1121.10 429.51 0.9943 1084.25 496.92 0.9892 1140.38 452.69 0.9773 1084.15 557.50 0.9652 1134.88 505.82 0.9652
134 1068.87 304.38 1186.42 577.80 0.8702 1145.50 327.78 0.1796 1143.49 321.81 0.0472 1145.04 323.35 0.2165 1123.90 319.44 0.4103 1140.64 324.12 0.8943 1101.04 339.65 0.9794 1144.99 346.11 0.9945 1099.42 358.40 0.3098 1173.10 367.51 0.9102 1132.14 359.74 0.0598 1169.66 366.86 0.4716 1096.32 422.35 0.9921 1126.04 416.41 0.9920 1091.86 481.50 0.9739 1145.54 414.69 0.9543 1085.84 547.71 0.9789 1139.18 464.69 0.9831
135 1096.31 222.43 1202.64 469.27 0.8935 1191.47 251.54 0.7704 1191.76 245.18 0.0815 1190.02 245.19 0.8067 1170.40 240.91 0.0378 1178.85 241.71 0.9405 1147.33 259.99 0.9682 1168.18 260.62 0.9951 1146.59 301.22 0.5560 1167.04 296.26 0.9872 1175.84 328.84 0.5601 1187.90 328.11 0.9741 1124.28 334.72 0.9927 1141.49 335.20 0.9972 1136.99 390.76 0.9941 1155.39 397.60 0.9985 1108.88 434.20 0.9883 1136.02 448.98 0.9934
136 1114.52 199.41 1224.27 464.17 0.9044 1199.31 229.64 0.9757 1203.02 224.04 0.7221 1194.94 223.16 0.9844 1202.19 223.86 0.0502 1180.81 220.79 0.9659 1195.87 252.79 0.9839 1160.28 247.76 0.9936 1190.35 289.88 0.9087 1137.44 286.52 0.9854 1195.85 316.31 0.9036 1125.61 326.95 0.9814 1184.10 331.97 0.9932 1160.35 330.52 0.9949 1191.06 383.63 0.9944 1163.34 386.95 0.9959 1194.20 438.45 0.9892 1137.63 441.81 0.9876
137 1153.89 209.24 1248.12 477.21 0.9150 1210.29 241.44 0.9865 1215.37 235.39 0.9721 1205.66 235.37 0.9715 1223.30 232.34 0.7352 1197.72 231.91 0.7613 1233.54 259.69 0.9946 1182.01 255.71 0.9941 1235.30 301.78 0.9723 1165.12 294.57 0.9747 1232.06 339.55 0.9699 1161.26 333.58 0.9783 1216.00 338.39 0.9944 1184.93 336.02 0.9936 1215.54 394.31 0.9937 1191.44 391.91 0.9952 1205.37 446.43 0.9843 1178.17 448.89 0.9864
138 1124.53 256.01 1278.17 547.23 0.9223 1204.65 287.03 0.9935 1209.76 281.04 0.9913 1199.65 281.62 0.9833 1218.44 278.34 0.8988 1192.46 279.92 0.7456 1232.82 300.11 0.9955 1181.53 301.16 0.9966 1262.05 315.90 0.9663 1159.76 312.01 0.9801 1259.43 317.14 0.9661 1141.82 318.28 0.9773 1228.18 388.00 0.9955 1192.48 389.78 0.9974 1233.10 443.50 0.9779 1189.68 451.84 0.9969 1218.17 452.31 0.9256 1189.59 512.61 0.9795
139 1155.31 301.10 1245.68 590.10 0.9151 1195.62 326.77 0.9914 1201.24 320.73 0.9922 1190.64 321.18 0.9665 1212.51 322.82 0.9440 1185.35 324.43 0.5106 1229.96 355.91 0.9954 1173.06 358.73 0.9956 1236.91 397.43 0.9652 1164.13 402.67 0.9782 1233.10 432.84 0.9615 1188.21 424.50 0.9785 1219.62 440.06 0.9936 1184.78 440.83 0.9914 1212.68 499.41 0.9928 1187.49 498.62 0.9875 1214.69 558.12 0.9845 1192.38 545.30 0.9766
140 1137.64 294.89 1262.77 611.99 0.9128 1193.81 319.79 0.9934 1199.81 313.43 0.9936 1188.94 314.29 0.9592 1212.80 317.39 0.9688 1184.95 320.01 0.4192 1233.78 358.37 0.9967 1174.38 361.11 0.9975 1246.87 402.66 0.9438 1162.31 408.13 0.9882 1244.52 439.81 0.9284 1148.91 454.00 0.9870 1220.01 455.10 0.9964 1180.42 454.29 0.9957 1212.98 522.41 0.9956 1172.93 519.15 0.9954 1205.45 579.49 0.9831 1172.25 578.99 0.9812
141 1113.17 305.89 1237.88 644.09 0.9199 1154.73 332.26 0.9854 1161.61 325.30 0.9912 1150.29 326.29 0.9024 1178.02 330.45 0.9718 1148.29 333.56 0.2102 1199.92 373.98 0.9966 1141.78 379.37 0.9949 1225.30 415.79 0.9674 1133.56 432.08 0.9756 1219.32 441.24 0.9530 1123.52 478.68 0.9712 1187.22 477.71 0.9969 1147.18 479.76 0.9963 1189.77 543.68 0.9907 1147.65 552.80 0.9954 1203.16 578.67 0.9744 1155.26 617.82 0.9812
142 1070.64 309.74 1201.99 676.77 0.9285 1112.11 342.77 0.9821 1119.22 335.66 0.9929 1110.28 336.22 0.5981 1140.96 338.00 0.9913 1115.02 340.18 0.0121 1171.54 381.98 0.9963 1108.16 384.06 0.9946 1187.71 435.19 0.9868 1097.60 424.06 0.9512 1193.83 483.33 0.9872 1084.80 444.67 0.9530 1155.78 491.12 0.9976 1115.50 490.59 0.9963 1142.12 567.20 0.9974 1125.23 563.25 0.9943 1131.79 637.35 0.9873 1155.81 610.05 0.9838
143 1015.24 311.79 1163.10 692.63 0.9141 1065.37 352.42 0.9719 1071.16 343.92 0.9875 1063.45 344.81 0.3914 1095.79 341.57 0.9897 1071.15 344.69 0.0047 1132.59 387.11 0.9966 1074.08 386.32 0.9776 1141.55 447.79 0.9841 1071.92 441.31 0.4804 1128.89 499.74 0.9788 1068.16 491.39 0.4568 1114.90 512.81 0.9964 1070.50 508.28 0.9909 1118.88 594.70 0.9970 1053.49 583.04 0.9949 1118.80 656.37 0.9891 1063.43 649.99 0.9889
144 948.53 323.04 1111.45 720.99 0.9200 988.20 373.83 0.9860 993.75 364.15 0.9913 982.42 366.44 0.7976 1015.84 356.10 0.9838 984.74 362.46 0.0513 1050.68 399.39 0.9972 993.37 402.66 0.9821 1067.03 467.69 0.9899 994.06 468.63 0.7334 1053.72 528.91 0.9857 979.46 525.74 0.7656 1035.08 534.35 0.9977 991.74 533.14 0.9946 1046.33 617.32 0.9953 984.37 614.16 0.9962 1089.13 650.62 0.9840 991.98 688.84 0.9875
145 819.61 335.17 1059.88 782.38 0.9383 931.30 389.98 0.9958 938.10 379.21 0.9973 923.55 381.98 0.9376 961.41 368.58 0.9863 920.44 376.33 0.0675 997.54 418.97 0.9983 918.54 419.85 0.9984 1028.24 477.54 0.9937 886.14 470.70 0.9925 1043.67 532.37 0.9936 843.44 516.61 0.9904 975.98 552.04 0.9979 931.59 548.85 0.9971 950.83 636.58 0.9983 948.78 623.31 0.9951 938.12 727.82 0.9917 987.37 670.54 0.9870
146 784.10 333.23 990.66 806.54 0.9316 867.43 392.10 0.9933 874.49 379.88 0.9961 858.74 383.32 0.9543 897.93 370.18 0.9863 855.01 379.81 0.1404 941.15 421.98 0.9986 859.50 426.88 0.9854 972.09 494.96 0.9903 864.51 494.97 0.3421 950.27 551.51 0.9844 867.13 554.89 0.2374 924.89 580.05 0.9982 865.68 578.03 0.9948 929.40 679.67 0.9978 848.71 675.89 0.9965 924.52 749.74 0.9907 838.93 766.76 0.9892
147 594.15 338.18 1042.67 869.72 0.9328 828.72 405.26 0.9875 836.22 392.22 0.9581 815.25 396.09 0.9890 846.14 383.15 0.5278 793.33 390.94 0.9217 878.23 439.13 0.9905 767.30 442.13 0.9894 941.72 497.97 0.9888 705.75 495.18 0.9852 998.64 549.60 0.9783 642.72 537.54 0.9826 856.86 606.29 0.9923 787.10 609.62 0.9932 866.60 718.49 0.9845 787.50 725.77 0.9887 888.80 780.12 0.9659 797.90 818.84 0.9740
148 715.28 215.04 997.65 934.45 0.9198 873.46 413.94 0.9877 877.88 401.20 0.7655 860.36 403.84 0.9935 874.41 395.59 0.0228 823.28 399.15 0.9534 883.01 443.23 0.9770 780.02 438.13 0.9861 928.13 424.52 0.9801 738.22 355.80 0.9886 973.59 398.00 0.9709 774.46 269.58 0.9895 868.46 636.77 0.9939 794.39 637.52 0.9951 870.96 765.79 0.9900 791.48 753.99 0.9855 868.19 884.10 0.9776 789.47 815.66 0.9722
149 802.87 316.86 986.63 1009.92 0.9053 974.16 437.62 0.9521 975.93 422.68 0.2118 964.71 424.85 0.9767 954.79 418.08 0.0058 926.08 418.89 0.9753 934.01 477.73 0.9326 879.81 457.58 0.9925 913.91 569.20 0.4482 875.46 352.54 0.9327 895.49 644.28 0.3709 889.30 342.97 0.7991 925.90 660.54 0.9844 882.82 665.89 0.9955 900.58 779.48 0.9871 911.65 800.99 0.9944 870.89 887.40 0.9875 920.64 947.57 0.9881
150 920.65 301.35 1123.33 1052.39 0.9161 1101.40 458.17 0.8821 1101.09 444.42 0.0600 1095.49 444.25 0.9305 1067.78 444.10 0.0027 1056.56 439.96 0.9709 1043.12 494.93 0.8992 987.76 494.33 0.9895 1040.01 497.92 0.1993 988.74 432.76 0.9442 1044.24 495.16 0.1954 1018.16 372.62 0.9523 1041.28 702.31 0.9742 986.73 713.30 0.9937 1071.92 818.44 0.9841 1011.24 847.93 0.9950 971.75 876.21 0.9885 1002.02 983.58 0.9873
151 985.38 242.05 1326.33 1089.09 0.9421 1281.53 489.32 0.9231 1282.87 475.23 0.0846 1276.25 472.10 0.9586 1243.50 473.47 0.0021 1231.14 461.62 0.9747 1207.28 541.05 0.8434 1156.96 525.38 0.9955 1199.96 629.95 0.0751 1205.14 424.02 0.9855 1223.23 679.25 0.0885 1271.99 307.00 0.9829 1216.94 759.22 0.9834 1143.91 766.77 0.9968 1242.59 893.45 0.9905 1115.29 896.53 0.9905 1244.25 1036.17 0.9884 1013.82 963.34 0.9809
152 1101.62 405.91 1546.55 1248.03 0.9458 1513.66 527.79 0.9514 1519.55 508.47 0.2096 1503.06 509.75 0.9792 1494.13 490.11 0.0057 1442.22 490.37 0.9727 1445.87 544.00 0.8994 1336.87 564.42 0.9975 1418.59 628.72 0.1075 1228.36 686.55 0.9923 1420.41 696.29 0.0594 1152.52 801.05 0.9880 1400.95 797.21 0.9818 1340.56 817.30 0.9948 1330.53 916.32 0.9920 1394.80 986.47 0.9947 1250.06 1034.89 0.9932 1434.71 1169.52 0.9767
153 1362.44 410.73 1827.82 1311.64 0.9409 1794.43 543.01 0.9316 1796.19 519.49 0.1448 1777.76 523.73 0.9719 1758.02 512.66 0.0049 1699.88 520.35 0.9872 1711.90 612.15 0.9595 1550.87 611.94 0.9973 1679.41 770.62 0.5978 1445.72 758.45 0.9907 1673.33 902.31 0.3685 1403.61 900.71 0.9920 1655.76 884.56 0.9789 1542.97 903.66 0.9948 1698.12 1012.33 0.9622 1524.52 1079.83 0.9935 1667.27 1074.23 0.9813 1486.33 1211.50 0.9875
154 1503.28 452.52 2047.01 1487.56 0.9272 2048.00 583.38 0.0019 2048.00 558.61 0.0003 2048.00 557.88 0.0044 2023.50 566.76 0.0188 2029.93 562.12 0.6985 2034.34 708.07 0.0883 1903.67 719.80 0.9969 2000.96 924.11 0.0101 1893.69 972.61 0.9797 2012.84 1035.19 0.0117 2009.68 1089.80 0.3595 1994.29 1039.40 0.7886 1858.19 1039.67 0.9959 1993.58 1294.95 0.6400 1780.16 1265.22 0.9816 1924.02 1473.50 0.4847 1582.85 1219.72 0.9724
