54 1875.38 44.95 2047.01 1168.50 0.6365 2018.70 362.34 0.0543 2024.12 351.55 0.0154 2017.34 351.10 0.0267 2029.85 356.76 0.0682 2024.98 352.10 0.0970 2015.32 415.93 0.2326 2008.61 396.92 0.7839 1920.98 259.73 0.3337 1910.89 268.17 0.9482 1935.63 128.82 0.2623 1924.82 136.06 0.9013 2020.02 702.58 0.2224 2008.56 699.07 0.6248 2035.55 883.10 0.0668 2029.91 883.22 0.2527 2038.59 1045.37 0.0368 2046.89 1038.23 0.0992
55 1461.56 281.68 2047.67 1314.21 0.9466 1804.83 550.61 0.9305 1824.64 532.02 0.9503 1787.31 528.86 0.5679 1885.52 500.53 0.9438 1783.87 493.01 0.0772 1979.75 564.13 0.9572 1782.60 486.19 0.9947 2046.61 701.48 0.1508 1653.90 418.39 0.9883 1984.89 792.24 0.0186 1532.49 336.47 0.9799 1892.72 861.65 0.9838 1802.04 815.30 0.9944 1767.19 1031.29 0.9844 1850.73 944.35 0.9756 1792.76 1242.48 0.9453 2022.65 1017.36 0.9505
56 1394.16 419.28 2046.38 1315.57 0.9458 1521.80 567.29 0.9055 1525.58 544.31 0.9465 1517.27 547.27 0.0518 1582.13 508.91 0.9839 1551.72 519.65 0.0027 1726.39 571.25 0.9984 1601.57 586.96 0.9697 1859.26 671.08 0.9880 1616.98 733.48 0.6464 1954.27 774.59 0.9634 1589.64 859.03 0.4991 1727.60 879.22 0.9973 1633.15 857.73 0.9938 1731.25 1068.01 0.9877 1553.38 954.08 0.9815 1793.28 1242.05 0.9403 1498.41 1079.12 0.9866
57 1054.04 372.61 1819.40 1330.25 0.9412 1272.64 623.13 0.8054 1276.08 599.48 0.5940 1263.59 605.63 0.1017 1319.67 569.79 0.5997 1305.52 590.31 0.0145 1382.13 607.26 0.9932 1421.17 662.15 0.9849 1245.66 520.06 0.9964 1566.39 777.55 0.9874 1126.66 419.91 0.9896 1597.48 921.86 0.9491 1498.97 936.11 0.9962 1436.06 948.62 0.9951 1625.51 1101.86 0.9948 1388.09 1089.29 0.9957 1775.31 1219.88 0.9844 1394.19 1275.06 0.9881
58 907.05 516.74 1416.63 1340.32 0.9384 1057.40 627.63 0.8617 1054.67 604.84 0.9286 1060.45 606.42 0.0502 1085.76 581.90 0.9897 1122.73 587.08 0.0156 1132.03 650.74 0.9972 1224.29 642.77 0.9940 1115.37 755.95 0.9913 1288.10 755.90 0.9739 1009.81 851.78 0.9800 1303.04 849.41 0.9012 1237.71 927.41 0.9959 1304.55 916.43 0.9951 1219.07 1125.50 0.9970 1304.81 1092.50 0.9975 1346.38 1262.22 0.9802 1373.97 1258.14 0.9903
59 804.69 447.71 1360.76 1348.84 0.9352 845.76 667.42 0.6924 845.01 649.42 0.8241 850.13 647.56 0.0325 879.63 639.65 0.9941 913.13 632.71 0.0349 939.88 757.75 0.9981 973.77 669.69 0.9933 1014.55 900.34 0.9934 920.92 577.80 0.9762 1038.87 1035.48 0.9854 855.52 486.54 0.9817 998.43 1001.52 0.9943 1050.28 968.96 0.9917 985.66 1153.35 0.9906 1128.38 1100.47 0.9920 1025.28 1296.63 0.9777 1305.51 1214.61 0.9908
60 605.07 583.93 1063.15 1355.33 0.9430 622.32 713.89 0.3233 619.33 698.88 0.3839 632.15 693.31 0.0103 645.02 693.11 0.9812 699.74 677.28 0.0593 705.69 806.70 0.9987 763.11 716.64 0.9900 698.13 965.73 0.9952 736.36 656.35 0.8839 659.23 1080.78 0.9883 692.62 628.64 0.8163 814.18 1017.92 0.9969 832.71 993.12 0.9935 914.90 1172.42 0.9920 804.88 1130.76 0.9905 1017.02 1283.59 0.9766 795.88 1252.62 0.9889
61 381.59 586.06 794.18 1389.35 0.9303 417.48 771.70 0.2633 413.54 757.98 0.3661 424.92 747.82 0.0126 433.28 744.68 0.9814 480.34 721.06 0.1183 511.64 839.21 0.9986 543.28 750.13 0.9917 574.73 967.10 0.9952 502.14 680.87 0.9312 585.14 1090.66 0.9879 449.16 636.86 0.9038 596.95 1034.36 0.9969 649.57 1004.86 0.9955 554.10 1192.29 0.9953 683.55 1151.22 0.9970 696.91 1303.97 0.9536 756.57 1278.10 0.9861
62 183.16 597.79 680.03 1442.38 0.9316 220.59 826.18 0.0421 217.22 819.70 0.0542 230.43 802.53 0.0058 222.24 821.66 0.9664 283.74 781.85 0.4484 284.03 911.61 0.9969 342.46 811.27 0.9965 345.15 1032.12 0.9907 326.18 721.89 0.9783 368.81 1153.01 0.9698 279.04 631.71 0.9499 392.55 1085.07 0.9973 450.54 1042.77 0.9979 396.78 1246.61 0.9930 479.36 1172.36 0.9959 477.10 1385.16 0.9531 621.87 1246.01 0.9883
63 45.87 741.87 515.28 1452.17 0.9543 168.13 833.43 0.0215 159.06 824.64 0.0162 171.06 817.29 0.0212 109.54 832.89 0.8951 185.73 813.12 0.9512 93.99 926.25 0.9972 235.09 862.35 0.9963 117.53 1058.71 0.9926 385.37 823.52 0.9858 131.04 1178.48 0.9875 474.29 776.03 0.9541 239.37 1111.36 0.9979 326.26 1093.91 0.9970 299.55 1251.08 0.9939 347.54 1225.13 0.9901 434.13 1361.61 0.9687 383.49 1350.43 0.9614
64 30.16 763.54 432.95 1401.85 0.9339 188.82 838.71 0.8640 179.77 822.80 0.0820 184.27 822.58 0.9292 125.46 823.29 0.0240 150.92 821.73 0.9850 67.91 905.03 0.9182 146.61 917.02 0.9964 94.55 1031.99 0.3857 154.59 1050.52 0.9865 157.82 1132.66 0.4364 187.56 1156.54 0.9886 156.19 1109.77 0.9343 219.82 1118.77 0.9870 234.17 1210.31 0.9628 331.62 1188.74 0.9943 232.86 1346.28 0.9117 365.99 1345.77 0.9723
65 31.50 757.59 475.26 1380.40 0.9347 187.96 828.95 0.9707 183.99 814.33 0.1415 177.10 816.44 0.9843 155.00 817.75 0.0030 129.66 821.54 0.9871 143.85 889.25 0.9477 85.87 909.27 0.9936 199.76 981.42 0.9346 77.14 1041.77 0.9864 257.81 1028.48 0.9764 110.27 1141.37 0.9927 206.87 1080.74 0.9659 199.85 1094.86 0.9869 239.86 1198.57 0.9860 331.50 1160.13 0.9950 233.12 1340.25 0.9391 382.34 1291.23 0.9774
66 188.31 720.09 593.04 1340.23 0.9482 336.49 787.21 0.9594 335.27 773.68 0.1602 327.56 776.22 0.9731 308.06 775.66 0.0084 287.73 780.18 0.9876 303.24 817.92 0.9833 244.72 860.60 0.9951 376.98 791.42 0.9836 222.38 983.47 0.9817 443.07 754.82 0.9833 217.49 1087.74 0.9823 328.53 1031.03 0.9884 332.75 1040.70 0.9919 328.47 1150.58 0.9894 459.52 1091.35 0.9946 262.28 1292.19 0.9605 518.18 1211.53 0.9864
67 355.56 655.12 679.87 1250.35 0.9359 464.78 710.98 0.8584 459.16 698.74 0.0546 457.93 698.54 0.9224 424.58 703.85 0.0079 429.26 702.24 0.9859 414.18 763.86 0.9169 387.58 769.59 0.9928 455.55 786.14 0.3270 448.36 775.84 0.9587 504.47 768.35 0.3574 502.60 753.80 0.9617 494.00 939.35 0.9852 469.47 963.41 0.9959 559.36 1007.54 0.9902 513.75 1078.60 0.9958 633.11 1096.59 0.9890 512.96 1208.86 0.9840
68 489.34 509.77 739.04 1108.27 0.9133 589.86 646.72 0.8575 581.44 636.38 0.0542 580.56 638.24 0.8624 542.51 641.97 0.0059 550.58 645.04 0.9422 518.67 712.61 0.9393 555.03 688.96 0.9911 526.91 808.90 0.6114 557.19 606.36 0.9692 555.42 875.77 0.5358 520.96 543.71 0.9699 584.50 862.40 0.9860 622.78 868.93 0.9951 647.69 946.34 0.9839 710.84 949.25 0.9943 672.38 1054.00 0.9719 670.60 1060.52 0.9832
69 620.94 561.49 923.35 1079.22 0.9401 727.07 620.33 0.4438 717.74 610.99 0.0214 724.33 609.55 0.4409 674.71 616.80 0.0294 705.44 611.96 0.9082 655.21 678.37 0.9514 691.20 654.33 0.9891 660.58 762.56 0.6436 683.82 596.56 0.8675 690.85 816.24 0.5421 672.88 592.36 0.7806 709.49 818.01 0.9920 751.21 811.84 0.9949 735.97 920.07 0.9944 826.82 889.71 0.9957 705.53 1038.21 0.9869 856.58 990.37 0.9898
70 724.29 449.73 977.19 1014.86 0.9374 822.31 559.80 0.1265 815.03 553.80 0.0156 821.47 553.67 0.0947 778.38 563.62 0.0812 811.01 560.07 0.6659 756.72 631.04 0.9786 805.96 595.71 0.9806 741.33 714.95 0.9777 808.05 527.31 0.9835 739.01 774.56 0.9608 759.49 479.69 0.9684 824.55 753.48 0.9923 844.52 758.95 0.9934 889.49 823.07 0.9831 868.95 870.35 0.9895 939.65 894.62 0.9906 862.75 982.04 0.9904
71 833.37 377.46 1020.47 920.94 0.9230 906.57 530.43 0.1878 902.62 524.85 0.0077 904.26 523.44 0.2385 862.75 533.40 0.0282 888.20 530.94 0.8121 842.68 586.30 0.9364 884.15 568.79 0.9976 878.53 558.08 0.3693 917.14 505.84 0.9975 914.61 492.52 0.5003 935.25 438.41 0.9927 892.56 713.25 0.9961 932.38 709.15 0.9992 942.66 784.10 0.9927 994.71 782.90 0.9992 966.20 863.53 0.9705 978.01 873.67 0.9920
72 934.21 453.02 1151.85 903.21 0.8855 1005.56 507.55 0.2859 1000.42 500.87 0.0128 1005.14 500.71 0.2847 964.21 505.89 0.1585 998.92 508.85 0.9603 949.25 546.45 0.9874 994.56 559.80 0.9969 944.86 506.97 0.6517 1016.41 607.76 0.9913 962.50 474.46 0.7346 1066.42 640.55 0.9901 982.82 680.55 0.9971 1023.20 679.22 0.9984 1007.14 767.78 0.9975 1077.54 741.09 0.9986 983.88 862.23 0.9945 1102.83 826.77 0.9961
73 919.76 435.93 1159.85 853.33 0.9287 1096.98 473.59 0.0884 1093.84 465.29 0.0084 1099.79 466.28 0.0994 1062.66 466.71 0.5851 1096.40 472.41 0.9736 1038.01 509.85 0.9994 1080.60 525.05 0.9980 984.72 525.88 0.9946 1066.62 595.35 0.9926 935.99 500.07 0.9750 1073.80 653.57 0.9875 1069.43 647.59 0.9898 1090.26 660.10 0.9888 1115.22 712.34 0.9866 1107.73 742.73 0.9926 1132.94 772.94 0.9487 1107.82 821.18 0.9485
74 1039.49 415.86 1218.54 788.59 0.9239 1140.49 452.51 0.0693 1136.02 446.09 0.0104 1140.64 444.59 0.0999 1106.82 449.04 0.4849 1136.81 448.29 0.9606 1085.59 499.62 0.9977 1143.42 495.43 0.9977 1073.34 563.62 0.9779 1157.20 559.88 0.9726 1058.26 608.28 0.9432 1175.13 612.25 0.9202 1113.14 611.58 0.9965 1150.03 609.43 0.9974 1156.21 673.02 0.9848 1198.48 665.60 0.9953 1171.53 745.85 0.9468 1172.66 738.90 0.9810
75 1142.24 408.42 1318.98 780.80 0.9201 1195.74 440.53 0.0451 1189.66 435.67 0.0066 1194.79 433.48 0.0573 1159.61 442.31 0.3946 1193.15 439.42 0.9452 1151.42 482.19 0.9685 1211.57 478.11 0.9965 1185.30 515.74 0.1058 1242.51 525.98 0.9686 1229.06 534.70 0.0829 1258.83 567.09 0.9183 1180.42 593.33 0.9908 1225.37 589.82 0.9968 1197.38 664.33 0.9929 1255.46 649.80 0.9974 1186.65 741.05 0.9925 1274.19 717.19 0.9958
76 1195.66 386.13 1343.03 736.58 0.9168 1251.68 417.44 0.0811 1246.91 412.22 0.0106 1250.11 410.69 0.1213 1215.89 415.30 0.2952 1244.52 414.40 0.9350 1203.00 450.69 0.9463 1256.57 448.96 0.9963 1228.92 495.56 0.1147 1295.52 492.33 0.9835 1271.50 522.44 0.0828 1324.16 535.29 0.9489 1224.07 556.50 0.9696 1258.80 559.24 0.9952 1260.76 611.34 0.8845 1275.13 629.59 0.9919 1272.06 673.80 0.9235 1272.13 710.00 0.9850
77 1169.62 375.01 1345.93 720.31 0.9276 1302.21 412.96 0.8634 1300.91 405.47 0.0628 1298.98 404.86 0.8973 1274.68 402.94 0.0177 1283.26 403.65 0.9813 1251.94 429.91 0.9951 1273.69 432.73 0.9976 1214.49 468.88 0.9744 1248.35 475.13 0.9937 1183.98 509.10 0.9741 1238.83 526.53 0.9905 1260.07 538.54 0.9943 1277.82 540.64 0.9969 1298.21 605.97 0.9916 1321.66 607.47 0.9973 1296.25 683.84 0.9723 1305.38 683.29 0.9860
78 1261.16 369.42 1385.32 704.34 0.8984 1332.93 405.45 0.9847 1334.46 398.19 0.5434 1325.35 398.55 0.9922 1328.75 399.90 0.0076 1303.21 401.10 0.9824 1323.93 438.45 0.9632 1290.09 443.93 0.9933 1329.37 495.19 0.7205 1275.41 501.87 0.9845 1343.15 536.99 0.8462 1276.03 554.23 0.9852 1326.50 543.51 0.9866 1310.76 546.26 0.9924 1314.64 611.61 0.9942 1352.12 607.48 0.9957 1299.09 681.10 0.9856 1365.81 673.42 0.9839
79 1316.43 353.44 1444.94 703.64 0.9093 1378.31 382.12 0.9646 1377.83 373.79 0.4880 1367.83 377.08 0.9808 1371.65 379.51 0.0164 1345.97 388.53 0.9755 1376.99 423.22 0.9394 1336.43 439.16 0.9936 1385.26 480.58 0.2258 1331.29 504.71 0.9891 1404.12 531.24 0.2678 1367.95 546.88 0.9847 1399.19 531.15 0.9801 1365.92 543.48 0.9924 1430.07 594.68 0.9846 1375.13 622.19 0.9944 1404.17 644.25 0.9733 1373.91 677.34 0.9726
80 1379.42 337.81 1573.23 714.23 0.8987 1463.55 363.99 0.9475 1461.70 355.63 0.3045 1452.41 359.63 0.9771 1454.30 363.50 0.0086 1430.54 374.42 0.9809 1458.80 409.67 0.9291 1425.85 426.51 0.9978 1454.77 467.63 0.1688 1452.00 486.38 0.9981 1464.19 506.22 0.1171 1502.60 509.94 0.9933 1477.59 524.00 0.9811 1445.52 534.83 0.9943 1515.19 587.54 0.9849 1453.52 610.60 0.9910 1519.27 680.84 0.9895 1403.39 665.59 0.9858
81 1438.74 316.19 1710.00 716.29 0.9351 1562.31 343.99 0.9817 1562.41 335.25 0.6430 1549.43 340.03 0.9911 1561.03 343.40 0.0306 1527.45 355.59 0.9846 1582.53 392.74 0.9963 1515.99 404.50 0.9982 1631.36 411.58 0.9885 1469.02 455.55 0.9963 1681.96 388.44 0.9870 1452.85 519.71 0.9936 1578.03 517.03 0.9979 1548.92 520.52 0.9987 1553.99 601.76 0.9985 1596.40 597.70 0.9992 1524.72 680.70 0.9938 1638.83 687.04 0.9955
82 1599.52 285.16 1802.01 726.77 0.9312 1697.11 321.39 0.9675 1695.44 311.96 0.2921 1686.67 313.46 0.9794 1681.57 318.17 0.0031 1654.53 322.98 0.9651 1679.43 372.39 0.9754 1631.91 384.51 0.9908 1710.16 439.39 0.9610 1630.24 466.70 0.9928 1768.95 463.51 0.9770 1675.32 518.45 0.9910 1708.36 512.22 0.9866 1672.01 524.49 0.9935 1742.98 589.03 0.9895 1696.93 609.02 0.9980 1686.62 646.59 0.9633 1682.88 698.65 0.9843
83 1656.93 247.87 1964.84 726.29 0.9389 1842.22 302.94 0.9599 1841.44 294.93 0.2064 1832.43 293.92 0.9718 1813.25 300.88 0.0071 1798.34 297.60 0.9747 1785.89 355.78 0.9597 1787.64 360.92 0.9919 1729.75 391.19 0.9307 1877.30 367.26 0.9885 1679.26 445.79 0.9370 1912.21 291.63 0.9854 1840.03 504.41 0.9879 1800.99 512.62 0.9939 1879.26 581.38 0.9911 1794.68 604.02 0.9906 1889.06 682.35 0.9908 1708.47 667.12 0.9878
84 1818.11 213.46 2048.00 722.41 0.9262 2006.38 260.78 0.9575 2006.51 251.45 0.2107 1996.29 251.11 0.9726 1983.91 256.47 0.0046 1958.11 257.91 0.9829 1972.08 310.18 0.9746 1913.37 326.29 0.9958 2024.32 316.62 0.4672 1842.25 405.22 0.9864 2043.66 309.09 0.5741 1834.41 487.52 0.9862 1953.39 483.96 0.9917 1936.69 491.09 0.9953 1920.39 578.59 0.9936 1997.49 578.35 0.9952 1891.45 680.38 0.9554 2032.24 685.67 0.9453
116 1277.62 1030.84 2046.35 1488.57 0.6977 1640.12 1210.12 0.0025 1640.71 1183.37 0.0005 1628.64 1184.77 0.0010 1630.27 1181.96 0.0042 1603.17 1187.65 0.0088 1658.92 1287.96 0.0048 1626.77 1289.05 0.0090 1751.53 1387.98 0.0033 1758.66 1384.36 0.0071 1668.56 1406.27 0.4733 1693.01 1404.00 0.6855 1725.47 1398.83 0.0014 1696.44 1394.73 0.0020 1694.57 1339.70 0.0052 1704.98 1368.02 0.0044 1715.35 1411.79 0.0121 1725.60 1399.10 0.0098
117 1117.75 994.53 2046.84 1345.50 0.6667 1783.42 1042.28 0.0038 1790.08 1022.45 0.0031 1802.19 1022.83 0.0006 1850.51 1021.68 0.0053 1856.53 1017.28 0.0019 1895.65 1094.80 0.0173 1948.85 1094.29 0.0171 1718.90 1166.28 0.3790 1731.26 1148.81 0.2911 1308.41 1154.49 0.6252 1298.03 1161.35 0.4243 1934.20 1232.95 0.0018 1968.77 1202.78 0.0030 1741.72 1144.38 0.0099 1788.19 1151.83 0.0062 1638.22 1200.95 0.0047 1681.05 1189.96 0.0038
118 1319.08 606.95 2045.81 1483.03 0.8878 1944.25 675.94 0.0092 1951.93 653.45 0.0037 1952.57 652.86 0.0007 1994.75 653.60 0.0106 1986.23 650.27 0.0011 2033.15 765.85 0.0510 2022.72 756.93 0.0396 1699.83 754.88 0.8400 1691.39 757.18 0.4657 1439.06 736.45 0.8050 1433.95 738.73 0.3787 2048.00 1204.32 0.0354 2048.00 1191.51 0.0413 2048.00 1360.92 0.0524 2048.00 1366.10 0.0567 2018.30 1426.32 0.0050 2032.47 1412.52 0.0109
127 1743.11 296.86 2010.13 1071.68 0.9229 1762.50 395.73 0.9680 1768.12 376.20 0.9668 1765.98 376.65 0.1173 1817.73 363.91 0.9841 1827.04 364.56 0.0062 1874.02 448.15 0.9985 1927.77 415.69 0.9549 1879.27 597.31 0.9941 1978.17 533.76 0.1374 1820.54 724.70 0.9925 1927.17 639.94 0.0678 1905.62 697.03 0.9909 1946.29 680.54 0.9361 1879.48 837.18 0.9905 1892.38 821.99 0.9438 1960.44 1021.66 0.9502 1959.29 988.90 0.9153
128 1538.76 344.51 1918.94 1055.80 0.9348 1555.64 419.02 0.9090 1561.62 403.34 0.9484 1561.88 403.60 0.0803 1600.81 402.24 0.9896 1618.40 400.71 0.0087 1621.05 488.17 0.9970 1691.79 473.44 0.9895 1625.98 617.35 0.9905 1735.29 586.84 0.9734 1577.79 686.85 0.9844 1737.18 682.66 0.9602 1657.78 702.91 0.9944 1686.02 692.20 0.9906 1699.26 846.20 0.9934 1618.02 799.51 0.9906 1861.36 958.78 0.9851 1629.69 932.06 0.9889
129 1325.15 379.14 1663.27 977.89 0.9374 1387.33 446.58 0.9000 1391.99 432.72 0.9330 1391.78 432.61 0.0927 1423.95 430.87 0.9892 1437.44 427.59 0.0207 1452.49 511.50 0.9985 1496.76 487.89 0.9644 1484.15 623.77 0.9901 1519.21 588.25 0.2273 1482.90 729.85 0.9848 1492.94 678.99 0.1992 1480.96 706.51 0.9944 1531.88 696.87 0.9790 1436.83 813.36 0.9874 1572.71 814.88 0.9858 1399.98 916.31 0.9734 1628.68 933.27 0.9874
130 1181.53 404.53 1411.05 966.54 0.9367 1232.91 463.10 0.4831 1233.20 452.25 0.6264 1237.30 451.74 0.0288 1254.04 453.76 0.9805 1286.55 449.19 0.1987 1262.87 530.11 0.9986 1340.85 512.77 0.9973 1250.01 636.06 0.9962 1379.51 607.56 0.9842 1217.01 710.32 0.9894 1382.39 688.97 0.9815 1299.64 703.58 0.9973 1341.46 692.77 0.9938 1332.71 823.41 0.9901 1316.75 802.69 0.9578 1375.48 934.16 0.9569 1367.56 893.09 0.9025
131 1058.84 436.91 1338.37 944.01 0.9236 1108.45 488.30 0.2482 1108.45 479.95 0.4076 1114.16 478.58 0.0259 1122.84 482.10 0.9822 1157.14 475.93 0.4547 1131.04 549.25 0.9987 1205.44 531.94 0.9972 1117.55 641.45 0.9937 1239.22 614.76 0.9872 1084.65 708.75 0.9746 1242.66 683.55 0.9823 1176.44 705.16 0.9982 1214.44 693.72 0.9967 1190.54 815.24 0.9967 1192.17 794.03 0.9971 1290.73 879.28 0.9952 1211.66 883.97 0.9961
132 980.76 468.80 1234.41 926.39 0.9399 997.66 519.94 0.3136 995.21 512.44 0.3749 1000.19 509.51 0.0124 1005.46 515.29 0.9740 1040.83 504.72 0.1854 1034.02 574.54 0.9983 1082.48 550.63 0.9870 1078.11 650.83 0.9916 1115.00 622.01 0.4610 1104.52 726.37 0.9741 1109.40 692.35 0.3733 1078.97 716.71 0.9984 1121.74 705.52 0.9973 1052.35 806.92 0.9979 1151.13 797.05 0.9985 1036.76 897.86 0.9863 1203.51 886.01 0.9941
133 885.94 491.48 1050.79 933.49 0.9199 909.89 536.38 0.0460 904.06 529.79 0.0328 911.69 526.09 0.0081 898.99 531.64 0.9210 944.20 520.69 0.8475 914.18 585.79 0.9994 985.28 558.16 0.9988 928.42 672.71 0.9964 1026.75 620.08 0.8979 927.41 742.83 0.9787 999.51 661.02 0.5604 968.76 714.39 0.9952 1007.12 703.81 0.9917 989.95 816.78 0.9901 998.38 804.89 0.9707 1022.84 906.80 0.9585 1020.59 893.92 0.9182
134 832.89 511.55 1042.13 930.61 0.9131 878.30 550.83 0.0180 875.82 545.68 0.0240 881.79 542.73 0.0080 863.19 548.22 0.9353 906.30 539.94 0.7978 853.70 586.71 0.9968 940.34 563.17 0.9946 855.93 640.96 0.6820 989.24 596.49 0.7213 887.95 644.42 0.1118 977.17 633.33 0.2141 917.94 701.81 0.9946 964.64 690.75 0.9901 953.72 815.93 0.9817 948.01 782.52 0.9431 1012.54 893.00 0.9699 993.94 864.02 0.9353
135 802.15 389.96 993.81 765.06 0.9313 885.72 425.52 0.1841 881.23 419.59 0.0162 884.05 417.84 0.2872 844.03 419.55 0.2594 874.04 417.02 0.9729 818.22 460.91 0.9923 889.94 445.29 0.9955 821.93 509.20 0.5022 926.59 479.15 0.9841 867.72 522.39 0.1731 967.01 511.99 0.9554 854.80 572.37 0.9967 904.07 566.89 0.9982 867.73 655.22 0.9933 905.77 651.47 0.9981 899.36 711.86 0.9774 920.85 728.01 0.9879
136 831.06 345.71 1006.31 756.19 0.3298 904.93 386.92 0.9565 904.77 379.02 0.2218 898.68 378.73 0.9816 888.58 378.67 0.0043 873.26 379.06 0.9791 875.10 420.46 0.9346 858.83 421.77 0.9927 888.08 486.71 0.5440 851.31 482.11 0.9923 919.86 531.62 0.7357 871.47 541.05 0.9918 903.18 539.81 0.9768 889.65 547.00 0.9932 931.72 611.05 0.9927 916.44 628.92 0.9984 953.31 687.25 0.9942 916.53 725.20 0.9964
137 855.69 349.91 1019.97 735.26 0.9272 929.77 395.43 0.9889 934.11 386.61 0.8768 921.57 387.86 0.9916 936.53 382.04 0.0815 902.60 384.81 0.9736 941.17 422.37 0.9870 882.18 431.50 0.9959 951.76 484.46 0.7980 871.86 497.69 0.9901 965.01 534.68 0.7952 890.89 552.00 0.9903 956.23 537.46 0.9910 919.28 545.33 0.9948 984.33 608.02 0.9943 966.90 613.83 0.9979 983.72 691.47 0.9855 958.79 701.40 0.9912
138 867.81 403.68 1075.62 809.22 0.9395 976.30 447.06 0.9960 979.55 437.82 0.9455 966.62 440.74 0.9965 980.80 433.27 0.1104 946.65 440.28 0.9825 992.99 461.74 0.9968 926.43 480.60 0.9977 1024.67 485.86 0.9780 888.08 514.69 0.9810 1040.90 480.97 0.9766 890.80 528.06 0.9788 1017.72 586.41 0.9976 975.22 601.02 0.9991 1045.11 651.31 0.9933 1009.42 685.20 0.9996 988.14 683.68 0.9562 1038.28 775.61 0.9917
139 1002.11 456.15 1248.34 853.88 0.9356 1065.38 492.21 0.9869 1066.45 482.22 0.8643 1053.08 487.60 0.9933 1068.31 483.51 0.0644 1032.63 497.59 0.9756 1088.57 526.34 0.9860 1021.86 552.98 0.9963 1100.93 589.46 0.9123 1029.59 629.89 0.9956 1119.64 632.22 0.9178 1098.54 646.79 0.9941 1113.82 650.45 0.9953 1066.78 666.79 0.9969 1157.60 721.74 0.9960 1080.05 747.18 0.9963 1196.62 806.76 0.9918 1075.92 818.39 0.9880
140 1089.46 421.92 1329.28 900.07 0.9412 1153.00 459.48 0.9923 1155.05 448.83 0.9265 1139.29 455.12 0.9931 1161.04 452.83 0.1988 1120.25 469.31 0.9599 1196.74 505.29 0.9981 1113.87 535.54 0.9965 1240.72 565.78 0.9927 1116.61 619.64 0.9938 1289.71 607.17 0.9919 1133.98 687.09 0.9934 1226.33 648.19 0.9972 1173.19 662.63 0.9969 1236.94 750.87 0.9979 1213.45 754.74 0.9989 1232.88 836.53 0.9834 1211.48 858.04 0.9899
141 1165.46 426.62 1441.36 949.60 0.9420 1231.76 464.31 0.9878 1231.95 451.48 0.8993 1214.92 461.40 0.9871 1238.23 454.92 0.2722 1195.61 480.60 0.9446 1286.51 511.03 0.9987 1192.52 553.97 0.9975 1344.38 561.55 0.9954 1184.41 639.70 0.9934 1406.63 573.28 0.9895 1183.43 717.61 0.9897 1314.99 671.16 0.9975 1256.18 691.17 0.9985 1325.43 772.46 0.9944 1315.31 788.00 0.9997 1262.78 814.00 0.9698 1353.95 899.44 0.9964
142 1249.68 406.47 1587.07 977.15 0.9377 1311.49 467.10 0.9839 1317.57 449.56 0.9887 1294.03 461.32 0.9862 1338.26 444.63 0.8795 1280.20 471.22 0.8018 1381.16 510.08 0.9625 1274.99 545.03 0.9904 1398.11 592.84 0.5775 1293.92 641.15 0.9903 1401.68 650.21 0.3876 1370.98 654.84 0.9902 1406.09 700.19 0.9899 1334.42 718.11 0.9943 1459.93 812.59 0.9842 1344.84 828.81 0.9808 1509.70 934.85 0.9598 1351.28 908.68 0.9476
143 1344.94 388.27 1709.00 1078.78 0.9432 1429.44 470.84 0.9922 1439.80 451.20 0.9949 1409.97 460.41 0.9865 1464.90 436.63 0.9542 1391.38 457.92 0.7267 1516.14 504.76 0.9939 1380.34 548.01 0.9889 1589.80 585.10 0.9927 1365.76 657.60 0.9879 1654.13 666.75 0.9880 1368.78 759.78 0.9859 1538.88 723.73 0.9921 1456.50 740.91 0.9920 1540.45 864.13 0.9884 1501.61 874.49 0.9925 1533.59 968.57 0.9673 1495.56 1007.46 0.9812
144 1423.68 402.68 1804.12 1218.84 0.9459 1585.85 504.73 0.9950 1592.12 481.04 0.9458 1561.19 494.44 0.9975 1596.82 459.41 0.1390 1511.30 489.83 0.9761 1631.76 533.29 0.9930 1472.50 584.87 0.9918 1688.93 643.45 0.9923 1456.71 720.53 0.9900 1751.49 746.75 0.9892 1456.07 835.76 0.9906 1650.84 787.05 0.9908 1557.82 812.62 0.9934 1661.54 922.99 0.9812 1615.32 974.40 0.9963 1573.24 954.20 0.9799 1625.51 1141.39 0.9905
145 1592.29 377.60 2048.00 1408.72 0.9444 1872.82 505.74 0.9532 1875.13 480.08 0.3341 1848.99 489.36 0.9668 1854.95 466.88 0.0070 1771.48 486.38 0.9519 1830.30 586.94 0.9565 1694.74 597.08 0.9955 1845.32 772.13 0.8624 1700.97 786.69 0.9956 1914.58 883.31 0.7955 1827.22 907.76 0.9923 1835.75 871.49 0.9907 1724.28 876.14 0.9967 1936.57 1085.64 0.9779 1685.61 1031.90 0.9833 2017.63 1306.24 0.8722 1615.02 1117.73 0.9493
146 1922.66 325.80 2047.17 1463.21 0.8331 2031.09 512.02 0.0150 2032.64 488.60 0.0109 2034.10 490.92 0.0053 2035.56 486.26 0.0482 2033.99 488.06 0.0173 2016.16 608.22 0.4029 2016.07 612.66 0.1174 1966.02 832.96 0.6992 1961.59 826.19 0.3260 1968.52 991.65 0.7116 1972.13 992.82 0.5175 2044.50 973.68 0.0893 2040.76 979.25 0.0309 2044.36 1188.12 0.1553 2039.38 1186.76 0.0297 2030.53 1344.98 0.3165 2028.50 1338.90 0.1013
