30 1337.79 193.09 1426.45 418.33 0.7812 1384.46 214.08 0.9494 1388.83 209.15 0.9333 1380.53 209.32 0.8875 1396.27 212.09 0.7712 1375.09 212.51 0.5415 1405.73 239.83 0.9899 1365.27 238.60 0.9940 1420.42 268.24 0.9652 1354.67 268.53 0.9820 1410.60 289.24 0.9574 1350.14 298.31 0.9731 1391.22 304.16 0.9847 1366.61 302.01 0.9886 1381.12 351.83 0.9279 1359.56 350.86 0.9612 1372.09 392.57 0.8631 1352.65 395.77 0.9174
31 1336.16 203.86 1411.91 424.30 0.7610 1380.48 219.89 0.9167 1384.62 215.46 0.8598 1376.81 215.42 0.8536 1390.18 220.22 0.6188 1370.62 219.83 0.6257 1397.50 249.08 0.9888 1358.09 246.03 0.9913 1401.43 282.42 0.9576 1346.95 277.31 0.9737 1398.86 309.60 0.9407 1346.41 306.63 0.9620 1384.62 312.76 0.9862 1360.34 310.47 0.9866 1380.59 361.69 0.9616 1357.72 360.28 0.9692 1375.29 402.87 0.9211 1354.84 402.51 0.9309
32 1342.01 216.56 1425.69 437.31 0.7705 1380.92 240.18 0.8772 1385.46 234.80 0.8718 1377.82 234.86 0.6423 1395.01 234.81 0.7626 1374.59 235.02 0.1812 1408.73 257.01 0.9841 1368.52 256.49 0.9751 1417.22 285.45 0.8280 1356.08 281.79 0.7418 1410.61 303.21 0.6923 1358.67 279.11 0.6473 1397.01 319.82 0.9773 1370.97 318.20 0.9649 1393.33 370.70 0.9538 1363.58 367.77 0.9276 1389.54 415.97 0.9265 1356.48 409.25 0.9002
34 1355.32 225.44 1424.58 454.71 0.6357 1381.26 249.55 0.7191 1385.31 244.57 0.7754 1380.11 244.07 0.2418 1396.33 244.49 0.8618 1381.68 243.53 0.0579 1410.78 268.47 0.9888 1377.98 265.49 0.9161 1406.02 304.74 0.9773 1367.79 292.22 0.3502 1374.76 317.93 0.9565 1360.82 304.90 0.3433 1396.83 335.39 0.9789 1373.09 333.00 0.9386 1394.81 386.46 0.9682 1367.80 385.51 0.9322 1393.51 424.31 0.9326 1366.88 430.65 0.8973
35 1340.80 231.62 1421.46 479.27 0.8933 1379.79 257.22 0.9823 1385.52 252.04 0.9854 1376.43 251.58 0.9266 1396.53 252.47 0.9226 1372.86 251.47 0.2529 1406.57 279.98 0.9925 1365.54 274.33 0.9809 1408.74 319.79 0.9833 1355.73 302.35 0.8772 1376.82 333.86 0.9854 1349.63 310.79 0.8811 1390.69 348.86 0.9941 1364.59 344.82 0.9869 1384.92 403.15 0.9928 1363.74 397.16 0.9757 1381.49 454.01 0.9842 1365.70 436.59 0.9623
36 1331.55 236.65 1422.04 489.66 0.8973 1379.74 264.20 0.9809 1385.50 258.75 0.9847 1376.90 258.30 0.8883 1397.85 258.72 0.9273 1374.64 257.74 0.1464 1408.11 287.35 0.9902 1370.36 282.74 0.9797 1401.70 330.38 0.9856 1366.00 317.65 0.9273 1363.24 333.05 0.9856 1350.59 323.52 0.9333 1390.80 362.66 0.9935 1363.93 358.03 0.9882 1383.87 417.51 0.9936 1352.63 408.57 0.9886 1378.83 465.44 0.9866 1359.26 451.25 0.9824
37 1319.40 242.40 1414.34 501.94 0.8745 1364.91 268.23 0.8610 1368.62 262.89 0.9108 1365.52 262.64 0.1561 1382.86 264.61 0.9515 1374.74 263.74 0.0126 1395.62 294.74 0.9950 1377.22 287.36 0.9587 1372.66 335.51 0.9880 1362.99 316.31 0.7007 1345.36 320.06 0.9725 1352.02 301.70 0.7120 1380.68 365.60 0.9958 1363.27 360.80 0.9866 1367.92 420.84 0.9962 1349.12 417.74 0.9910 1386.46 475.79 0.9894 1349.39 472.50 0.9836
38 1337.45 244.75 1434.82 504.41 0.8741 1374.98 272.05 0.0504 1373.93 266.83 0.0631 1377.94 265.58 0.0093 1376.68 269.36 0.8951 1399.84 265.49 0.3254 1382.55 300.87 0.9956 1417.31 289.05 0.9903 1367.39 340.25 0.8274 1429.46 309.73 0.3924 1368.28 339.18 0.3567 1413.01 315.28 0.1052 1389.36 372.58 0.9879 1406.78 366.40 0.9775 1382.49 423.85 0.9899 1373.66 413.76 0.9723 1392.20 481.17 0.9915 1367.31 464.54 0.9835
39 1357.57 242.98 1436.45 503.45 0.8759 1378.08 269.37 0.0251 1376.69 264.96 0.0294 1381.42 263.43 0.0074 1378.39 267.13 0.8372 1401.04 262.85 0.4586 1382.31 298.16 0.9941 1419.64 288.76 0.9916 1372.91 338.42 0.9317 1430.92 314.95 0.6196 1367.03 359.81 0.7418 1417.37 328.93 0.2412 1389.86 370.27 0.9846 1411.43 366.18 0.9777 1385.51 423.37 0.9774 1397.03 420.46 0.9556 1391.82 476.54 0.9684 1394.08 472.13 0.9508
40 1352.79 242.00 1437.11 503.84 0.8548 1374.77 268.75 0.0454 1373.97 264.24 0.0540 1378.61 263.05 0.0088 1377.44 264.50 0.8714 1398.89 260.80 0.3304 1382.29 293.67 0.9958 1417.53 285.71 0.9949 1375.98 338.61 0.9821 1430.61 312.44 0.8258 1363.49 376.49 0.9451 1425.14 315.26 0.5140 1387.68 370.10 0.9921 1408.19 366.28 0.9880 1386.72 424.28 0.9841 1395.48 420.90 0.9643 1393.63 477.49 0.9679 1391.67 472.01 0.9460
41 1352.71 243.18 1442.31 502.51 0.8445 1372.39 269.72 0.1241 1372.22 265.00 0.1438 1375.97 264.20 0.0143 1378.08 264.13 0.8977 1396.04 261.33 0.1818 1382.84 292.07 0.9958 1414.62 285.32 0.9963 1377.40 337.67 0.9871 1429.31 307.49 0.9517 1363.85 372.91 0.9652 1432.64 291.77 0.8420 1387.24 367.96 0.9931 1406.42 365.09 0.9907 1386.67 422.20 0.9860 1394.85 419.92 0.9724 1392.63 475.22 0.9670 1391.64 470.46 0.9479
42 1302.06 241.86 1414.01 491.49 0.8792 1354.32 268.85 0.3740 1354.45 263.27 0.4463 1356.95 262.68 0.0275 1362.80 262.61 0.9327 1379.29 260.13 0.0676 1375.15 290.69 0.9958 1398.76 285.46 0.9775 1375.57 336.07 0.9800 1403.19 321.54 0.2847 1362.77 376.18 0.9560 1382.23 343.33 0.1591 1373.27 364.46 0.9943 1394.34 360.80 0.9853 1348.21 413.75 0.9958 1382.62 417.36 0.9882 1339.15 469.87 0.9918 1388.26 470.62 0.9851
43 1276.69 227.09 1371.65 487.65 0.8757 1321.28 258.68 0.6679 1324.03 253.86 0.7126 1322.45 253.58 0.0568 1334.84 256.01 0.8889 1331.46 254.78 0.0102 1346.39 282.32 0.9861 1331.96 273.20 0.9643 1349.64 312.43 0.9378 1313.17 256.83 0.7727 1335.52 310.72 0.9166 1305.81 234.49 0.7778 1328.90 356.82 0.9957 1320.66 353.35 0.9914 1312.59 413.28 0.9959 1319.45 413.89 0.9901 1308.67 466.88 0.9877 1355.88 447.05 0.9784
44 1209.44 206.13 1404.58 487.97 0.8585 1282.46 256.31 0.9763 1288.62 251.59 0.9827 1280.10 250.66 0.7678 1301.62 255.94 0.9611 1279.26 253.61 0.0811 1310.87 281.20 0.9973 1272.41 273.52 0.9923 1344.28 270.09 0.9954 1257.01 242.24 0.9649 1376.26 252.64 0.9929 1242.24 217.71 0.9639 1294.66 363.90 0.9979 1266.26 360.95 0.9965 1295.64 417.34 0.9961 1250.39 413.41 0.9947 1306.04 465.42 0.9902 1237.69 464.52 0.9900
45 1166.69 193.23 1382.26 502.84 0.9228 1246.84 257.39 0.9831 1251.63 252.08 0.9720 1241.71 252.58 0.9570 1259.55 256.21 0.8079 1235.29 257.48 0.6036 1272.38 282.09 0.9964 1224.92 278.31 0.9942 1314.83 270.06 0.9931 1197.03 249.55 0.9805 1352.27 252.84 0.9901 1177.15 215.80 0.9757 1252.69 365.21 0.9965 1223.70 363.79 0.9948 1241.28 421.39 0.9947 1221.75 419.16 0.9919 1239.67 476.56 0.9877 1229.85 470.18 0.9846
46 1107.09 247.99 1363.44 519.40 0.9235 1221.98 271.14 0.9877 1227.54 265.77 0.9691 1216.33 265.64 0.9839 1235.15 269.61 0.7050 1207.95 269.39 0.8218 1249.40 295.00 0.9967 1194.37 293.24 0.9952 1295.02 289.84 0.9945 1159.57 288.92 0.9858 1333.08 277.14 0.9906 1125.42 278.11 0.9774 1232.96 381.96 0.9942 1199.92 380.28 0.9900 1220.36 440.20 0.9882 1188.75 434.68 0.9513 1207.02 490.07 0.9496 1204.69 453.38 0.8727
47 1143.71 267.14 1242.69 547.87 0.8919 1195.39 296.65 0.9824 1199.77 290.20 0.9704 1189.68 291.17 0.9779 1206.91 289.62 0.7360 1180.85 292.20 0.8082 1222.03 316.56 0.9961 1172.33 319.73 0.9878 1228.96 355.30 0.9798 1169.41 355.98 0.6775 1233.19 393.50 0.9655 1173.22 380.18 0.5381 1211.55 401.60 0.9956 1179.13 402.51 0.9931 1208.78 456.71 0.9907 1171.77 462.29 0.9917 1202.20 495.49 0.9841 1163.44 518.77 0.9862
48 1128.38 273.86 1221.52 564.34 0.9096 1180.92 308.11 0.9799 1185.90 301.41 0.9459 1175.58 301.65 0.9822 1191.51 298.89 0.4592 1164.10 299.27 0.9009 1203.41 325.72 0.9946 1147.21 328.32 0.9908 1210.09 365.00 0.9731 1142.39 365.99 0.9189 1211.67 403.04 0.9657 1141.92 397.18 0.8936 1191.65 415.95 0.9958 1156.31 416.40 0.9936 1190.70 478.37 0.9945 1158.21 478.67 0.9899 1184.85 532.05 0.9899 1160.04 525.85 0.9822
49 1023.80 292.26 1340.03 595.01 0.9302 1185.32 330.75 0.9908 1191.34 323.74 0.9728 1179.22 323.90 0.9903 1198.98 319.25 0.6240 1168.33 319.60 0.9205 1214.19 342.42 0.9978 1148.97 342.25 0.9975 1257.38 347.90 0.9949 1100.36 345.18 0.9884 1305.86 347.09 0.9904 1050.69 341.23 0.9799 1195.60 443.63 0.9977 1156.92 442.52 0.9968 1184.01 512.29 0.9951 1147.64 504.90 0.9857 1172.41 560.75 0.9783 1148.86 529.63 0.9572
50 1076.71 231.11 1281.41 641.52 0.9370 1185.17 352.16 0.9873 1189.93 344.87 0.9732 1179.99 345.90 0.9648 1199.78 337.52 0.7215 1171.84 339.93 0.6302 1213.59 349.47 0.9958 1156.11 353.11 0.9967 1245.69 314.38 0.9949 1121.61 323.92 0.9895 1264.39 266.91 0.9937 1099.34 284.22 0.9869 1199.62 464.79 0.9974 1161.71 467.06 0.9982 1191.35 530.55 0.9891 1163.40 538.14 0.9962 1175.68 565.01 0.9621 1163.44 603.60 0.9821
51 1132.78 279.15 1234.73 669.97 0.8779 1184.98 366.12 0.9300 1190.53 359.24 0.8537 1179.69 359.75 0.8700 1200.77 356.37 0.4193 1169.04 357.28 0.4880 1208.23 376.64 0.9765 1157.90 377.75 0.9861 1219.22 335.24 0.9699 1156.88 333.42 0.9657 1212.71 306.82 0.9787 1185.24 300.26 0.9650 1198.32 487.34 0.9958 1158.62 488.29 0.9957 1198.57 565.87 0.9950 1159.33 566.52 0.9922 1194.31 628.26 0.9897 1162.75 616.18 0.9858
52 1140.14 324.66 1253.62 702.79 0.8991 1203.04 394.08 0.9849 1210.56 387.16 0.9631 1198.29 385.64 0.9698 1221.03 385.85 0.5368 1187.00 381.99 0.6384 1227.85 404.56 0.9885 1174.29 403.61 0.9902 1243.48 365.32 0.9689 1164.11 362.83 0.9262 1238.73 344.04 0.9756 1189.75 335.52 0.9288 1216.74 525.97 0.9969 1175.95 524.81 0.9960 1208.75 609.93 0.9944 1165.10 606.63 0.9892 1194.11 662.57 0.9792 1156.45 638.44 0.9694
53 1107.07 369.22 1313.98 779.53 0.9454 1208.86 434.70 0.9883 1214.90 426.33 0.9609 1201.04 427.47 0.9836 1225.25 416.91 0.4981 1187.35 419.20 0.8652 1240.93 434.74 0.9970 1168.60 434.83 0.9974 1299.48 426.38 0.9886 1125.90 407.59 0.9900 1252.21 404.39 0.9849 1170.84 385.35 0.9886 1225.70 565.54 0.9971 1179.38 569.38 0.9974 1216.44 637.57 0.9857 1177.52 655.83 0.9942 1199.14 680.05 0.9719 1173.93 731.09 0.9797
54 1134.81 313.14 1300.53 795.26 0.9339 1240.70 465.94 0.9813 1248.35 457.98 0.8726 1234.68 457.01 0.9833 1255.03 446.30 0.1145 1214.27 441.21 0.9231 1251.37 477.89 0.9960 1183.98 449.86 0.9968 1253.83 516.76 0.9948 1166.34 391.09 0.9916 1273.38 556.91 0.9955 1193.47 342.67 0.9882 1222.32 603.21 0.9985 1171.87 597.72 0.9982 1247.01 689.03 0.9978 1168.39 682.78 0.9962 1257.85 763.55 0.9933 1175.62 744.57 0.9893
55 1152.52 407.05 1346.81 907.93 0.9289 1313.45 532.63 0.9745 1322.96 525.78 0.7159 1309.70 520.14 0.9893 1327.06 516.10 0.0273 1288.23 499.95 0.9693 1314.17 546.40 0.9908 1248.86 510.39 0.9979 1304.62 582.77 0.9888 1209.51 480.21 0.9915 1315.72 623.60 0.9880 1189.71 440.56 0.9804 1270.92 671.03 0.9988 1219.90 655.84 0.9986 1276.00 758.20 0.9970 1185.93 731.95 0.9745 1273.40 847.23 0.9914 1176.28 746.92 0.9615
56 1109.72 483.50 1554.98 912.77 0.9409 1317.50 556.00 0.9760 1329.89 547.49 0.9527 1309.77 544.01 0.9452 1349.50 532.02 0.7491 1296.74 521.44 0.6226 1372.69 555.68 0.9873 1267.73 539.95 0.9864 1444.91 577.02 0.9871 1207.74 578.98 0.9839 1510.61 596.92 0.9837 1143.59 619.23 0.9863 1308.26 699.89 0.9900 1243.64 686.99 0.9912 1291.06 793.89 0.9863 1203.74 779.19 0.9906 1273.10 859.05 0.9728 1158.06 864.18 0.9836
57 1204.50 471.53 1444.01 1038.19 0.7383 1243.34 620.21 0.9791 1249.72 606.30 0.9874 1231.74 610.25 0.8594 1272.46 584.84 0.9413 1222.90 595.93 0.1432 1324.22 595.88 0.9900 1228.77 633.41 0.9449 1382.00 556.56 0.9773 1245.39 653.10 0.4773 1416.72 505.66 0.9663 1265.55 660.06 0.3296 1325.57 755.42 0.9848 1271.10 769.93 0.9822 1308.45 824.15 0.9666 1261.13 876.95 0.9901 1283.40 861.29 0.9334 1261.47 977.78 0.9809
58 1082.69 568.81 1555.71 1053.21 0.9425 1222.04 651.01 0.9865 1232.21 637.07 0.9943 1210.66 639.75 0.8647 1264.33 614.66 0.9804 1204.85 621.37 0.0663 1323.68 652.21 0.9915 1202.50 662.00 0.9821 1426.76 686.28 0.9902 1167.84 714.73 0.9886 1508.75 723.50 0.9844 1122.51 767.84 0.9837 1313.79 823.46 0.9903 1241.53 823.97 0.9909 1306.44 934.74 0.9791 1243.51 927.87 0.9814 1309.41 993.37 0.9416 1255.11 984.42 0.9640
59 1079.83 544.01 1379.31 1237.08 0.7562 1258.70 714.29 0.9882 1273.48 700.59 0.9934 1244.99 699.33 0.9552 1303.38 684.92 0.9558 1233.18 679.36 0.3570 1338.60 744.90 0.9920 1212.11 698.95 0.9863 1346.98 821.27 0.9871 1146.15 652.82 0.9792 1341.07 900.23 0.9901 1110.01 583.29 0.9812 1294.24 922.44 0.9947 1218.77 900.80 0.9902 1260.10 1057.88 0.9894 1226.85 1001.28 0.9414 1233.71 1154.50 0.9310 1246.23 1030.83 0.8521
60 1114.72 674.43 1397.11 1394.71 0.9380 1241.49 840.86 0.9929 1257.23 822.01 0.9963 1225.99 824.48 0.9478 1291.54 787.29 0.9561 1212.05 790.25 0.1418 1343.74 853.06 0.9951 1192.43 813.08 0.9792 1362.07 968.89 0.9939 1174.46 713.97 0.9878 1370.30 1085.31 0.9850 1296.12 697.90 0.9843 1282.37 1040.45 0.9877 1196.33 1040.50 0.9904 1254.12 1128.42 0.9731 1171.23 1177.84 0.9930 1237.52 1170.99 0.9614 1161.10 1326.82 0.9828
61 1089.86 756.98 1384.98 1483.62 0.9371 1239.26 1008.96 0.9504 1257.52 992.05 0.9630 1222.17 991.57 0.8164 1292.98 950.78 0.8478 1202.44 946.21 0.2802 1333.03 980.06 0.9928 1169.70 944.26 0.9827 1335.14 1074.63 0.9922 1128.93 881.02 0.9878 1344.26 1168.21 0.9898 1253.25 805.14 0.9863 1272.88 1209.48 0.9921 1164.27 1202.01 0.9939 1274.62 1342.66 0.9721 1161.32 1322.85 0.9824 1274.00 1408.26 0.9435 1166.74 1384.06 0.9733
62 916.28 987.50 1471.51 1491.84 0.9213 1288.21 1282.83 0.9211 1311.85 1265.90 0.9495 1266.15 1262.68 0.8704 1356.16 1212.27 0.8517 1236.37 1202.74 0.3998 1410.18 1198.78 0.9839 1200.74 1153.03 0.9833 1418.37 1294.25 0.9873 1090.94 1120.57 0.9768 1426.28 1383.18 0.9873 1004.48 1052.01 0.9471 1335.35 1460.04 0.9364 1201.59 1449.55 0.9499 1344.97 1500.00 0.0180 1170.93 1500.00 0.0354 1330.41 1500.00 0.0048 1180.61 1490.83 0.0151
63 828.71 1087.76 1373.70 1494.18 0.8251 1224.77 1451.77 0.0133 1230.08 1460.34 0.0029 1230.39 1442.05 0.0151 1220.68 1471.26 0.1245 1232.14 1428.03 0.4558 1238.82 1450.17 0.4184 1228.77 1374.94 0.9568 1047.40 1250.16 0.0904 1049.95 1244.53 0.9725 898.36 1134.84 0.0857 916.41 1151.11 0.9149 1246.47 1485.12 0.0041 1206.04 1436.87 0.0264 1175.33 1427.75 0.0017 1122.44 1387.15 0.0045 1170.13 1428.67 0.0044 1092.65 1398.13 0.0063
66 411.56 1249.70 971.80 1498.21 0.6961 812.26 1403.84 0.0042 807.09 1390.10 0.0357 842.97 1383.41 0.0020 810.41 1411.45 0.9111 953.19 1389.14 0.3333 804.21 1500.00 0.3108 989.96 1485.99 0.0353 591.53 1471.64 0.3038 858.25 1475.41 0.0020 477.76 1351.66 0.8919 704.89 1400.97 0.0114 797.02 1500.00 0.0023 923.02 1500.00 0.0010 636.78 1449.15 0.0153 781.44 1476.01 0.0047 603.17 1470.29 0.0074 736.31 1468.62 0.0053
67 554.35 950.01 1141.74 1492.99 0.9176 651.35 1193.86 0.0087 648.53 1185.25 0.0190 663.90 1166.91 0.0027 623.17 1215.05 0.9796 739.77 1168.23 0.8374 614.95 1411.41 0.9731 845.62 1272.48 0.9976 604.11 1500.00 0.0196 976.77 1147.22 0.9522 619.49 1458.03 0.0039 1073.17 1032.76 0.9128 702.69 1500.00 0.0048 863.22 1481.59 0.0421 691.01 1457.20 0.0015 839.01 1422.54 0.0109 739.01 1500.00 0.0009 856.31 1469.67 0.0032
68 400.43 799.30 780.40 1493.72 0.9344 513.77 1005.09 0.0110 503.56 996.28 0.0155 526.86 990.47 0.0044 476.35 1022.55 0.9786 589.16 1002.37 0.7790 472.57 1197.58 0.9957 628.29 1065.37 0.9977 494.50 1348.20 0.9882 633.52 887.74 0.9914 509.06 1428.41 0.9257 482.85 829.36 0.9656 567.16 1362.24 0.9770 683.37 1313.46 0.9908 613.02 1479.70 0.5827 727.07 1430.04 0.8869 650.13 1500.00 0.0204 755.79 1500.00 0.1085
69 327.78 788.83 667.30 1493.52 0.9173 431.81 880.43 0.0172 425.18 867.94 0.0249 444.62 868.41 0.0039 404.94 888.23 0.9635 497.13 880.54 0.5372 384.54 1028.87 0.9944 536.43 935.47 0.9909 402.99 1168.28 0.9927 580.80 809.22 0.9658 403.08 1251.76 0.9763 484.73 903.74 0.9563 489.00 1204.74 0.9804 584.33 1155.91 0.9863 546.67 1358.04 0.9588 594.12 1232.59 0.9815 618.99 1484.54 0.7807 608.77 1349.22 0.9569
70 272.03 585.90 618.50 1352.11 0.9335 355.75 780.97 0.0251 348.14 771.44 0.0449 364.27 769.99 0.0110 331.50 785.30 0.9583 413.07 776.32 0.6152 329.43 906.72 0.9937 451.21 827.38 0.9961 376.77 1039.12 0.9842 447.77 698.63 0.9919 419.30 1148.72 0.9193 327.71 628.83 0.9674 433.73 1065.48 0.9927 523.49 1051.58 0.9964 446.27 1158.34 0.9504 552.29 1178.57 0.9918 457.76 1218.39 0.9161 590.68 1309.96 0.9767
71 192.72 474.09 523.27 1205.59 0.9186 285.27 706.08 0.0233 278.51 698.82 0.0285 291.09 695.85 0.0119 249.90 711.98 0.9501 329.46 699.37 0.8248 239.30 825.30 0.9962 363.26 748.67 0.9965 240.25 933.04 0.9836 411.81 636.65 0.9844 243.85 993.02 0.9638 406.59 531.14 0.9730 329.91 970.56 0.9944 415.86 945.16 0.9962 385.90 1077.99 0.9808 450.09 1027.33 0.9924 444.36 1169.89 0.9736 481.12 1127.99 0.9921
72 0.27 579.52 596.72 1189.21 0.9501 263.54 650.00 0.0299 261.85 639.71 0.0346 270.93 639.27 0.0203 235.83 651.25 0.9514 308.48 645.10 0.9174 213.16 728.28 0.9967 341.00 719.04 0.9973 97.48 698.59 0.9735 445.98 766.80 0.9862 17.07 639.79 0.9263 555.66 771.74 0.9833 297.48 907.60 0.9932 371.21 893.36 0.9944 351.14 1017.82 0.9854 399.98 956.02 0.9892 410.02 1122.96 0.9786 415.55 1036.66 0.9875
73 11.92 532.11 427.87 1060.74 0.9384 242.39 587.70 0.0396 241.10 577.78 0.0501 251.80 577.65 0.0214 230.51 585.50 0.9652 292.06 581.58 0.8895 210.00 649.43 0.9966 329.24 651.42 0.9975 122.80 695.57 0.9840 360.89 750.66 0.9886 51.07 684.56 0.9630 387.24 825.16 0.9816 252.39 820.66 0.9906 328.83 820.81 0.9951 284.51 898.54 0.9709 374.32 916.19 0.9905 302.01 973.45 0.9380 403.46 1018.39 0.9719
74 95.91 502.19 397.70 972.24 0.9582 163.43 561.33 0.0367 160.10 553.05 0.0337 171.29 550.33 0.0062 155.29 557.69 0.9612 211.87 547.71 0.8518 147.74 631.75 0.9983 261.79 605.45 0.9986 147.81 731.41 0.9938 327.44 681.75 0.9852 131.42 807.74 0.9870 361.33 743.62 0.9695 223.90 785.33 0.9979 292.47 770.25 0.9980 255.51 863.35 0.9919 318.69 833.59 0.9956 305.24 935.94 0.9518 355.04 908.82 0.9805
75 108.51 488.44 336.60 957.80 0.9416 161.08 536.16 0.0062 156.67 529.66 0.0085 167.55 526.56 0.0022 147.08 536.95 0.9338 203.27 527.50 0.8209 136.63 598.28 0.9959 247.60 575.55 0.9980 143.55 662.80 0.6674 280.07 627.36 0.8739 172.88 687.75 0.1875 269.20 659.64 0.4508 207.87 746.58 0.9968 274.00 733.07 0.9975 247.93 832.92 0.9934 288.92 793.51 0.9952 294.79 912.49 0.9898 306.21 856.92 0.9951
76 94.26 453.11 337.43 881.78 0.9417 156.52 500.80 0.0158 152.77 495.23 0.0155 162.23 492.45 0.0076 139.87 500.10 0.9116 188.53 492.52 0.8224 125.26 547.72 0.9961 227.26 527.99 0.9945 111.50 607.02 0.9711 281.07 576.49 0.9813 123.72 658.25 0.9372 299.95 631.15 0.9693 192.93 685.29 0.9982 256.05 677.08 0.9980 208.23 764.16 0.9967 278.36 762.51 0.9980 227.49 839.11 0.9905 298.80 846.22 0.9926
77 1.70 435.87 344.22 851.31 0.9392 193.92 482.46 0.1905 188.97 475.20 0.0146 193.57 474.14 0.2801 148.09 474.10 0.3728 183.10 475.11 0.9785 113.54 519.67 0.9986 201.92 514.01 0.9974 53.61 570.65 0.9883 240.49 564.51 0.9880 14.14 622.65 0.9775 273.81 624.61 0.9766 168.74 662.23 0.9982 225.36 657.08 0.9975 212.66 728.63 0.9910 278.30 706.41 0.9935 236.89 816.99 0.9766 298.51 799.56 0.9841
78 170.82 427.96 391.89 845.26 0.9299 263.20 472.29 0.9275 258.49 463.41 0.1134 256.24 465.59 0.9722 223.68 464.14 0.0128 228.86 473.42 0.9867 195.10 509.33 0.9402 230.67 525.16 0.9941 200.56 581.19 0.1384 232.33 602.09 0.9883 235.10 640.09 0.1657 253.68 665.72 0.9833 222.89 645.80 0.9821 255.06 650.09 0.9912 240.42 721.87 0.9915 317.03 694.77 0.9963 240.20 809.40 0.9854 353.49 776.11 0.9918
79 246.94 408.65 431.23 805.37 0.9300 346.23 445.09 0.8974 341.11 437.22 0.0865 338.90 439.48 0.9510 309.19 444.77 0.0243 315.41 454.75 0.9920 287.29 488.62 0.9971 320.05 514.58 0.9977 263.94 545.52 0.9901 336.30 587.31 0.9961 263.52 606.44 0.9855 391.38 620.38 0.9931 327.64 613.91 0.9958 340.94 629.13 0.9968 393.98 661.81 0.9750 376.28 696.31 0.9915 369.85 736.66 0.9592 370.10 779.48 0.9727
80 334.67 392.78 578.23 762.50 0.9050 440.00 420.64 0.7732 436.24 415.69 0.0581 434.35 417.04 0.8849 408.03 428.74 0.0503 420.12 435.75 0.9892 386.91 471.54 0.9980 435.84 490.04 0.9989 366.28 522.16 0.9974 475.61 549.97 0.9983 354.90 574.43 0.9948 534.76 560.54 0.9922 424.58 589.01 0.9991 452.03 596.98 0.9991 476.20 650.95 0.9939 464.61 665.57 0.9939 512.60 724.66 0.9845 421.72 728.99 0.9803
81 445.17 381.18 686.19 743.95 0.9235 538.68 404.80 0.8914 534.97 399.09 0.1309 532.26 400.81 0.8763 518.84 409.26 0.0329 521.25 415.65 0.9486 531.46 447.63 0.9917 514.26 460.88 0.9978 573.40 459.85 0.9697 486.71 515.09 0.9973 606.18 438.95 0.9807 465.70 573.51 0.9964 532.33 571.78 0.9965 540.33 573.87 0.9978 528.49 642.50 0.9983 593.21 629.63 0.9986 520.73 716.05 0.9943 637.99 687.80 0.9946
82 576.57 359.44 717.62 707.40 0.9152 646.34 383.08 0.8612 641.65 377.68 0.0573 639.28 378.34 0.8956 610.85 386.68 0.0140 620.74 391.92 0.9686 598.61 427.11 0.9660 626.50 438.98 0.9975 616.83 480.42 0.2158 642.28 501.89 0.9939 655.75 511.65 0.2277 678.30 544.38 0.9840 626.72 533.15 0.9811 649.32 541.16 0.9954 657.35 594.04 0.9810 671.03 609.47 0.9973 636.57 653.43 0.9797 662.32 682.65 0.9916
83 598.55 347.81 802.34 703.20 0.9120 725.21 379.86 0.2080 721.13 374.39 0.0146 724.07 374.60 0.2385 694.22 378.40 0.2279 716.97 381.24 0.9620 673.11 414.37 0.9979 723.09 417.80 0.9979 633.16 443.83 0.9937 772.16 428.96 0.9799 616.78 490.75 0.9831 789.04 420.68 0.8657 705.25 519.68 0.9978 726.85 525.68 0.9970 748.12 574.01 0.9965 724.27 594.94 0.9941 762.81 639.36 0.9958 682.43 661.73 0.9908
84 737.55 329.45 887.99 659.89 0.9113 795.09 359.21 0.3259 790.44 353.34 0.0091 794.37 353.53 0.3582 763.13 357.23 0.0494 788.74 360.29 0.9498 760.26 391.18 0.9902 770.29 401.93 0.9974 801.92 394.97 0.9599 759.92 452.79 0.9909 828.34 369.45 0.9870 761.00 505.98 0.9883 766.83 498.51 0.9917 788.60 501.19 0.9946 768.94 565.52 0.9963 820.34 555.92 0.9969 768.59 635.68 0.9870 845.46 615.86 0.9881
85 808.49 319.93 905.27 635.30 0.8960 871.56 348.97 0.2802 868.09 342.89 0.0155 870.46 342.62 0.3344 838.20 344.90 0.1195 861.42 347.26 0.9482 821.95 379.45 0.9801 856.99 390.00 0.9963 828.00 421.47 0.2440 863.73 447.75 0.9813 855.86 445.13 0.1623 883.47 489.80 0.9521 838.14 474.82 0.9837 863.44 480.60 0.9929 855.98 533.59 0.9807 875.39 545.09 0.9943 831.30 587.34 0.9819 865.57 611.25 0.9877
86 850.80 313.40 978.42 628.85 0.8244 932.77 345.06 0.1080 929.94 339.12 0.0111 932.21 339.68 0.1431 904.94 339.27 0.2289 926.41 342.60 0.9299 882.53 369.43 0.9895 928.42 375.86 0.9956 860.74 398.82 0.6494 966.21 383.31 0.8752 864.22 422.95 0.2970 971.25 363.82 0.3639 897.60 461.88 0.9906 921.75 468.20 0.9912 931.21 517.91 0.9916 906.39 536.41 0.9890 947.31 574.37 0.9940 875.06 597.33 0.9874
87 931.09 297.32 1058.32 593.55 0.9030 990.60 326.52 0.1067 987.12 320.20 0.0111 990.38 320.82 0.1419 961.07 320.74 0.2645 984.98 325.14 0.9299 944.65 351.22 0.9692 982.82 363.69 0.9962 957.57 389.36 0.1727 1002.13 415.50 0.9807 990.96 414.59 0.1268 1029.93 451.60 0.9520 951.05 444.96 0.9910 980.77 449.44 0.9955 956.84 507.29 0.9932 1004.69 502.79 0.9967 952.44 568.93 0.9891 1024.05 556.66 0.9922
88 994.71 248.74 1131.17 573.63 0.8873 1057.51 304.84 0.3209 1054.33 299.49 0.0170 1055.68 299.96 0.3670 1027.24 302.34 0.0597 1047.72 305.22 0.9329 1014.29 327.40 0.9621 1044.71 332.77 0.9971 1016.60 317.71 0.4338 1083.66 314.53 0.9936 1039.32 295.16 0.4365 1112.97 276.43 0.9804 1020.38 420.92 0.9882 1042.13 424.32 0.9966 1036.28 478.58 0.9879 1051.57 488.23 0.9979 1013.06 527.44 0.9898 1044.92 549.30 0.9959
89 1039.97 246.03 1124.01 568.74 0.8560 1097.51 293.26 0.0258 1093.90 288.40 0.0061 1097.75 288.90 0.0294 1073.47 292.50 0.2346 1097.64 295.18 0.7334 1062.66 319.67 0.9617 1096.47 321.81 0.9889 1058.38 307.97 0.7348 1107.32 299.46 0.9168 1070.06 277.68 0.6886 1092.94 267.09 0.7939 1072.42 409.58 0.9865 1090.11 412.67 0.9925 1090.28 465.25 0.9887 1087.57 476.61 0.9949 1097.31 517.42 0.9928 1056.36 535.89 0.9951
90 1083.82 237.53 1211.44 537.43 0.8604 1138.51 288.90 0.1699 1135.12 283.39 0.0154 1136.77 284.24 0.1244 1112.57 284.85 0.1074 1131.43 288.40 0.7793 1099.34 307.89 0.9746 1134.29 312.48 0.9952 1106.66 292.41 0.6779 1165.17 290.75 0.9857 1126.64 271.61 0.6059 1193.92 256.01 0.9639 1099.74 396.80 0.9936 1127.93 398.85 0.9965 1102.53 454.98 0.9917 1144.69 453.12 0.9957 1099.95 511.19 0.9893 1157.54 503.02 0.9928
91 1117.37 255.15 1233.73 520.21 0.8995 1183.08 279.74 0.0527 1179.18 274.95 0.0099 1182.69 274.86 0.0647 1155.24 277.97 0.3802 1180.27 280.18 0.8870 1144.00 305.79 0.9723 1185.40 311.44 0.9956 1154.34 336.07 0.1775 1209.37 347.05 0.9589 1185.70 353.14 0.0835 1223.27 366.34 0.8442 1146.34 385.77 0.9899 1175.26 388.35 0.9955 1154.43 437.03 0.9879 1176.99 444.95 0.9953 1136.35 481.76 0.9858 1168.92 498.19 0.9890
92 1116.33 251.48 1232.57 517.39 0.8914 1220.43 275.94 0.0578 1217.71 270.71 0.0116 1221.15 271.47 0.0607 1198.73 269.63 0.4936 1220.56 274.22 0.9051 1178.92 293.96 0.9966 1217.99 305.04 0.9957 1151.93 321.53 0.9817 1210.51 346.79 0.9514 1127.85 352.15 0.9618 1202.93 380.55 0.8779 1176.36 377.48 0.9945 1198.89 383.74 0.9942 1197.54 423.54 0.9915 1192.62 441.43 0.9942 1199.05 470.78 0.9814 1172.20 492.88 0.9836
93 1152.59 242.27 1266.79 490.20 0.9105 1255.12 268.93 0.1665 1252.58 263.31 0.0145 1255.95 264.27 0.2365 1229.39 260.50 0.1944 1250.43 264.63 0.9510 1206.29 283.89 0.9943 1241.16 290.08 0.9947 1180.64 318.50 0.9741 1223.76 326.05 0.9649 1165.34 354.54 0.9643 1209.57 363.53 0.9309 1200.09 365.19 0.9966 1226.63 366.90 0.9965 1203.33 416.80 0.9965 1241.03 412.32 0.9961 1198.83 471.46 0.9912 1238.92 464.03 0.9900
94 1200.14 240.73 1351.10 476.24 0.9072 1296.30 269.56 0.6586 1295.33 263.42 0.0516 1293.60 264.10 0.7152 1279.56 260.04 0.0182 1282.30 262.38 0.9320 1270.47 276.47 0.9811 1266.53 283.68 0.9938 1301.50 278.58 0.9658 1250.47 311.54 0.9868 1329.47 267.07 0.9747 1236.05 332.76 0.9787 1249.08 351.72 0.9928 1257.29 353.30 0.9964 1243.54 402.88 0.9962 1262.66 406.37 0.9986 1218.06 444.37 0.9909 1252.97 457.91 0.9949
95 1239.62 218.42 1358.35 475.52 0.9063 1316.71 261.59 0.9564 1319.68 256.19 0.7053 1312.16 256.28 0.9658 1319.13 256.13 0.0953 1298.86 256.04 0.9461 1316.34 273.60 0.9928 1279.60 280.04 0.9951 1345.71 261.72 0.9875 1258.35 310.26 0.9778 1339.50 234.52 0.9848 1253.81 323.71 0.9657 1300.10 349.50 0.9969 1275.50 349.95 0.9976 1296.64 398.11 0.9942 1273.29 402.64 0.9969 1287.02 441.90 0.9882 1254.31 453.50 0.9921
96 1272.13 230.53 1424.71 474.33 0.9162 1346.35 257.70 0.8635 1347.20 252.35 0.2032 1342.65 252.45 0.8874 1342.23 251.39 0.0206 1329.80 251.11 0.9408 1343.22 273.74 0.9896 1304.96 275.85 0.9931 1375.85 274.83 0.9790 1283.67 305.20 0.9785 1403.25 263.90 0.9810 1283.18 319.66 0.9709 1321.12 343.86 0.9920 1301.35 344.53 0.9929 1306.80 395.73 0.9930 1316.20 397.28 0.9957 1288.84 438.29 0.9771 1312.18 452.18 0.9823
97 1286.62 235.31 1421.11 483.21 0.9125 1387.19 262.98 0.9853 1390.34 257.77 0.7850 1382.59 257.57 0.9873 1389.34 258.99 0.0563 1367.92 257.78 0.9647 1385.83 284.67 0.9927 1349.53 285.24 0.9960 1393.89 320.85 0.9860 1327.40 317.85 0.9924 1408.89 352.18 0.9871 1309.00 353.48 0.9903 1363.08 354.72 0.9966 1343.08 354.24 0.9974 1346.18 406.17 0.9964 1354.34 408.18 0.9987 1306.63 432.58 0.9915 1354.35 462.76 0.9949
98 1344.42 237.78 1485.37 491.00 0.9123 1438.12 266.39 0.9750 1439.57 260.31 0.5111 1433.33 260.54 0.9859 1433.50 261.32 0.0125 1416.47 261.32 0.9807 1423.97 287.92 0.9486 1400.53 289.99 0.9960 1424.88 322.84 0.4440 1422.80 327.92 0.9956 1443.97 332.82 0.4130 1463.68 334.28 0.9910 1413.82 364.86 0.9886 1388.62 365.47 0.9946 1420.11 417.22 0.9904 1375.83 416.45 0.9942 1432.22 468.81 0.9865 1355.00 461.37 0.9854
99 1410.59 242.38 1518.65 503.04 0.9009 1495.80 268.96 0.9688 1497.68 263.11 0.5105 1490.78 263.09 0.9826 1493.29 264.78 0.0175 1474.46 263.98 0.9782 1489.58 294.88 0.9825 1455.20 295.14 0.9949 1494.58 334.97 0.9517 1456.33 339.07 0.9873 1505.84 368.23 0.9523 1475.54 378.51 0.9774 1474.93 367.94 0.9834 1452.61 367.24 0.9918 1468.78 424.60 0.9795 1463.59 422.47 0.9935 1443.43 472.87 0.9530 1428.36 468.03 0.9807
100 1437.30 253.98 1636.50 529.53 0.9417 1564.00 280.49 0.9819 1565.50 274.95 0.4878 1558.97 274.82 0.9889 1560.20 277.07 0.0121 1542.01 276.32 0.9841 1559.15 304.23 0.9934 1519.94 305.08 0.9972 1596.00 311.93 0.9884 1484.89 326.94 0.9957 1618.86 289.35 0.9922 1452.73 359.19 0.9954 1533.65 384.37 0.9956 1514.94 384.04 0.9973 1512.15 441.69 0.9961 1528.27 445.15 0.9989 1465.08 470.35 0.9868 1523.88 507.25 0.9928
101 1509.90 230.00 1660.44 534.41 0.9241 1628.11 295.07 0.9138 1631.18 288.44 0.3769 1623.28 288.80 0.9410 1624.38 284.65 0.0345 1605.01 285.65 0.9492 1615.27 301.27 0.9853 1579.44 317.67 0.9968 1640.81 268.39 0.9801 1576.07 363.83 0.9950 1630.37 246.73 0.9858 1594.14 402.52 0.9909 1593.59 394.63 0.9929 1565.52 397.39 0.9951 1598.64 453.01 0.9900 1548.24 451.76 0.9922 1606.35 507.70 0.9862 1526.81 504.69 0.9874
102 1582.64 238.85 1760.09 553.04 0.8891 1702.16 304.75 0.5944 1703.55 298.09 0.0518 1699.49 298.16 0.6085 1691.45 294.09 0.0108 1683.28 293.54 0.8749 1682.44 311.91 0.8903 1654.56 318.12 0.9923 1724.51 273.01 0.5849 1684.00 316.07 0.9837 1739.78 241.95 0.7248 1728.41 292.08 0.9681 1670.38 404.93 0.9772 1652.02 404.88 0.9945 1657.45 466.23 0.9752 1655.46 466.31 0.9954 1620.24 519.50 0.9592 1607.06 513.58 0.9879
103 1626.07 217.91 1901.00 580.93 0.9259 1783.80 319.08 0.8733 1786.28 313.12 0.2275 1779.45 312.37 0.8516 1781.34 310.96 0.0186 1763.71 307.83 0.8364 1777.78 334.56 0.9840 1740.53 324.00 0.9881 1825.38 337.43 0.9880 1743.05 284.00 0.9913 1873.07 342.39 0.9917 1768.22 237.17 0.9906 1738.58 418.74 0.9956 1725.56 418.22 0.9966 1705.18 482.36 0.9961 1733.65 489.07 0.9984 1644.82 517.18 0.9848 1718.33 551.92 0.9902
104 1700.59 223.64 1931.80 586.70 0.8561 1859.83 306.50 0.2844 1859.28 302.56 0.0228 1858.10 300.50 0.1296 1845.62 309.94 0.0298 1843.96 304.87 0.3564 1834.02 346.02 0.9203 1828.12 326.24 0.9961 1831.10 396.95 0.7907 1872.38 281.63 0.9849 1851.10 445.52 0.8829 1898.89 235.54 0.9456 1815.81 437.77 0.9949 1794.06 433.24 0.9980 1820.99 496.64 0.9937 1767.06 496.30 0.9965 1831.13 555.67 0.9908 1721.59 551.84 0.9925
105 1818.12 281.32 2028.17 606.92 0.9302 1962.75 320.11 0.9765 1965.21 312.82 0.4507 1957.32 311.84 0.9770 1955.37 314.19 0.0152 1936.10 311.36 0.9601 1936.81 348.64 0.9728 1916.03 343.23 0.9976 1941.33 405.60 0.8614 1948.74 382.16 0.9955 1954.78 442.33 0.8884 1997.53 407.22 0.9913 1903.21 444.42 0.9834 1882.41 441.94 0.9935 1896.52 513.25 0.9837 1884.99 510.61 0.9947 1847.64 562.63 0.9424 1836.49 568.33 0.9667
106 1860.65 299.35 2047.39 642.27 0.9122 2047.80 339.49 0.3431 2048.00 332.04 0.0303 2042.86 331.36 0.5783 2040.16 334.54 0.0068 2022.43 332.30 0.8968 2039.20 378.82 0.6448 1983.71 370.92 0.9933 2032.69 436.11 0.0859 1938.68 416.21 0.9905 2027.28 484.27 0.1114 1904.98 470.05 0.9729 1997.33 473.52 0.9452 1963.56 467.05 0.9903 1973.32 540.56 0.9667 1954.12 536.08 0.9901 1937.80 596.34 0.9628 1897.08 570.11 0.9775
107 1933.05 326.32 2048.00 646.33 0.8554 2043.04 354.30 0.0175 2042.88 347.11 0.0095 2045.08 348.79 0.0075 2044.64 346.90 0.0357 2048.00 349.80 0.0330 2039.84 375.02 0.2753 2042.63 377.73 0.2376 2005.81 414.88 0.6222 2009.20 413.97 0.4503 1976.35 448.65 0.6383 1980.94 450.44 0.5402 2022.61 480.95 0.5222 2021.56 480.29 0.5082 1997.27 548.82 0.5286 1994.54 547.71 0.6249 1961.38 608.93 0.4861 1956.25 612.56 0.5880
110 1986.21 351.75 2048.00 780.10 0.3703 2046.68 418.36 0.0124 2044.88 410.74 0.0076 2047.14 410.34 0.0077 2043.99 413.49 0.0065 2047.42 412.74 0.0047 2048.00 440.35 0.0103 2045.96 438.39 0.0087 2040.31 455.54 0.0861 2038.99 449.12 0.0696 2046.03 447.28 0.1105 2042.23 440.10 0.0941 2048.00 549.98 0.0318 2048.00 548.38 0.0304 2044.12 645.22 0.0844 2043.73 646.47 0.0795 2031.77 735.95 0.2853 2033.97 735.19 0.2684
112 1890.30 457.38 2048.00 871.40 0.6939 2038.42 518.49 0.0253 2039.35 509.48 0.0177 2039.65 509.95 0.0135 2044.51 513.22 0.0210 2045.73 512.83 0.0202 2046.33 553.57 0.0700 2039.68 548.69 0.0900 2014.76 607.56 0.0906 2016.42 599.47 0.0736 1997.28 631.19 0.1473 2000.77 630.04 0.0905 2022.22 653.91 0.2507 2014.43 647.61 0.2344 1988.63 741.90 0.5007 1978.79 732.70 0.4757 1952.73 828.83 0.6746 1948.58 825.28 0.6639
113 1890.24 392.26 2047.61 925.86 0.8920 2045.79 476.12 0.0410 2047.80 469.57 0.0233 2045.74 467.21 0.0234 2048.00 472.48 0.0114 2047.78 465.64 0.0217 2048.00 508.12 0.0119 2038.67 496.22 0.2505 2041.71 507.82 0.0267 2030.44 488.18 0.3424 2040.81 474.48 0.1312 2041.79 441.37 0.2724 2027.31 653.57 0.5958 1997.36 641.22 0.8679 1996.58 779.21 0.7971 1957.56 752.50 0.9570 1958.36 880.00 0.8924 1937.64 845.89 0.9795
114 1844.52 472.78 2048.00 953.66 0.8964 2038.81 520.77 0.0576 2041.90 512.12 0.0148 2040.39 511.71 0.0149 2048.00 515.65 0.0253 2047.34 513.34 0.0271 2048.00 574.01 0.0680 2025.83 558.45 0.8598 2026.74 655.57 0.0748 1967.94 620.62 0.9173 2002.33 702.35 0.4860 1915.49 681.00 0.9292 2015.36 719.06 0.8946 1981.95 702.70 0.9806 1986.33 823.63 0.9832 1914.57 782.24 0.9966 1937.11 909.74 0.9694 1908.22 871.58 0.9926
115 1717.57 490.47 2045.40 954.52 0.9145 1933.07 554.70 0.9844 1943.85 544.35 0.9824 1933.31 543.49 0.3147 1974.33 545.25 0.8937 1963.88 540.43 0.0091 1961.78 595.11 0.9844 2007.12 593.34 0.8946 1936.42 668.11 0.8494 2017.17 657.76 0.0718 1891.42 715.76 0.8495 1982.98 704.28 0.1224 1924.97 728.98 0.9971 1972.78 727.57 0.9906 1840.79 807.77 0.9989 1948.63 834.71 0.9967 1785.22 903.04 0.9932 1934.70 924.42 0.9842
116 1710.04 477.35 2016.61 987.84 0.9092 1807.35 539.96 0.9466 1813.82 528.55 0.9806 1806.58 530.41 0.1075 1850.64 520.62 0.9927 1826.77 525.15 0.0012 1892.18 567.73 0.9989 1835.89 567.87 0.9446 1936.52 583.79 0.9971 1824.30 616.10 0.1186 1979.35 596.12 0.9943 1808.52 673.49 0.1410 1839.08 728.73 0.9980 1798.55 719.25 0.9897 1791.48 830.34 0.9949 1769.85 811.04 0.9854 1805.87 930.64 0.9792 1777.70 900.25 0.9824
117 1523.63 491.85 1826.69 961.76 0.9372 1677.05 553.15 0.8602 1679.93 542.38 0.9298 1678.78 542.85 0.0226 1707.58 538.40 0.9892 1713.66 537.58 0.0035 1743.95 588.24 0.9985 1728.51 579.17 0.9544 1780.52 634.72 0.9935 1727.96 632.29 0.2076 1799.99 677.19 0.9896 1713.53 693.29 0.3695 1687.79 744.80 0.9987 1692.18 736.44 0.9923 1615.04 823.69 0.9987 1681.56 821.08 0.9936 1594.06 929.97 0.9929 1748.89 892.42 0.9887
118 1465.84 470.61 1794.43 956.01 0.9175 1569.49 529.23 0.7134 1570.20 518.86 0.7875 1574.35 518.69 0.0470 1587.18 516.15 0.9865 1620.11 513.63 0.0767 1614.60 566.55 0.9964 1658.54 555.85 0.9942 1582.59 605.76 0.9848 1710.99 607.62 0.9770 1537.08 608.89 0.9815 1761.22 640.78 0.9703 1585.12 722.07 0.9912 1606.95 707.76 0.9891 1568.91 818.52 0.9862 1540.67 747.60 0.9756 1591.23 933.01 0.9588 1505.05 810.22 0.9757
119 1395.84 421.93 1595.79 859.77 0.9270 1494.20 469.85 0.5157 1495.00 461.09 0.6694 1499.64 461.13 0.0338 1510.26 461.12 0.9819 1537.54 459.41 0.1696 1511.39 521.31 0.9985 1572.00 515.22 0.9974 1478.91 595.63 0.9960 1576.04 586.47 0.9580 1431.69 654.74 0.9921 1563.74 638.07 0.9490 1495.59 655.71 0.9989 1533.28 650.07 0.9975 1445.91 723.12 0.9961 1484.03 719.30 0.9858 1483.62 808.99 0.9801 1474.22 806.96 0.9581
120 1301.61 398.54 1498.62 819.21 0.9284 1411.61 433.32 0.3930 1415.70 427.09 0.5267 1418.90 426.45 0.0215 1428.55 439.91 0.9645 1456.09 435.41 0.1550 1419.04 500.50 0.9981 1478.03 492.89 0.9852 1397.26 575.56 0.9912 1450.50 547.31 0.4603 1363.76 625.30 0.9775 1395.14 552.79 0.4588 1403.71 617.19 0.9983 1451.59 616.17 0.9955 1362.19 669.16 0.9966 1440.45 695.93 0.9953 1348.79 740.49 0.9924 1459.74 787.41 0.9891
121 1266.76 372.27 1425.29 765.28 0.9259 1340.73 394.79 0.5802 1346.24 390.93 0.5918 1346.59 389.71 0.0774 1357.26 410.28 0.9483 1373.50 405.63 0.2157 1343.14 463.52 0.9974 1390.47 454.15 0.9974 1327.53 530.02 0.9957 1407.31 510.99 0.9904 1290.40 568.38 0.9895 1412.14 555.68 0.9815 1337.08 578.66 0.9984 1361.02 570.19 0.9970 1332.87 655.76 0.9964 1318.85 623.11 0.9908 1344.18 734.25 0.9926 1308.24 686.87 0.9916
122 1220.26 352.73 1345.67 742.03 0.8941 1293.07 371.20 0.8904 1303.18 368.53 0.9163 1292.84 365.23 0.4376 1318.49 387.77 0.9146 1293.42 379.43 0.0857 1322.46 438.19 0.9940 1280.61 428.19 0.9798 1327.86 504.69 0.9961 1268.73 479.16 0.9095 1324.21 567.40 0.9917 1248.32 513.48 0.9144 1296.56 554.58 0.9979 1265.62 548.91 0.9947 1284.87 630.13 0.9975 1259.60 618.03 0.9943 1318.91 704.68 0.9905 1267.57 681.40 0.9884
123 1158.28 322.97 1487.34 739.39 0.9385 1284.02 369.65 0.9501 1294.06 366.10 0.9808 1283.94 363.57 0.5526 1312.88 381.85 0.9839 1286.52 375.25 0.0510 1330.00 423.98 0.9985 1259.55 409.12 0.9964 1391.35 425.31 0.9970 1218.50 380.05 0.9909 1451.56 414.24 0.9900 1181.97 344.35 0.9816 1302.86 542.03 0.9974 1257.99 537.60 0.9951 1290.34 621.56 0.9955 1256.66 613.19 0.9906 1286.61 695.04 0.9852 1265.51 676.34 0.9801
124 1197.57 279.15 1391.72 735.97 0.9368 1278.02 386.20 0.9906 1286.68 379.49 0.9940 1272.70 378.72 0.9395 1304.23 386.00 0.9687 1266.96 384.55 0.1404 1322.70 418.91 0.9978 1256.81 414.17 0.9947 1367.44 381.81 0.9973 1224.96 368.97 0.9867 1376.71 320.00 0.9965 1236.30 315.55 0.9902 1299.99 548.87 0.9971 1254.89 544.61 0.9955 1296.18 630.37 0.9939 1230.53 621.33 0.9914 1287.67 696.97 0.9859 1236.57 686.39 0.9858
125 1174.81 350.83 1321.22 740.37 0.9193 1225.37 417.54 0.9864 1232.01 408.89 0.9890 1218.90 409.95 0.8618 1251.64 401.59 0.9601 1213.71 404.92 0.0751 1275.46 429.06 0.9962 1208.83 425.01 0.9916 1307.03 386.39 0.9854 1189.79 375.71 0.9010 1272.92 363.87 0.9870 1221.43 361.41 0.9217 1251.03 557.16 0.9977 1206.05 554.93 0.9969 1247.72 644.26 0.9962 1204.59 638.12 0.9957 1274.18 700.79 0.9878 1218.75 700.02 0.9896
126 1103.21 318.78 1274.45 778.01 0.9249 1164.58 438.04 0.9862 1171.82 429.89 0.9935 1159.33 429.30 0.7446 1193.13 422.81 0.9840 1157.50 422.37 0.0166 1215.57 451.36 0.9974 1156.15 445.49 0.9909 1249.00 416.36 0.9969 1125.66 389.32 0.9691 1261.73 367.54 0.9963 1116.56 342.44 0.9804 1201.86 573.71 0.9972 1168.11 570.09 0.9949 1178.49 649.87 0.9966 1186.47 633.33 0.9909 1150.03 732.64 0.9936 1215.37 693.70 0.9922
127 1017.50 401.98 1241.58 804.07 0.9001 1089.84 456.25 0.9884 1098.07 447.57 0.9936 1085.66 446.62 0.7276 1125.53 441.08 0.9901 1089.06 439.33 0.0148 1160.23 488.80 0.9979 1091.24 474.38 0.9898 1193.59 553.36 0.9933 1088.43 510.88 0.8432 1216.33 614.51 0.9872 1051.28 534.55 0.8198 1137.80 614.76 0.9972 1088.96 605.01 0.9945 1127.57 696.34 0.9966 1071.79 678.43 0.9936 1131.23 760.62 0.9836 1100.37 735.47 0.9829
128 934.87 428.49 1130.46 845.40 0.9298 980.05 478.70 0.9800 987.73 468.21 0.9894 974.99 469.14 0.6674 1014.83 463.26 0.9879 980.56 466.12 0.0233 1050.04 520.52 0.9984 992.53 517.67 0.9690 1066.34 598.57 0.9953 1000.29 588.41 0.3847 1018.62 646.00 0.9887 987.43 645.09 0.3609 1040.10 650.78 0.9980 994.67 646.70 0.9927 1056.69 735.52 0.9947 978.23 730.93 0.9942 1112.04 759.07 0.9775 984.07 810.55 0.9775
129 772.22 451.02 1020.46 914.83 0.9356 880.61 504.00 0.9883 890.74 494.69 0.9933 877.00 494.47 0.7002 920.41 492.93 0.9908 882.71 492.35 0.0173 957.60 550.97 0.9984 880.39 542.04 0.9977 990.85 624.20 0.9971 854.43 595.00 0.9894 1004.56 694.54 0.9936 807.11 625.76 0.9800 948.44 684.29 0.9976 910.17 677.66 0.9967 916.13 771.41 0.9968 948.46 745.90 0.9943 888.93 870.36 0.9803 985.65 816.61 0.9850
130 745.83 477.57 887.46 952.97 0.9176 761.96 537.02 0.9763 771.87 525.66 0.9930 758.89 525.97 0.5504 807.66 523.62 0.9920 771.22 524.46 0.0061 844.50 587.96 0.9948 789.88 579.40 0.9605 859.86 678.74 0.9786 804.67 658.21 0.1380 831.33 758.24 0.9769 795.66 732.04 0.0961 837.74 738.92 0.9962 793.00 731.81 0.9909 843.86 818.74 0.9971 772.84 817.46 0.9932 860.83 898.24 0.9899 824.31 872.71 0.9883
131 606.41 521.63 853.28 1017.96 0.9198 622.02 590.73 0.9782 631.03 578.25 0.9930 619.01 579.09 0.3819 669.07 572.70 0.9946 633.68 574.92 0.0039 711.80 637.02 0.9990 654.95 632.90 0.9599 716.12 736.27 0.9969 664.08 726.27 0.3174 677.57 814.63 0.9913 657.29 811.40 0.3416 720.75 797.25 0.9988 671.82 792.01 0.9953 739.62 893.80 0.9941 661.01 876.51 0.9969 820.71 903.77 0.9744 690.62 969.37 0.9890
132 370.43 576.75 741.58 1141.28 0.9473 489.74 653.80 0.9723 498.53 641.25 0.9848 485.88 641.54 0.3439 539.07 632.47 0.9856 497.28 633.54 0.0076 605.28 691.28 0.9935 513.91 684.32 0.9877 672.02 765.77 0.9900 485.66 743.43 0.9853 711.08 834.10 0.9909 419.14 782.00 0.9875 610.14 857.13 0.9912 569.52 846.27 0.9882 580.79 965.81 0.9897 624.44 913.59 0.9786 563.74 1095.25 0.9534 692.35 975.82 0.9684
133 289.59 631.65 577.17 1178.63 0.9322 315.44 720.14 0.8336 316.67 708.79 0.9166 317.86 705.41 0.0387 354.71 700.88 0.9883 357.84 693.83 0.0061 447.38 765.62 0.9961 404.11 723.72 0.9538 497.85 873.69 0.9799 427.13 798.36 0.8605 487.88 970.62 0.9835 385.33 848.50 0.9563 463.12 917.51 0.9883 409.77 889.36 0.9811 481.55 1027.57 0.9799 339.00 939.30 0.9812 548.80 1118.13 0.9524 372.41 1051.82 0.9848
134 70.09 696.83 559.73 1181.42 0.9320 96.46 778.10 0.1011 96.08 770.49 0.1018 108.31 759.34 0.0069 115.44 771.10 0.9281 164.81 743.52 0.1479 180.34 836.23 0.9948 221.28 773.14 0.9702 141.33 909.55 0.8140 161.94 812.51 0.6738 97.78 838.03 0.4231 112.38 801.92 0.7591 311.40 968.33 0.9917 323.07 945.53 0.9761 388.57 1067.00 0.9724 385.20 1065.37 0.8654 515.67 1115.39 0.8854 505.59 1099.66 0.6238
135 0.00 493.62 203.58 882.66 0.8309 10.34 557.00 0.0133 3.40 546.44 0.0023 1.82 544.60 0.0135 0.00 549.52 0.0040 0.00 546.69 0.0396 1.18 598.44 0.0068 25.48 587.22 0.6203 111.24 646.08 0.0118 154.83 631.16 0.9847 158.40 679.20 0.0480 177.82 675.14 0.9545 45.98 742.59 0.3348 69.72 741.97 0.9338 115.87 813.00 0.0795 135.18 812.25 0.8316 72.33 898.03 0.0165 74.52 887.84 0.2801
138 11.96 494.78 352.68 1050.90 0.9388 161.18 570.73 0.9118 159.63 557.47 0.0738 152.34 558.26 0.9480 129.43 558.11 0.0025 104.68 558.64 0.9789 90.00 604.21 0.9218 53.50 634.67 0.9853 115.74 629.50 0.8658 43.23 729.72 0.9603 165.80 599.08 0.9604 138.46 719.65 0.9908 149.61 786.42 0.9292 124.41 812.51 0.9758 216.55 858.87 0.8666 217.72 890.93 0.9663 251.20 975.88 0.7541 271.22 1006.00 0.8954
139 272.00 560.48 582.45 1079.58 0.9399 405.34 609.57 0.9501 396.27 598.01 0.1405 391.68 604.51 0.9737 359.60 606.57 0.0070 353.34 623.88 0.9862 331.46 664.75 0.9740 343.43 705.45 0.9816 302.77 749.36 0.9411 371.77 800.68 0.9498 296.32 803.17 0.9444 422.35 800.66 0.9818 372.20 813.03 0.9881 359.08 845.04 0.9889 461.68 835.56 0.9942 380.26 947.04 0.9933 522.42 935.00 0.9877 328.74 1044.36 0.9696
140 483.33 505.87 675.05 989.45 0.9257 570.20 541.75 0.9412 563.69 531.72 0.1400 556.91 538.45 0.9730 540.32 542.29 0.0073 529.25 562.63 0.9774 541.92 601.40 0.9290 527.97 637.40 0.9954 564.83 668.86 0.7960 542.90 734.31 0.9957 609.21 688.67 0.9745 592.30 807.29 0.9954 572.25 752.65 0.9678 568.86 771.60 0.9884 593.54 831.67 0.9898 625.38 849.94 0.9964 579.05 927.92 0.9697 613.77 945.55 0.9815
141 611.93 503.60 860.19 935.28 0.9180 747.18 533.54 0.9277 743.11 525.71 0.1151 735.93 530.86 0.9465 718.03 537.85 0.0196 712.01 554.29 0.9746 710.98 586.34 0.9857 712.42 621.32 0.9953 739.11 624.94 0.9050 704.41 702.95 0.9583 791.03 615.18 0.9732 708.07 775.08 0.9366 718.88 734.63 0.9965 736.49 747.22 0.9974 710.54 820.40 0.9989 797.15 816.11 0.9993 638.37 885.55 0.9893 801.17 903.09 0.9910
142 776.89 480.18 1011.47 931.41 0.9513 901.59 533.23 0.9766 896.93 522.57 0.2415 892.44 526.16 0.9912 865.53 523.58 0.0084 859.41 536.00 0.9941 836.84 569.27 0.9933 862.47 599.13 0.9961 812.86 633.84 0.9843 901.35 668.97 0.9966 800.65 685.67 0.9817 971.31 669.70 0.9933 864.82 706.22 0.9977 866.26 721.73 0.9968 910.90 770.94 0.9969 848.21 813.00 0.9957 953.44 840.04 0.9950 804.98 893.56 0.9838
143 951.79 462.55 1092.29 906.13 0.9204 1050.27 519.10 0.9708 1049.21 507.49 0.1898 1040.26 510.97 0.9881 1029.18 503.46 0.0020 1007.02 513.50 0.9845 1008.87 546.50 0.9622 988.37 572.80 0.9951 1026.62 600.04 0.9008 977.86 657.17 0.9919 1060.63 625.43 0.9754 986.51 734.35 0.9906 1010.87 690.00 0.9840 1007.58 703.26 0.9921 1003.40 771.64 0.9956 1052.64 784.38 0.9973 979.01 852.90 0.9866 1023.85 865.67 0.9872
144 1016.99 471.88 1232.35 904.05 0.9262 1213.71 530.33 0.7462 1211.63 518.91 0.0116 1211.50 521.54 0.8038 1175.59 511.24 0.0054 1187.88 520.78 0.9701 1152.62 546.75 0.9302 1145.04 576.60 0.9976 1156.11 618.30 0.5064 1122.70 660.24 0.9884 1185.96 653.05 0.9079 1134.51 734.28 0.9839 1145.89 694.86 0.9810 1147.17 711.02 0.9950 1140.08 768.46 0.9929 1182.79 786.89 0.9984 1049.71 818.30 0.9713 1170.26 871.45 0.9832
145 1143.04 461.34 1442.04 906.75 0.9379 1343.56 514.06 0.3601 1341.03 504.02 0.0108 1345.66 506.80 0.3947 1298.17 498.02 0.2113 1330.79 508.88 0.9732 1252.55 534.20 0.9981 1309.20 564.81 0.9989 1207.34 592.64 0.9940 1345.37 637.70 0.9985 1171.22 657.83 0.9875 1408.19 668.27 0.9938 1248.48 677.77 0.9988 1273.57 691.76 0.9980 1296.85 747.07 0.9969 1237.64 779.56 0.9947 1317.21 815.51 0.9929 1178.97 862.80 0.9753
146 1312.53 432.75 1479.36 852.42 0.9283 1459.20 484.05 0.1330 1456.98 472.38 0.0038 1462.50 477.26 0.1484 1415.80 462.93 0.2843 1453.43 479.43 0.9671 1374.43 497.47 0.9985 1420.35 539.53 0.9986 1346.69 547.27 0.8578 1397.66 617.11 0.9904 1364.65 582.02 0.6527 1392.72 685.69 0.9733 1354.72 642.04 0.9983 1393.02 659.07 0.9972 1349.93 726.08 0.9982 1433.18 726.38 0.9974 1330.35 816.51 0.9928 1427.12 813.81 0.9889
147 1345.19 411.21 1675.31 820.74 0.9243 1547.66 454.36 0.0389 1543.56 445.95 0.0060 1552.77 448.59 0.0323 1511.41 445.11 0.7458 1555.55 454.93 0.9440 1474.75 489.31 0.9989 1554.88 513.88 0.9981 1422.62 534.82 0.9911 1588.73 584.70 0.9863 1372.11 565.59 0.9687 1639.54 637.73 0.9552 1463.78 627.28 0.9993 1514.63 637.75 0.9989 1452.92 695.38 0.9985 1515.44 710.90 0.9985 1407.13 767.92 0.9944 1495.55 792.06 0.9939
148 1351.24 303.24 1647.87 811.12 0.9226 1521.41 420.11 0.1328 1523.65 414.90 0.0941 1531.99 415.48 0.0132 1527.96 423.28 0.9062 1564.43 422.82 0.3387 1506.09 466.39 0.9985 1579.41 462.40 0.9980 1441.36 461.77 0.9978 1623.39 417.89 0.9911 1385.20 444.11 0.9900 1629.99 359.79 0.9479 1500.06 590.83 0.9986 1546.90 596.77 0.9981 1487.72 653.91 0.9972 1529.04 688.48 0.9974 1484.83 718.93 0.9943 1508.18 771.36 0.9924
149 1453.55 351.70 1572.18 747.76 0.8976 1490.53 397.50 0.5152 1493.59 390.71 0.4442 1494.46 390.70 0.0313 1502.59 396.55 0.9472 1521.18 393.65 0.0918 1492.52 448.24 0.9974 1542.99 424.95 0.9986 1509.47 508.86 0.9921 1558.16 380.22 0.9865 1531.16 562.33 0.9840 1548.30 358.03 0.9685 1492.38 559.85 0.9942 1526.62 553.17 0.9943 1486.06 640.83 0.9900 1504.76 630.46 0.9873 1486.67 715.26 0.9515 1497.67 699.92 0.9549
150 1415.05 325.29 1542.55 693.96 0.9088 1469.02 373.16 0.4379 1470.77 365.31 0.4013 1473.46 366.45 0.0422 1479.94 367.42 0.9068 1500.83 367.68 0.1274 1478.09 415.59 0.9954 1522.99 399.78 0.9962 1482.62 474.67 0.9901 1529.79 373.00 0.9559 1468.30 525.41 0.9877 1517.65 348.26 0.9415 1475.82 520.38 0.9951 1509.19 515.02 0.9932 1432.97 582.28 0.9952 1477.08 580.35 0.9871 1455.78 652.95 0.9667 1466.73 649.03 0.9353
151 1345.77 286.85 1511.53 675.75 0.8863 1428.45 357.23 0.4257 1430.13 351.10 0.4180 1434.92 351.52 0.0308 1438.43 354.63 0.9362 1463.67 353.21 0.0998 1434.26 393.17 0.9971 1481.27 381.71 0.9896 1400.05 426.25 0.9913 1482.11 354.48 0.7880 1371.29 436.51 0.9838 1467.35 323.46 0.7020 1420.74 495.51 0.9979 1458.09 493.59 0.9956 1391.49 547.70 0.9977 1448.40 565.34 0.9968 1379.23 611.61 0.9925 1455.05 640.93 0.9904
152 1270.99 306.18 1534.28 632.53 0.9339 1403.29 333.66 0.0380 1403.91 328.24 0.0449 1409.57 328.85 0.0082 1402.50 330.61 0.9338 1431.31 332.54 0.5907 1382.30 358.38 0.9989 1446.83 368.00 0.9977 1335.13 363.59 0.9961 1481.76 408.08 0.9905 1295.64 350.62 0.9829 1514.07 441.18 0.9792 1382.08 465.00 0.9991 1417.97 466.41 0.9983 1376.41 531.99 0.9958 1398.43 523.85 0.9895 1379.16 599.68 0.9856 1384.79 578.89 0.9775
153 1293.50 282.68 1454.18 580.97 0.9179 1411.58 308.36 0.0593 1411.49 303.03 0.0625 1417.50 304.50 0.0226 1408.01 305.90 0.9002 1434.37 309.71 0.5814 1388.03 338.16 0.9940 1442.01 348.54 0.9933 1353.61 380.92 0.9841 1440.11 400.62 0.9590 1316.51 411.73 0.9765 1438.66 441.84 0.9298 1374.51 431.07 0.9976 1409.16 436.35 0.9972 1356.31 486.22 0.9964 1389.24 501.41 0.9951 1350.36 542.64 0.9838 1373.18 557.40 0.9779
154 1337.02 272.95 1452.88 571.28 0.9146 1410.56 301.11 0.0149 1408.15 295.95 0.0114 1413.87 296.65 0.0094 1396.12 297.82 0.8398 1423.00 300.74 0.7587 1375.19 330.37 0.9967 1433.20 335.30 0.9972 1358.60 373.55 0.9783 1443.70 379.26 0.9423 1347.62 407.48 0.9170 1438.09 383.50 0.6973 1371.58 415.69 0.9973 1405.75 418.26 0.9968 1371.48 465.53 0.9932 1396.09 476.22 0.9920 1370.18 520.10 0.9811 1382.37 530.18 0.9776
155 1345.69 256.13 1453.89 535.99 0.9093 1411.77 281.62 0.0123 1409.46 277.06 0.0099 1416.13 278.18 0.0069 1401.74 280.73 0.8471 1428.74 284.47 0.7177 1384.10 313.37 0.9972 1437.20 317.56 0.9963 1360.84 350.42 0.9757 1443.04 348.01 0.8565 1355.31 378.97 0.8618 1424.29 340.78 0.4169 1377.50 393.80 0.9959 1411.41 394.32 0.9925 1372.42 451.06 0.9938 1408.04 442.54 0.9814 1372.18 512.82 0.9820 1403.76 488.59 0.9657
156 1357.84 238.98 1456.97 512.56 0.9033 1418.01 266.08 0.0159 1416.96 261.59 0.0173 1423.56 261.88 0.0057 1414.75 265.67 0.8530 1440.59 266.15 0.5204 1407.78 299.36 0.9949 1447.40 298.29 0.9851 1396.36 344.16 0.9750 1449.06 332.02 0.4362 1380.03 382.66 0.9348 1431.02 350.22 0.2073 1402.18 376.03 0.9945 1427.28 374.93 0.9861 1383.84 428.48 0.9945 1409.10 426.32 0.9780 1384.49 487.49 0.9881 1401.50 478.75 0.9703
157 1358.29 230.95 1463.65 501.81 0.9069 1424.30 260.66 0.0109 1422.23 255.91 0.0087 1428.28 256.38 0.0067 1415.53 260.54 0.7648 1441.34 261.93 0.6947 1403.98 294.35 0.9945 1450.46 295.29 0.9929 1387.75 335.39 0.9568 1454.47 329.63 0.7404 1373.07 330.71 0.7927 1437.56 330.86 0.2771 1400.27 372.17 0.9943 1430.00 372.76 0.9919 1387.28 422.73 0.9945 1414.77 426.41 0.9906 1380.43 478.50 0.9893 1401.15 479.96 0.9844
158 1350.78 233.24 1454.83 501.59 0.8923 1415.08 258.79 0.0219 1413.53 254.24 0.0217 1418.87 254.61 0.0096 1409.17 258.81 0.8231 1434.48 259.88 0.5802 1400.83 291.47 0.9952 1443.06 291.60 0.9887 1385.23 329.30 0.9796 1439.86 319.18 0.5466 1367.67 312.33 0.9295 1409.99 309.44 0.2254 1393.99 365.99 0.9949 1421.96 367.41 0.9928 1381.98 411.01 0.9936 1409.06 424.09 0.9939 1378.91 454.43 0.9868 1401.02 478.73 0.9880
159 1342.56 226.42 1438.83 476.91 0.8903 1399.05 249.53 0.0386 1398.23 245.05 0.0454 1402.59 244.93 0.0111 1398.04 248.39 0.8424 1420.50 247.97 0.4389 1395.27 278.67 0.9945 1429.66 277.14 0.9765 1383.18 317.75 0.9806 1418.71 308.03 0.3965 1358.86 309.75 0.9519 1383.58 307.41 0.2374 1391.30 348.62 0.9934 1415.49 347.58 0.9836 1379.84 401.02 0.9953 1404.42 399.99 0.9850 1379.84 457.42 0.9880 1403.38 452.80 0.9760
160 1361.97 224.96 1437.92 468.91 0.8395 1390.07 248.27 0.4039 1390.97 243.03 0.4980 1391.92 242.89 0.0350 1399.31 243.66 0.9132 1410.76 242.76 0.0485 1406.32 268.34 0.9927 1425.17 266.09 0.9353 1402.20 303.94 0.9784 1415.98 296.13 0.2825 1381.91 299.59 0.9534 1388.00 299.59 0.2883 1398.68 338.60 0.9861 1416.80 336.19 0.9527 1381.28 391.51 0.9881 1407.00 389.80 0.9569 1379.24 446.33 0.9688 1402.81 439.36 0.9355
